Shot 0:300,505,475,495,410,390,490,500,215,110,485,425,405,360,5,255,340,50,400,190,460,415,375,320,135,285,480,150,180,65,310,20,365,470,200,330,350,125,420,100,170,35,315,335,325,165,305,295,160,
Shot 1:510,515,
Shot 2:530,520,535,525,
Shot 3:580,545,560,590,565,570,550,540,595,575,555,585,
Shot 4:625,605,660,645,600,610,635,655,650,620,630,640,615,
Shot 5:695,675,665,705,685,670,700,710,690,680,
Shot 6:715,720,
Shot 7:725,
Shot 8:745,730,735,740,
Shot 9:750,755,
Shot 10:780,765,790,770,785,760,775,
Shot 11:800,810,805,795,
Shot 12:820,830,815,825,
Shot 13:835,
Shot 14:845,855,850,840,
Shot 15:885,860,895,870,880,890,875,865,
Shot 16:900,
Shot 17:955,985,970,910,965,975,915,990,980,960,905,930,920,950,925,940,945,
Shot 18:1000,995,1005,
Shot 19:1020,1010,1030,1015,1025,
Shot 20:1040,1050,1035,1045,
Shot 21:1060,1055,1065,
Shot 22:1075,1070,1080,
Shot 23:1140,1105,1180,1090,1165,1125,1120,1150,1175,1170,1110,1130,1155,1100,1085,1115,1160,1145,1135,1095,
Shot 24:1195,1210,1205,1185,1200,1190,
Shot 25:1225,1215,1220,
Shot 26:1310,1235,1245,1230,1250,1255,1280,1345,1240,1320,1285,1270,1260,1295,1300,1340,1275,1265,1315,1325,1335,1305,
Shot 27:1350,
Shot 28:1355,
Shot 29:1360,
Shot 30:1365,
Shot 31:1370,1375,
Shot 32:1380,
Shot 33:1385,
Shot 34:1395,1390,1400,
Shot 35:1420,1425,
Shot 36:1430,
