Shot 0:144,9,351,369,252,243,
Shot 1:468,477,459,
Shot 2:1026,693,828,576,1152,711,1044,486,585,594,567,810,927,819,603,702,918,1053,
Shot 3:2043,1881,1602,2268,1476,1278,2502,2376,2619,2727,1251,1818,1494,2160,2484,1269,1935,1377,1368,1719,1827,2259,1386,2142,1926,2718,1710,2385,1836,2493,2286,1809,1485,1701,2034,2601,2052,1359,2511,1467,1944,2169,2151,2061,1611,2277,
Shot 4:3042,2835,2844,2826,2943,2952,3051,
Shot 5:3186,3393,3285,3150,3492,3384,3267,3411,3168,
Shot 6:3510,3600,3609,3501,3546,
Shot 7:3825,3618,4041,3699,3708,3933,3924,4050,3816,3942,3726,3834,
Shot 8:4167,4572,4374,4482,4491,4266,4392,4284,4302,4257,
Shot 9:5040,5256,4815,4716,4581,5274,4923,4914,5148,4941,5265,5157,4707,4806,
Shot 10:5373,5382,
Shot 11:5481,5490,
Shot 12:5598,5499,5607,
Shot 13:5715,5724,
Shot 14:5841,5922,5832,
Shot 15:5931,
Shot 16:5940,6030,5949,
Shot 17:6084,6192,6039,6138,6057,6174,6102,6048,6183,6129,6075,6093,
Shot 18:6237,6264,6228,
Shot 19:6273,6282,
Shot 20:6336,6435,6390,6291,6489,6480,6300,6372,6498,6408,6327,6444,
Shot 21:6858,6561,6750,6642,6921,6705,6768,6597,6741,6903,6759,6813,6606,6660,6867,6543,
Shot 22:7074,7119,6957,6975,7038,7110,7047,
Shot 23:7380,7389,7245,
Shot 24:7713,7587,7893,
Shot 25:8118,
