Shot 0:9,
Shot 1:189,351,270,279,261,162,171,
Shot 2:378,549,657,756,909,639,828,468,459,738,558,648,360,819,540,729,450,837,630,747,369,846,
Shot 3:954,1107,1215,1386,1026,1206,1098,918,1296,1125,1017,1305,1035,1395,1287,927,1197,1314,1224,1008,1116,
Shot 4:1503,1881,1665,1773,1404,1692,1863,1575,1476,1764,1674,1854,1584,1485,1782,1593,1872,1683,1494,1566,
Shot 5:1971,2043,1944,1953,1962,
Shot 6:2907,3006,2691,2250,2061,2421,3096,2160,2538,2817,3267,2799,2331,2502,2142,2988,3078,2052,2520,3186,2241,2412,2322,3177,2700,2232,2610,2718,2619,3069,3168,2151,2889,2808,2511,2133,2880,2979,2430,2349,2709,2601,2997,3087,2628,2790,2898,2529,2079,
Shot 7:3474,3366,3564,3285,3546,3447,3456,3636,3276,3357,3375,3348,3555,3537,3465,
Shot 8:3663,3825,3843,3735,3834,3744,3645,3753,3726,
Shot 9:3951,3942,3960,
