Shot 0:810,864,180,909,549,603,297,558,702,585,738,594,720,540,243,477,288,171,225,657,441,162,198,18,9,72,693,837,666,522,774,252,234,729,684,783,207,342,828,306,216,675,846,747,855,
Shot 1:990,1089,1017,1071,1053,1008,1044,972,
Shot 2:1296,1647,1107,1188,1557,1584,1530,1728,1773,1575,1386,1755,1710,1440,1782,1629,1593,1503,1539,1395,1485,1764,1719,1566,1404,1260,1332,1494,1602,1521,1269,1098,1314,
Shot 3:1800,1818,1791,
Shot 4:1962,1917,1863,1827,1908,1953,1926,1935,1881,1971,
Shot 5:1980,1989,
Shot 6:2007,2016,1998,
Shot 7:2025,2034,
Shot 8:2043,
Shot 9:2052,2070,2061,
Shot 10:2079,2088,
Shot 11:2097,2124,
Shot 12:2214,2250,2151,2142,2178,2232,2133,
Shot 13:2295,2259,2268,2277,
Shot 14:2313,2304,2322,
Shot 15:2331,2340,
Shot 16:2619,2403,2583,2430,2385,2358,2574,2376,2592,2664,2646,2637,2691,2601,2655,
Shot 17:2799,2736,2826,2817,2808,2790,2727,
Shot 18:2835,2853,2889,2880,
Shot 19:2979,2925,3042,2907,2898,3024,2943,2961,3060,2934,
Shot 20:3123,3141,3087,3132,3078,3114,
Shot 21:3267,3303,3159,3222,3195,3258,3177,3276,3285,3240,3294,
Shot 22:3375,3330,3339,
Shot 23:3456,3420,3402,3438,3465,
Shot 24:3474,3501,
Shot 25:3591,3510,3609,3618,3600,3573,
Shot 26:3690,4617,4527,4653,4698,4392,4176,3636,4023,4662,4302,4320,4563,4086,4680,4068,4545,4455,4257,3951,4482,4446,4644,3969,3672,4059,3744,4050,4293,3681,3699,
Shot 27:4707,4716,
Shot 28:4878,4932,4860,4743,4788,4896,4842,4770,4806,4869,4779,4815,4914,4851,4833,4923,4887,4761,
Shot 29:5157,5238,5085,5049,5076,4995,5058,5013,5040,5229,5121,5004,5022,5193,
