Shot 0:9,351,243,315,207,81,279,387,
Shot 1:765,522,702,603,
Shot 2:1854,1044,1386,2592,1908,1539,2034,1395,801,855,1440,1737,1152,2628,1215,1557,927,1827,2385,909,774,1692,2484,2142,1899,1917,2511,2421,1881,1890,2556,783,1845,1116,1035,1863,
Shot 3:2880,2988,2745,2790,2943,2763,2754,2835,
Shot 4:3591,3051,3204,3240,3222,3402,3330,3366,3231,3132,3249,3555,3213,3573,3609,3537,3582,3564,3600,
Shot 5:3627,3708,3690,3699,3717,3618,
Shot 6:3744,3789,3762,3735,
Shot 7:4122,3798,4428,4383,4050,4284,4014,4104,4230,
Shot 8:4806,4482,4869,4923,4842,4581,4860,4554,4932,4851,4788,4896,4833,4608,4761,4527,4878,4797,4905,4509,4815,4635,
Shot 9:6282,5742,5013,5193,5319,5589,6066,5544,5787,5625,5616,6012,5985,5139,5418,5166,4977,5328,5256,5580,5274,5526,5562,5490,5661,5391,5355,5310,5607,5265,5292,5976,6120,5877,5571,5436,5688,5337,5553,6111,6291,
Shot 10:6318,6300,6336,
Shot 11:6939,6516,7371,6534,6354,7389,6597,7218,6687,7299,6750,6903,
Shot 12:7416,7524,7443,7461,7488,7506,7398,7542,7425,
Shot 13:7641,7650,
Shot 14:7704,7686,7695,
Shot 15:7794,7758,7785,7821,7776,
Shot 16:7830,
Shot 17:7839,
Shot 18:7848,
Shot 19:7857,7866,
Shot 20:7920,8037,7974,7875,
