Shot 0:54,261,252,99,27,9,36,
Shot 1:279,270,288,
Shot 2:540,297,333,378,324,315,459,306,342,441,873,423,351,504,405,666,621,369,864,522,477,387,
Shot 3:972,1017,891,1008,999,945,900,918,990,954,
Shot 4:1035,1044,1026,
Shot 5:1170,1062,1080,1053,1089,1206,1224,1071,1215,1197,1098,1161,1179,1134,1188,1107,
Shot 6:1269,1305,1251,1287,1242,1278,1260,
Shot 7:1314,
Shot 8:1332,1350,1323,1341,
Shot 9:1395,1368,1377,1386,1404,
Shot 10:1413,1422,
Shot 11:1440,1449,
Shot 12:1602,2106,1458,2061,1989,1584,2043,1746,1512,1539,1593,2052,1566,1521,1476,2070,1503,1557,1530,1494,2097,2007,1485,1962,1611,2124,
