Shot 0:9,
Shot 1:603,702,477,441,774,396,486,666,450,261,792,747,351,738,765,711,756,630,594,
Shot 2:846,891,810,828,864,882,837,873,819,
Shot 3:1143,1071,1089,1170,1053,1134,1080,1152,
Shot 4:1179,1233,
Shot 5:1296,1323,1314,1287,
Shot 6:1350,1368,1332,1359,1341,
Shot 7:1377,
Shot 8:1404,
Shot 9:1575,1413,1422,1476,1557,1512,1593,1566,
Shot 10:1611,1746,1836,1791,1881,1674,1782,1692,1800,1710,1809,1656,1845,1872,1827,
Shot 11:1890,1899,
Shot 12:2088,2394,2304,2385,2376,1917,2331,2016,1998,
Shot 13:2448,2493,2475,2412,2430,2466,2484,2457,2439,
Shot 14:2520,2502,2511,2529,
Shot 15:2547,2583,2538,2565,
Shot 16:2619,2592,2691,2628,2601,
Shot 17:2700,
Shot 18:2727,2916,2871,2709,2826,2799,2763,2718,
Shot 19:2970,2988,2952,2961,2979,
Shot 20:3015,3006,2997,3024,
Shot 21:3096,3051,3420,3114,3042,3231,3078,3132,3123,3204,3060,3069,3087,3411,3141,3222,3105,3195,3213,
Shot 22:3429,
