Shot 0:18,
Shot 1:36,45,27,
Shot 2:54,72,
Shot 3:90,
Shot 4:99,
Shot 5:117,144,
Shot 6:513,225,351,252,306,315,369,234,342,711,675,378,198,414,360,288,630,477,387,639,684,558,585,450,468,522,702,432,153,405,459,
Shot 7:720,729,738,
Shot 8:954,3834,3897,4419,1926,4662,1944,4329,3015,2673,2376,3105,4104,4788,4005,4500,4059,4266,864,4428,2880,4410,2106,1899,2232,4455,1179,1404,2502,2358,1764,4491,2691,4221,1521,2160,1080,4806,3204,1449,1836,4536,4338,3096,3852,2466,3618,1422,756,3033,3744,3429,3456,4860,3555,1503,3924,2754,2052,3825,2709,3951,3501,3420,3717,1206,1350,4122,1782,4041,2151,3798,4770,783,4185,1728,2196,3573,4077,4689,3321,2007,2025,2412,1953,2295,2097,2997,2727,2250,4275,3636,927,1593,4239,2934,4725,2340,3078,3168,900,1278,4590,2619,3906,3942,3591,3789,2664,2124,3753,4392,945,3186,4554,1980,4644,3384,3681,4248,765,1800,1368,963,981,4842,1854,3141,1476,2133,1224,936,891,2790,2178,1143,3393,2745,2646,1575,2259,2484,4383,2322,4347,2583,2439,4365,3060,3645,1188,1098,2529,2700,
Shot 9:4869,
Shot 10:4887,4923,4905,4896,4878,
Shot 11:4950,
Shot 12:5085,4968,5625,5022,5247,5004,5031,4959,5211,4995,5616,5355,5454,5112,5436,5589,5571,5517,5535,5463,5121,5193,5553,5328,5292,5013,5265,5391,5634,
Shot 13:5661,5706,5643,5652,5688,5697,5670,5679,
