Shot 0:63,261,297,216,198,45,144,117,90,54,
Shot 1:414,378,360,324,
Shot 2:540,630,693,495,450,648,576,675,459,657,639,549,621,
Shot 3:720,747,774,702,
Shot 4:963,801,909,927,846,954,828,981,864,
Shot 5:1017,999,1008,
Shot 6:1053,1026,1071,1116,1098,1062,1125,1080,
Shot 7:1152,1170,1161,1134,1143,
Shot 8:1206,1395,1431,1323,1341,1287,1305,1368,1314,1215,1242,1233,1296,1278,1188,1224,1197,1179,
Shot 9:1449,1440,1458,
Shot 10:1836,1611,2916,3231,1881,3321,1629,1971,3303,2673,2934,1926,2142,3267,1953,1638,1818,2952,2007,2736,1494,1728,1557,2961,2718,1998,1539,1620,2403,1746,2943,1701,2430,2169,1476,2925,2628,2124,1755,1665,1782,2619,1899,1827,1809,1575,1584,
Shot 11:4815,3564,4932,4869,3834,3474,4617,3366,5040,3519,3987,3636,4077,3546,4500,4581,4023,4122,4545,5094,3960,3699,5220,3573,4662,4851,4401,3906,4113,4950,5265,5022,5085,4563,4347,3591,3861,4986,3393,4473,4041,3672,3762,4680,3528,4212,5193,4968,3501,3843,4311,3555,5013,3879,3510,4059,4203,3735,4095,4527,4140,4167,
