Shot 0:135,99,225,18,243,63,72,81,117,171,180,108,45,234,162,90,207,36,54,216,9,153,189,
Shot 1:279,261,252,270,288,
Shot 2:333,315,324,306,
Shot 3:477,423,369,441,432,414,378,387,450,405,396,459,351,486,
Shot 4:495,
Shot 5:513,522,504,
Shot 6:540,
Shot 7:558,585,612,576,594,549,567,603,
Shot 8:621,
Shot 9:657,630,666,639,648,675,
Shot 10:684,711,693,
Shot 11:720,
Shot 12:729,738,
Shot 13:747,
Shot 14:1035,1161,756,810,972,783,873,891,765,909,828,1125,819,846,1134,774,1179,900,1116,1143,864,801,837,918,1089,1107,792,981,1062,999,1152,1053,1044,1017,1080,1008,1026,
Shot 15:1188,
Shot 16:1197,1206,
Shot 17:1215,
Shot 18:1224,1233,
Shot 19:1242,
