Shot 0:9,693,576,603,378,540,261,801,639,459,27,72,783,
Shot 1:1017,945,981,972,963,837,999,1035,918,891,936,
Shot 2:2907,1098,1224,1836,1503,1161,2313,2754,2799,3078,2727,1818,2619,
Shot 3:3483,3393,3222,3420,3816,3654,3726,3699,3465,3942,3780,3735,3753,3609,3690,3627,3402,3384,3870,3645,3672,3807,3474,3501,3186,3447,
Shot 4:4014,4131,4068,3969,
Shot 5:4158,4176,4167,4149,
Shot 6:4194,4230,4203,4239,4185,
Shot 7:4248,
Shot 8:4257,4275,4266,
Shot 9:4500,4284,4302,4482,4293,4374,4536,4410,
Shot 10:5004,4734,5175,5085,5067,4815,4752,5121,5058,4986,4932,4905,5013,5157,
Shot 11:5364,5427,5184,5202,5409,5346,5256,5193,5220,5328,5382,5355,
Shot 12:5517,5832,5436,5598,5463,5580,5751,5589,5481,5625,5499,
