Shot 0:234,945,639,9,963,603,801,36,684,54,99,
Shot 1:1026,981,1008,
Shot 2:1035,
Shot 3:1080,1053,1071,
Shot 4:1251,1125,1278,
Shot 5:1539,1314,1350,1368,1413,
Shot 6:1620,1719,
Shot 7:1737,1773,
Shot 8:1863,1791,1962,1836,1809,1881,1854,
Shot 9:2070,1980,2016,1971,2052,2043,2088,
Shot 10:2943,2745,2862,2205,2385,2835,3015,3006,2925,2934,
Shot 11:3033,3051,3024,
Shot 12:3105,3123,3132,3141,3087,3069,
Shot 13:3150,3177,3186,
Shot 14:3195,
Shot 15:3222,4194,4257,4032,3429,4158,4230,4176,4077,3276,4140,4203,3888,3204,4104,3312,3942,3906,4041,4212,4005,3267,
Shot 16:4284,4266,4275,
Shot 17:4446,4392,4509,4500,4329,4410,4464,4374,4320,4347,4293,4455,4437,
Shot 18:4518,4545,
Shot 19:4563,4572,4554,
Shot 20:4608,4635,4671,4653,4626,4662,4599,4590,
Shot 21:4842,4905,4689,4761,4743,4815,4887,4860,4824,4797,
Shot 22:4914,
Shot 23:6660,7011,5643,7047,6129,6165,4941,4977,6768,5994,6732,4923,5796,7128,6318,6903,7029,6156,6786,6831,6885,5661,6813,6615,6687,6867,
Shot 24:7173,7191,
Shot 25:7209,7218,
Shot 26:8478,7227,7290,7425,8001,7479,7461,7398,8100,7920,8019,7983,7713,7803,8163,7281,8217,8532,8343,8046,7731,8028,8379,7938,8262,8559,
Shot 27:8658,8721,
Shot 28:8739,8829,8793,8757,8730,
