Shot 0:972,360,81,126,1179,1080,1143,1035,522,1107,1017,108,540,594,693,639,36,405,909,549,981,9,234,720,
Shot 1:1224,1269,1341,1350,1251,1278,1197,1215,
Shot 2:1962,1377,2115,1440,1818,1512,
Shot 3:2295,2196,2358,2250,2133,2169,2151,2340,2277,2205,2142,2322,
Shot 4:2475,2376,2529,2502,2520,2448,2439,2538,
Shot 5:2556,2646,2628,2637,2619,2547,
Shot 6:2673,2790,2781,2799,2772,2655,2718,2754,2763,2682,
Shot 7:2871,3024,3042,3087,2952,2979,2844,2835,2808,2862,
Shot 8:3114,3204,
Shot 9:3420,3249,3978,3231,3942,3213,3744,3951,3690,3492,3798,3717,3276,3330,3807,
Shot 10:4221,3987,4059,4122,4140,4167,4482,4203,4158,4509,
Shot 11:4545,4815,4662,4806,4797,4707,4770,4635,4608,
Shot 12:5265,4977,4995,4941,5031,4896,5085,5157,5220,4833,5121,5337,4869,4950,5229,5283,
Shot 13:5895,6300,6318,6363,6399,6435,5472,5976,5616,5589,6327,6039,5634,6426,6453,5751,5499,6012,6264,6372,6174,5967,5796,5733,
Shot 14:6615,6471,6741,6588,
Shot 15:7056,6984,6876,7299,6903,7038,6957,7083,7047,
Shot 16:7785,7389,8091,7335,7362,7866,7659,7371,7956,8064,7722,
Shot 17:8172,8136,8181,
Shot 18:8235,8289,8190,8226,8244,
Shot 19:8460,8388,8478,8514,8469,8379,8424,
Shot 20:8631,8586,8568,8640,8523,
Shot 21:8874,9000,8820,8667,8937,8901,
Shot 22:9504,9765,9711,9810,9054,9720,9702,9315,9693,9117,9729,9090,9612,9567,9270,9171,9792,9306,9801,
Shot 23:10098,10278,10386,9972,9873,10341,9927,10251,10044,10170,10359,10062,
Shot 24:10503,10602,10476,10566,10512,
Shot 25:11520,10953,10611,11133,11385,11727,11682,11403,11673,11160,11601,11511,
