Shot 0:9,63,
Shot 1:1080,189,567,558,324,693,963,207,684,441,576,450,
Shot 2:1215,
Shot 3:1341,
Shot 4:1710,2223,2097,1728,1485,1602,2115,1989,1845,1737,2088,2106,
Shot 5:2232,
Shot 6:2412,2880,2763,2646,2754,2511,2772,2781,2655,2394,
Shot 7:2898,3015,
Shot 8:4680,3447,3204,3744,4419,4500,3231,4014,4140,3609,3951,4158,3537,4527,3222,3771,4554,3483,3096,3996,3798,4356,4041,4194,3843,3330,3420,4068,4743,3240,3852,3897,3582,3465,3393,3312,3357,4473,3195,3834,3555,4266,4590,3942,4545,3663,3600,3681,3627,3474,3294,3573,3321,4392,3870,4716,3546,3645,4482,4491,4581,3258,3915,4428,3636,4734,4698,4518,4383,4689,4131,4149,
Shot 9:5013,5031,5004,
Shot 10:5058,5094,5040,5085,5049,
