Shot 0:378,720,1458,639,162,1296,621,504,531,693,423,342,1431,1269,549,9,657,1476,558,468,405,153,
Shot 1:1485,1530,
Shot 2:1728,3366,3951,2466,3879,1818,1548,2583,3915,3861,3402,1701,3888,1989,1809,3969,3690,1719,3618,1926,
Shot 3:3987,4329,4167,4113,4320,4239,4104,4203,4032,4005,
Shot 4:4608,4338,5850,5778,4374,5121,4815,4401,5661,4554,5004,5832,4482,4770,4518,5868,4572,4383,5688,5886,5391,5229,4842,5274,5040,5508,4590,
Shot 5:5904,5940,5922,
Shot 6:5967,
Shot 7:6084,5976,6174,6147,6120,
Shot 8:6300,6201,6237,6264,6255,6273,6282,6192,6327,6219,6291,
Shot 9:6444,6363,6831,6381,6345,6894,6777,6417,6804,6885,6462,6453,
Shot 10:8199,7470,7677,7866,7101,8037,7749,7650,6948,8010,8100,7605,7929,7974,7794,7848,8064,8127,6966,7155,7011,7083,8217,8145,8082,7362,8154,8163,8190,
Shot 11:8694,8622,8235,8433,8775,8280,8388,8595,8721,8631,
Shot 12:9450,8784,9018,9855,8802,9837,9792,9162,8829,8901,9657,9297,9738,9117,9639,9405,9468,9576,9621,8865,8820,9378,9324,9549,9432,9504,9558,9522,9351,9630,
Shot 13:10386,10197,10134,10161,10080,10215,10179,9873,10206,10116,10440,10332,9963,10143,10269,10305,10026,10368,10098,
Shot 14:11097,11430,10827,10674,10710,10476,11340,11367,10701,11160,10728,10692,11412,11385,11322,10719,10791,11286,10872,10530,10737,10755,10620,11214,11133,11070,10539,
Shot 15:11493,11538,11511,11520,11448,
Shot 16:11574,11556,11610,11601,11565,11583,
Shot 17:11718,11628,11763,11790,11880,11682,11997,
