Shot 0:36,9,27,
Shot 1:54,72,63,45,
Shot 2:378,846,90,135,819,801,261,432,234,
Shot 3:864,882,
Shot 4:1089,1161,909,891,1143,936,1098,1080,
Shot 5:1260,1170,1233,1278,1251,
Shot 6:1305,1377,1395,1341,1314,
Shot 7:1638,1431,1755,1764,1485,1440,1827,1665,
Shot 8:2529,2583,
Shot 9:2628,2637,
Shot 10:2844,2889,2880,2655,
Shot 11:2907,2916,
Shot 12:3204,3258,2943,3240,3249,3096,
Shot 13:3420,3528,3456,3294,3474,3348,3321,3267,3357,3276,3438,3501,3465,3375,3402,3483,3429,
Shot 14:3726,3915,3861,3591,3753,3744,3834,3780,3699,
Shot 15:3924,4068,4095,3987,3969,4032,4005,3978,3942,4050,3933,4023,4077,4059,3951,
Shot 16:4158,5787,5724,5967,5868,5850,4113,4887,4293,4590,4410,5193,4644,5814,5130,
