Shot 0:207,9,225,198,
Shot 1:270,306,288,252,315,297,279,261,
Shot 2:495,324,639,369,360,585,387,630,594,504,423,567,477,
Shot 3:702,1611,990,1206,828,1377,972,1080,837,648,1503,981,846,1188,1215,747,1071,738,1494,1629,1368,1620,999,1089,729,1197,657,
Shot 4:1728,1692,1899,1683,1827,1638,1710,1665,1674,1818,1647,1719,1701,1836,1737,1764,
Shot 5:2124,2016,2070,1908,2079,2196,2088,2178,1944,
Shot 6:2322,2205,2331,2214,2223,
Shot 7:2340,
Shot 8:2691,2349,2700,
Shot 9:2709,
Shot 10:2799,2898,2961,2781,2880,2790,2889,2835,2907,2844,
Shot 11:2979,3114,2970,
Shot 12:3249,3123,3186,3141,3258,
Shot 13:3456,3906,3717,3627,3357,3834,3528,
Shot 14:3933,4014,3915,4086,3924,3996,3969,4023,
Shot 15:4104,4284,4266,4320,4257,4275,4095,
Shot 16:4338,4347,
Shot 17:4356,4365,
Shot 18:4464,4374,4662,4518,4536,4455,
Shot 19:4797,4851,4788,
