Shot 0:45,135,126,144,18,9,117,72,90,108,54,81,63,99,27,36,
Shot 1:153,
Shot 2:207,180,234,243,162,198,225,171,189,216,
Shot 3:279,378,315,252,450,297,306,270,342,324,261,
Shot 4:459,
Shot 5:468,486,
Shot 6:531,549,585,
Shot 7:603,612,
Shot 8:621,
Shot 9:639,765,702,684,648,630,
Shot 10:774,
Shot 11:783,801,
Shot 12:855,
Shot 13:945,909,918,963,927,954,936,
Shot 14:1053,
Shot 15:1080,
Shot 16:1179,1323,1395,1278,1503,1233,1368,1134,1458,1530,1098,1422,1251,1305,1161,1269,1404,1206,1512,1188,1116,1170,1521,1413,1197,1215,1143,1107,1431,1089,1125,
Shot 17:1539,1548,
Shot 18:1566,1584,1557,1593,1575,
Shot 19:1638,1692,1620,1602,1656,1611,1665,1683,1674,1647,1629,
Shot 20:1908,1782,1935,1881,1719,1800,1701,1854,1746,1917,1863,1818,1926,1755,1845,1737,1728,1899,1710,1872,1827,1890,1791,1764,
Shot 21:2106,2070,1998,2142,2016,2133,2115,2079,2052,2025,
Shot 22:2169,2151,2178,
