Shot 0:909,9,792,1224,1701,1926,828,657,756,576,1503,558,621,
Shot 1:1962,1944,1953,1971,
Shot 2:2007,2016,
Shot 3:2088,2025,2313,2124,2250,2169,2340,2214,2142,2295,2115,2106,2322,2070,2304,2097,2079,
Shot 4:2520,2421,2484,2385,2502,2403,2511,2529,2457,
Shot 5:2682,2556,2844,2538,2673,2835,2817,
Shot 6:2934,2961,3087,2970,2979,3078,3096,2997,2952,
Shot 7:3159,3195,3177,3186,3150,
Shot 8:3276,3213,3294,3267,
Shot 9:3303,3312,
Shot 10:3321,3330,3339,
Shot 11:3456,3429,3438,3510,3501,3375,3357,3447,3420,3393,3483,3465,3348,
Shot 12:3519,
Shot 13:3537,3528,3555,3564,3546,
Shot 14:3699,3609,3636,3663,3735,3681,3645,3717,3690,3600,
Shot 15:3753,3780,
Shot 16:3798,
Shot 17:3807,3816,
Shot 18:3852,3888,3924,3834,3870,3897,3906,3879,3861,3843,
Shot 19:3996,3942,3969,4023,3960,3978,3987,4005,
Shot 20:4104,4149,4086,4122,4068,4140,4077,
Shot 21:4320,4158,4338,4257,4329,4302,
Shot 22:4356,4437,4347,4365,4401,4419,
Shot 23:4491,4527,4518,4500,4455,
Shot 24:4536,
Shot 25:4590,4545,4554,
Shot 26:4608,4599,4617,
Shot 27:4626,4635,
Shot 28:4743,4680,4662,4716,4734,4725,4761,4779,4707,4770,4752,
Shot 29:4806,4788,4797,4815,
Shot 30:4833,5004,4932,4941,4851,
Shot 31:5148,5157,5130,
Shot 32:5229,5355,5175,5274,5301,5166,5184,5265,5283,5346,5373,5193,5247,
Shot 33:5652,5670,5454,5661,5517,
Shot 34:5832,5724,5697,5679,5733,5814,5760,5823,5715,5751,5778,5688,5769,5805,5796,5706,5787,5742,5841,
Shot 35:5850,
Shot 36:5877,5859,5868,
Shot 37:5886,
Shot 38:5931,5895,5904,5940,5922,
Shot 39:5949,
Shot 40:5958,
Shot 41:5985,6057,6066,6039,5967,6012,5994,5976,
Shot 42:6192,6075,6102,6147,6111,6084,6219,6138,6210,6174,
Shot 43:6264,6372,6336,6309,6363,6282,6255,
Shot 44:6417,6534,6489,6390,6480,6453,6498,6381,6435,6507,6408,
Shot 45:6579,6660,6633,6615,6597,6606,6651,6687,6588,6561,
Shot 46:6759,6786,6732,6714,6795,6741,6750,
Shot 47:6804,6813,
Shot 48:6894,6822,6858,6831,6867,6939,6876,
Shot 49:7281,7398,7047,7371,7344,7200,6984,7290,
Shot 50:7884,7731,7551,7443,7857,7695,7812,7776,7911,7524,7668,7893,7875,
Shot 51:7947,7983,8001,7965,7929,7938,8010,
Shot 52:8325,8280,8037,8253,8154,8172,8244,8334,
Shot 53:8487,8379,8685,8676,8550,8523,8613,8559,8415,8541,8442,8451,8505,8469,8406,
Shot 54:8739,8757,
Shot 55:8793,8811,
Shot 56:8883,9063,8964,8829,8910,9009,9027,8928,8991,8856,8901,8973,9000,8874,8955,8892,8847,8838,
Shot 57:9108,9135,9081,9126,9099,
Shot 58:9360,9378,9369,9144,
Shot 59:9540,9432,9459,9522,9414,9396,9495,9558,9468,9531,9549,9387,
Shot 60:9603,9585,9576,9612,9594,
Shot 61:9630,
Shot 62:9639,
Shot 63:9738,9810,10008,9972,10080,9918,10035,9954,9999,9756,9837,10017,9693,9900,9666,9801,9765,
Shot 64:10161,10377,10314,10233,10206,10179,10089,10188,10269,10125,10170,10107,10224,10134,10197,10296,10395,10143,
Shot 65:10620,10539,10764,10800,10737,10575,10719,
Shot 66:10917,10827,10881,10863,10935,10854,10908,10890,10926,
Shot 67:11115,10944,11142,
Shot 68:11214,11187,11196,11223,
Shot 69:11331,11430,11349,11412,11376,11232,
Shot 70:11475,11502,11484,11493,11439,
Shot 71:11592,11691,11511,11673,11520,11736,11718,11529,11637,11538,11565,11709,11727,11619,11583,11601,11700,11547,11655,11628,11556,11646,
Shot 72:11853,11790,11772,11808,11880,11835,11871,11817,
Shot 73:11907,12042,11988,12015,11952,11898,
Shot 74:12132,12267,12186,12159,12150,12213,12168,12240,12177,12114,12141,12195,12105,12123,
Shot 75:12366,12429,12411,12330,12384,12393,12420,12375,12357,
Shot 76:12438,12447,
Shot 77:12474,12456,12465,
Shot 78:12492,12501,12483,
Shot 79:12582,12627,12555,12609,12591,12573,
Shot 80:13500,12636,13041,12960,12996,13410,12798,13698,13293,13599,13419,13176,13014,13338,13464,13572,13545,13635,13383,13482,13527,
Shot 81:13986,13734,13941,13806,13950,13932,13959,13914,13968,13977,14058,
Shot 82:14328,14229,14463,14292,14409,14067,14346,14310,14175,
Shot 83:14490,
Shot 84:14553,14589,
Shot 85:14697,14652,15039,14688,14706,
Shot 86:15291,15183,15210,15318,15156,15282,15300,15327,
