Shot 0:387,315,324,414,459,396,
Shot 1:684,729,720,558,522,702,594,
Shot 2:747,738,756,
Shot 3:819,909,846,792,
Shot 4:1107,1170,1134,1035,
Shot 5:1233,
Shot 6:1287,1395,1368,1386,1359,1350,1260,1269,1278,1305,
Shot 7:1413,
Shot 8:1629,1656,1566,1638,
Shot 9:1836,1710,1926,1935,1827,1845,1809,1818,
Shot 10:2043,1998,1980,1953,2034,2052,
Shot 11:2286,2097,2151,2349,2115,2241,2205,2259,2178,2133,2079,2340,2268,2169,
Shot 12:2403,
Shot 13:2412,2583,2421,
Shot 14:3042,3132,3006,
Shot 15:4302,3303,3942,4086,3528,3564,4617,3627,4140,4077,3978,4545,3483,3393,4068,4401,4248,4185,4095,4500,4572,3960,4059,4464,4365,4383,3501,4482,4275,4473,4581,4338,
Shot 16:4977,5022,4995,
Shot 17:5049,5121,5085,
Shot 18:5148,5130,5139,5319,5202,
Shot 19:5544,5391,5472,5427,5823,5355,5589,5634,5490,5508,5661,5382,5760,5445,5562,5796,5499,5652,5409,5679,5814,5553,5373,
Shot 20:5931,6012,5958,5976,5922,
Shot 21:6084,6543,
Shot 22:6561,
Shot 23:6903,
Shot 24:7101,
Shot 25:7659,
Shot 26:7776,
Shot 27:7848,
Shot 28:8064,
Shot 29:8388,
Shot 30:8676,8496,8712,
Shot 31:8721,
Shot 32:8775,8757,8766,8820,
Shot 33:9495,9828,10143,10098,8955,9234,10332,9054,9144,10269,9981,9621,9207,10305,10170,9306,10044,10233,9468,9459,10107,9504,10125,8838,9423,9009,
Shot 34:10386,10647,10593,10773,10512,10539,10530,10863,10575,10611,10350,10629,10737,10503,10584,10818,10845,10620,10872,10458,10413,
Shot 35:10980,11313,10881,11214,11331,11295,11322,11106,11169,10953,11178,11052,11007,
Shot 36:11340,11349,
Shot 37:11538,11457,11475,11511,11358,11601,11583,11520,11430,11466,
Shot 38:11610,
Shot 39:11646,11619,11628,11673,11655,11637,
Shot 40:11745,11700,11736,11727,11754,
Shot 41:11763,12024,11916,11970,11790,12015,11907,11781,11889,
Shot 42:12069,12078,
Shot 43:12168,12330,12231,
Shot 44:12645,12762,12618,
Shot 45:13644,13014,13302,14580,14454,14301,12789,14535,13581,13815,12834,13860,13005,13167,13698,14571,13104,13977,13572,14481,13122,13356,14337,
Shot 46:14589,
