Shot 0:9,
Shot 1:639,1818,1602,1224,1791,1755,1269,936,1161,270,1332,1251,1143,423,1044,711,1017,1620,1800,441,1773,963,918,702,1728,387,351,396,1233,171,1746,684,369,612,513,1674,432,153,1305,
Shot 2:1836,1890,1881,1827,1863,1908,1845,
Shot 3:2610,1953,2682,2295,2169,2097,2349,2331,2502,2016,2268,2403,2511,2322,2358,2529,1935,1962,2664,2574,2313,1917,2142,1980,2367,2637,2601,2592,2583,1971,
Shot 4:2745,2808,2709,2763,2718,2700,2754,2736,
Shot 5:2898,3213,2817,3177,3195,3006,2871,3168,3222,
Shot 6:3636,3744,3429,3717,3447,
Shot 7:4302,4491,3762,3942,4473,4410,4572,3951,4437,3825,4392,4104,3924,4419,3897,4455,4311,4320,4293,3789,4518,3906,3888,3960,4401,4464,
Shot 8:4815,4968,4662,4770,4905,4617,4671,4959,4707,4842,
Shot 9:4995,5121,4977,5031,5013,5004,4986,
