Shot 0:27,342,369,351,9,90,36,45,
Shot 1:522,387,423,477,396,486,495,513,558,405,531,414,
Shot 2:1170,1251,756,1215,891,1197,1233,1179,1062,
Shot 3:3087,2061,1476,2547,1890,2754,1854,3132,2727,2889,2799,2511,2376,2700,1809,3060,1908,1872,2142,3114,1827,2790,3078,3105,3069,3096,
Shot 4:3330,3258,3150,3168,3285,3222,3303,3276,3267,3348,3294,3321,3312,3339,
Shot 5:5283,4617,3618,4023,3861,4635,4302,5319,3474,3735,4671,4140,4554,3906,4653,5301,4725,3789,4626,5310,5292,
Shot 6:5535,5328,5337,5517,5598,5472,5346,5490,5571,
Shot 7:5634,5652,
Shot 8:5670,5661,5679,
Shot 9:5850,5868,5814,5859,
Shot 10:5913,5877,5886,5895,5904,5922,
Shot 11:6030,5958,5940,5976,6039,
Shot 12:6084,6048,6066,6057,6075,6093,
Shot 13:6471,6165,6282,6228,6498,6372,6480,
Shot 14:7074,6831,6606,7128,6579,6525,6561,6786,6507,7119,7038,6903,6813,
