Shot 0:243,99,9,135,207,90,279,45,108,180,225,261,126,27,252,234,270,198,
Shot 1:324,288,351,297,
Shot 2:360,369,
Shot 3:396,414,441,423,378,432,387,
Shot 4:450,459,
Shot 5:486,513,522,495,
Shot 6:549,531,558,
Shot 7:657,594,711,567,621,702,576,612,630,693,684,648,666,
Shot 8:720,
Shot 9:729,738,
Shot 10:936,2079,765,1350,963,2007,846,855,1467,1962,981,1053,1755,1305,2043,1926,1557,1233,1260,1539,2061,1296,1584,1107,810,864,1953,1071,1944,1989,1278,1980,972,1251,1206,1818,1062,1314,1440,1512,990,1485,756,1566,954,1656,891,1323,1224,918,1179,1269,1089,1377,1341,873,1125,
Shot 11:2097,2106,2088,
Shot 12:2115,2124,
Shot 13:2151,2178,2205,2223,2268,2169,2232,2196,2214,2250,2142,2133,
Shot 14:2340,2277,2304,2322,2286,2331,2295,2349,
Shot 15:2412,2448,2358,2439,2421,2376,2430,2394,
Shot 16:2466,2574,2628,2556,2601,2511,2592,2529,2547,2610,2502,2475,
Shot 17:2655,2646,2637,
Shot 18:2826,2790,2664,2700,2889,2862,2682,2736,2799,2880,2772,2808,
Shot 19:2907,2961,2934,2943,2952,2925,2898,
Shot 20:3123,2997,3177,3222,2979,2970,2988,3078,3015,3168,3114,3042,3195,3159,3231,3024,3060,3141,3105,3033,3132,3150,
Shot 21:3249,3411,3402,3438,3339,3420,3456,3312,3447,3393,3330,3429,3294,3240,
Shot 22:3465,
Shot 23:3501,3690,3663,3627,3483,3672,3591,3645,3474,3492,
Shot 24:3771,3699,3717,3735,3744,3762,3807,3753,3780,
Shot 25:3861,3834,3843,3816,3825,3852,
Shot 26:3888,
Shot 27:3915,3897,4023,3906,3978,3996,3933,
Shot 28:4059,4131,4113,4122,4095,4032,4041,4077,
Shot 29:4140,4194,4203,4212,4185,4221,4257,4248,4167,4149,
