Shot 0:9,162,
Shot 1:765,306,720,486,189,315,225,324,243,738,261,801,711,729,387,747,207,252,657,360,198,234,648,792,756,774,
Shot 2:810,
Shot 3:819,
Shot 4:855,837,828,864,846,
Shot 5:873,
Shot 6:882,891,
Shot 7:927,900,954,945,918,936,
Shot 8:963,
Shot 9:981,999,972,
Shot 10:1017,1044,1008,1035,1026,
Shot 11:1053,
Shot 12:1080,1062,1071,
Shot 13:1089,
Shot 14:1107,1116,1098,
Shot 15:1152,1188,1134,1179,1143,1197,1206,1161,1125,
Shot 16:1215,1224,
Shot 17:1233,
Shot 18:1242,
Shot 19:1296,1413,1512,1377,1557,1251,1386,1260,1458,1269,1467,1548,1485,1359,1278,1323,1395,1341,1305,1287,1404,
Shot 20:1809,2241,2214,2286,1719,1638,2223,2277,1710,2196,1674,1746,2250,1962,2232,1656,1728,2187,1872,1818,1836,1773,1737,
Shot 21:2304,2322,2295,2313,
Shot 22:2331,2340,
Shot 23:2349,
Shot 24:2448,2700,2385,2421,2655,2664,2646,2727,2358,2394,2799,2556,2403,2412,2376,2475,2619,2754,2430,2709,2637,2745,2439,2457,2718,2367,
Shot 25:2844,2808,2898,2817,2826,2880,2862,2853,2835,
Shot 26:2943,2961,2925,
Shot 27:2979,
Shot 28:2988,2997,
Shot 29:3006,
Shot 30:3033,3024,3051,3042,3060,3015,3069,
Shot 31:3150,3195,3186,3096,3078,3132,3168,3177,3087,3105,3141,3159,
Shot 32:3213,3231,3240,3222,3204,
Shot 33:3276,3249,3303,3258,3294,3267,
Shot 34:3357,3348,3321,3312,3339,3330,3366,
