Shot 0:459,9,486,423,
Shot 1:558,495,504,513,522,567,540,
Shot 2:585,576,594,
Shot 3:603,702,684,675,666,693,657,630,648,612,
Shot 4:765,729,711,783,738,720,756,774,
Shot 5:819,792,828,801,810,
Shot 6:909,936,1017,945,972,927,963,999,846,990,1008,882,981,918,
Shot 7:1062,1071,1089,1035,1053,1098,
Shot 8:1107,1116,
Shot 9:1143,1170,1161,1125,1152,
Shot 10:1368,1512,1179,1485,1188,1476,1494,1530,1467,1503,1224,1521,1197,1260,1440,1458,1377,1296,1323,1413,1359,
Shot 11:1566,1539,1575,1548,
Shot 12:2232,1827,1656,2034,1773,1953,2088,1863,2439,2511,1620,1917,2016,1998,1593,2529,2061,2277,2421,1962,2169,1701,1809,1836,1683,2214,2403,2106,2205,2430,1854,2115,2457,1926,2223,2241,
Shot 13:2673,2979,2799,2583,2943,2988,2916,2889,2646,2826,2763,2808,2781,2952,2664,2790,2700,2610,
Shot 14:2997,
Shot 15:3033,3006,3024,
Shot 16:3069,3042,3177,3195,3204,3159,3096,3060,
Shot 17:4158,3510,3357,3393,3618,3222,3735,3438,3681,3285,3411,3375,3249,3699,3798,3321,3780,3429,3915,3717,3456,3366,3528,3591,3960,4302,3879,4185,3474,3762,3744,4014,3924,3807,3384,3852,3402,4059,3645,3708,3663,4113,4086,3672,3339,3231,4041,3789,3276,4320,3870,4230,4167,
Shot 18:4428,4437,4419,
Shot 19:4446,
Shot 20:4455,
Shot 21:4464,
Shot 22:4482,4500,4491,
Shot 23:4554,4509,4599,4545,4527,4572,4590,4563,
Shot 24:4608,4626,
Shot 25:4815,4725,4635,4869,4689,4788,4653,4671,4734,4860,4680,4797,4824,
Shot 26:4896,4923,4878,4914,
Shot 27:4941,4959,4950,
Shot 28:5121,5040,4977,5157,5085,5148,4986,5094,5103,5004,5130,5112,
Shot 29:5193,5184,5202,
Shot 30:5409,5220,5238,5283,5571,5490,5265,5328,5472,5229,5364,5310,5247,5535,5301,5346,5454,5427,5391,5256,5319,5517,
Shot 31:5598,5634,5652,5616,5589,5607,
Shot 32:6093,5688,5724,5967,5796,5931,5850,5706,5976,5877,6012,6300,5778,5715,6228,6165,6282,5832,6264,5805,6129,6246,6183,6003,6021,6192,6273,6048,5868,6075,
Shot 33:6453,6696,6327,6390,6624,6660,6417,6354,6426,6651,6408,6471,6336,6462,6444,
Shot 34:6705,6714,
Shot 35:7965,6723,6930,
Shot 36:8433,8316,8379,8415,8451,
Shot 37:8532,8955,8595,8991,8820,8559,8928,8667,8541,8982,8514,8577,8937,8964,8523,
Shot 38:9045,9000,9054,9027,
Shot 39:9189,9144,9162,9207,9117,9216,9180,9153,9126,9198,
Shot 40:9522,9306,9477,9234,9378,9252,9279,9486,9459,9531,9495,9513,
Shot 41:9549,
Shot 42:9576,9603,9558,9567,9594,9585,9612,
Shot 43:9729,9648,9819,9666,9684,9801,9693,9702,9810,9765,9720,9747,9738,
Shot 44:9882,9846,9828,9855,9864,
Shot 45:9909,9891,10017,9936,
Shot 46:10035,10053,
Shot 47:10125,10062,10098,10134,
Shot 48:10161,10197,
Shot 49:10224,
Shot 50:10485,10251,10305,10566,10449,10350,10287,10404,10458,10377,10557,10530,10314,10467,10521,10503,10494,
Shot 51:10575,
Shot 52:10593,10611,
Shot 53:10638,10755,10728,10746,10692,10656,10620,10737,
Shot 54:10764,
Shot 55:10773,
Shot 56:10836,10809,10800,10791,10854,10827,10845,
Shot 57:10872,10890,
Shot 58:10935,10899,10971,10962,10980,
Shot 59:10989,10998,
Shot 60:11007,
Shot 61:11052,11025,11043,11061,
Shot 62:11070,11079,
Shot 63:11142,11088,11151,11106,11115,
Shot 64:11160,
Shot 65:11169,11178,
