Shot 0:9,18,
Shot 1:45,
Shot 2:954,81,909,720,99,1233,405,1152,531,1242,981,837,567,315,1026,342,1170,810,918,945,621,855,873,711,513,1143,801,549,783,1161,1215,63,1071,765,828,360,738,819,90,
Shot 3:1269,
Shot 4:1638,3249,2961,1557,1620,1827,1971,1629,2826,3375,1386,2601,1521,2745,1368,1476,2367,2799,2187,3276,3402,1494,3285,3429,2898,3042,1656,3348,2637,2349,2484,1593,2385,1566,2781,1881,2376,2169,1854,2124,2142,3267,1989,3321,2871,3411,1584,2628,2466,3024,3114,1449,2412,2403,2502,1575,1710,3051,3006,1728,2331,1647,2025,1341,1773,2673,2970,3240,1962,2691,2709,2907,3204,1467,1809,2178,
Shot 5:3447,3465,
Shot 6:3537,3573,3582,3564,3591,3483,
Shot 7:3627,3600,3735,3609,3663,
Shot 8:3825,3843,3789,3762,3753,3807,3744,3780,3834,3879,
Shot 9:3897,4014,3978,3960,4050,4041,3924,
Shot 10:4095,
Shot 11:4176,4158,4185,4392,4149,
Shot 12:4437,4518,
