Shot 0:9,
Shot 1:72,63,90,
Shot 2:135,216,261,207,198,126,225,144,
Shot 3:279,405,396,270,288,
Shot 4:522,450,468,558,504,549,540,459,495,513,432,423,531,477,
Shot 5:612,567,576,630,585,603,
Shot 6:639,
Shot 7:648,
Shot 8:702,765,666,729,738,675,711,
Shot 9:792,837,774,801,828,
Shot 10:1170,1071,891,927,1053,1098,972,954,918,1017,990,864,1080,1125,1044,945,1278,855,882,1107,1008,1026,1260,1134,1197,1233,1269,1161,1143,1206,1224,
Shot 11:1476,1440,1323,1305,1314,1404,1359,1566,1422,1458,1521,1467,
Shot 12:1845,1575,1773,1656,1746,1647,1710,1800,1836,1764,1737,1584,1890,1719,1863,1854,1683,
Shot 13:1908,1917,
Shot 14:1935,
Shot 15:2025,1998,2043,2007,2034,2016,1989,
Shot 16:2070,2088,2052,2061,2079,
Shot 17:2313,2232,2097,2295,2142,2124,2358,2160,2115,2349,2214,2304,
Shot 18:2385,2394,
Shot 19:2430,2475,2403,2457,2466,2421,2439,
Shot 20:2700,2844,2970,3177,3042,2520,3204,3168,2556,3159,3015,3186,2790,2952,3150,3141,2925,2583,2484,2988,2547,2646,2565,2493,2808,2898,2853,2961,2673,2718,
Shot 21:3357,3321,3393,3213,3312,3276,3456,3330,3447,3294,3420,3366,3267,3438,3303,3402,3222,3384,
Shot 22:3483,3492,3510,3474,3501,
Shot 23:3555,3564,3546,
Shot 24:3582,3645,3663,3699,3636,3618,3600,3609,3573,3591,
Shot 25:3717,3816,3708,3762,
Shot 26:4050,4599,4140,4635,4680,3825,4095,4104,4527,4014,4167,4608,4383,4311,4131,3852,4275,4149,4356,4185,4653,4113,4239,3969,4293,4338,4302,4662,3942,4320,4176,4158,3879,4023,4203,4347,4194,3987,4077,3861,4374,3888,4032,3978,4086,3870,4041,4284,4068,4059,4266,4392,
Shot 27:4707,4716,4689,
Shot 28:4752,4734,4815,4869,4743,4761,
Shot 29:4941,5004,4986,5013,4914,
Shot 30:5022,5058,
Shot 31:5112,5130,5157,5094,5148,5085,
Shot 32:5211,5166,5202,5184,5220,
Shot 33:5391,5310,5814,5715,5238,5355,5445,5805,5652,5499,5373,5481,5607,5337,5454,5292,5589,5508,5670,5634,5769,5346,5364,5382,5688,5418,5796,5328,5436,5400,5409,
Shot 34:5823,5832,
Shot 35:5868,5895,5841,5877,
Shot 36:6012,6210,6309,6120,6228,6273,5922,5940,6165,5958,6246,5931,6129,6147,5904,6255,6192,5976,6093,6021,5967,
Shot 37:6372,6408,6390,6318,6399,6336,6381,
Shot 38:6462,6516,6498,6444,6507,6534,6417,6453,
Shot 39:6552,6633,6588,
Shot 40:6903,6867,6696,6921,6966,6993,6975,6678,6957,6687,6894,6912,
Shot 41:7128,7443,7371,7335,7641,7227,7389,7020,7308,7065,7497,7353,7164,7191,7038,7551,7398,7290,7146,7011,7101,7254,7326,7317,
Shot 42:7668,7650,7659,7677,
Shot 43:7731,7686,7812,7785,7722,7695,7713,7758,7704,
Shot 44:7857,7821,7884,7839,7866,7875,7848,7830,
Shot 45:7902,7893,7911,
Shot 46:7956,7920,7983,7929,7974,7965,7938,7947,
Shot 47:8154,8136,8100,8271,8091,8073,8118,7992,8226,8289,8046,8001,8190,8127,8280,8082,8145,
Shot 48:8379,8640,8325,8559,8604,8433,8343,8685,8658,8334,8613,8307,8586,8676,8703,8415,8523,8622,8352,8595,8370,8388,
Shot 49:8721,8739,8748,8712,
Shot 50:9000,8874,9243,9108,8955,8811,8757,9189,9207,8829,8784,8928,9225,8982,9180,8793,8820,8766,8946,9072,8901,8847,
Shot 51:9324,9360,9405,9369,9252,9378,9468,9261,9270,9459,9387,9477,9333,9279,9315,
Shot 52:9495,
Shot 53:9612,9504,9567,9576,9585,9630,9513,9594,9603,9621,
Shot 54:9657,9639,9720,9711,9648,
Shot 55:9864,9729,9792,9927,9945,9900,9801,9783,9936,9873,9738,9819,9747,9828,9810,9855,
Shot 56:9963,
Shot 57:9972,10044,9981,
Shot 58:10251,10116,10170,10332,10089,10071,10206,10134,10143,10062,10053,10125,10107,10098,10215,10278,
Shot 59:10377,
Shot 60:10503,10521,10485,
Shot 61:10539,
Shot 62:10683,10593,10620,10665,10719,
Shot 63:10755,
Shot 64:10926,10809,10881,10854,10890,10908,
Shot 65:10962,
Shot 66:11304,11115,11061,11232,11160,11250,11034,11088,11043,11268,11322,11106,11133,11277,11259,11295,11313,
Shot 67:11331,
Shot 68:11349,11385,11340,
