Shot 0:9,63,
Shot 1:198,369,234,153,
Shot 2:1008,1026,1143,1071,999,
Shot 3:1278,1332,1152,
Shot 4:1377,
Shot 5:1467,1575,1800,1728,1458,1521,1404,1440,
Shot 6:1863,2133,2322,2349,1854,
Shot 7:2385,
Shot 8:2790,2709,2835,2970,2484,2430,2700,2412,2394,2979,2988,2628,2673,2934,2538,2601,2655,
Shot 9:2997,
Shot 10:3582,3006,3735,3654,
Shot 11:3834,
Shot 12:4005,4437,3843,4365,4284,3906,3879,4212,4140,4086,4032,4275,3960,4122,3987,4248,4014,4077,3969,
Shot 13:4950,4446,4833,
Shot 14:5031,
Shot 15:5517,6012,5094,5688,5328,5670,5175,6003,5319,5382,5157,5949,5427,5310,5580,5373,5535,5211,6030,5598,5625,5742,5652,5040,5544,5679,5562,5760,5778,5715,5238,5823,6075,5472,5724,5733,
Shot 16:6129,6138,
Shot 17:6903,6939,6930,6912,6894,
Shot 18:7038,
Shot 19:7056,7047,7065,
Shot 20:7101,7074,7092,7128,7083,7137,
