Shot 0:9,45,
Shot 1:63,
Shot 2:81,180,
Shot 3:189,
Shot 4:198,288,279,216,
Shot 5:702,999,315,657,396,918,720,
Shot 6:1296,1071,1206,1098,1368,1107,1332,1287,1215,1116,1008,1188,
Shot 7:1404,1413,
Shot 8:1422,
Shot 9:1602,2754,1431,2547,2403,2709,2610,2097,2475,1764,2556,2763,2430,2025,2439,2628,1989,1440,2502,2448,1584,1674,2160,
Shot 10:2790,
Shot 11:2817,2799,3132,2808,2862,3177,3141,2844,3051,3033,2889,3060,
Shot 12:3366,3204,3411,
Shot 13:3600,
Shot 14:3672,3762,3726,3609,3753,3636,3618,3690,
Shot 15:3771,
Shot 16:4005,4320,3780,4275,3816,4203,4311,3897,3915,4302,3834,4140,3996,4131,4167,4023,3987,3789,3924,4212,4014,4176,
Shot 17:4329,
Shot 18:4392,5382,5346,5247,5193,4347,5319,4779,4707,4869,5076,5274,5328,4383,4500,5337,4932,4824,5157,4401,5130,4662,4365,4950,4626,5310,5184,
Shot 19:5391,
Shot 20:5832,6264,5445,5418,6201,6030,6210,6102,6039,6084,5724,5805,5922,5562,6012,6003,5715,6165,5580,6129,5571,5742,6021,5733,5400,6246,5427,6192,5985,6318,6309,6327,5436,6138,6075,5544,6093,5796,5553,5409,6354,5787,6336,5706,5589,6174,6363,5769,6147,6183,6282,5616,5607,
Shot 21:6453,6525,6444,6498,6462,6426,
Shot 22:6543,6561,6534,
Shot 23:6570,6579,
Shot 24:6795,
Shot 25:6804,6813,
