Shot 0:9,
Shot 1:63,
Shot 2:72,81,
Shot 3:99,108,
Shot 4:261,135,576,162,198,522,495,234,171,333,270,
Shot 5:765,810,621,702,792,711,783,603,675,
Shot 6:837,
Shot 7:864,855,846,
Shot 8:1134,891,1197,873,1143,1206,882,1278,936,1098,1260,1323,1179,1521,1296,1044,1332,1377,1053,1440,1107,1062,1116,1494,1485,
Shot 9:2043,1584,1530,2250,2376,1692,2259,1863,1665,2061,2295,2007,1656,1539,2214,1890,2142,2169,1926,2070,1899,1710,2313,2268,1809,1566,1962,2286,1593,2412,
Shot 10:2592,2709,2610,2628,2529,2646,2682,2556,2583,2673,
Shot 11:3366,2979,2835,3546,2988,2925,3618,3690,3564,3267,3186,2916,3357,3528,3303,3573,2880,3240,2889,3654,3258,2961,2934,
Shot 12:3861,3744,3852,3780,3834,3843,3816,3825,
Shot 13:4374,3897,4059,4041,4527,4104,4536,4392,4203,4419,4176,4212,
Shot 14:4563,
Shot 15:4590,4644,4581,4572,4599,
Shot 16:5364,5229,4923,5922,5103,4950,5319,5148,4878,5760,5805,5544,5589,4743,
Shot 17:6327,5985,6516,6003,6165,6030,6318,6174,6300,
Shot 18:6525,
Shot 19:6534,6543,
Shot 20:6561,
Shot 21:6714,6669,6723,6705,6588,6579,6687,
Shot 22:6732,
Shot 23:6876,6759,6849,6894,6867,
Shot 24:6921,6957,
Shot 25:6966,
Shot 26:7200,
