Shot 0:81,162,225,189,
Shot 1:279,243,306,252,288,297,270,
Shot 2:342,
Shot 3:432,
Shot 4:468,495,450,
Shot 5:513,585,549,504,
Shot 6:675,
Shot 7:918,828,873,810,801,
Shot 8:1044,1107,1071,1062,927,1053,990,
Shot 9:1206,1305,1332,1125,1242,1260,1152,1179,1161,
Shot 10:2160,1476,2223,1530,2169,1872,1647,1611,1998,2133,1665,1818,1368,2034,1566,1944,1890,1782,1917,2214,1548,2025,1458,1377,1602,2232,1962,1521,1575,1440,2187,2043,1989,1422,1449,2124,1557,1881,
Shot 11:2448,2484,2367,2511,2502,2412,2331,2430,2340,2475,
Shot 12:2520,
Shot 13:2556,2565,
Shot 14:2610,2619,
Shot 15:2763,2709,2655,2799,2673,2646,
Shot 16:3078,3015,3114,3186,2970,3069,2880,2979,2961,2817,2808,3060,
Shot 17:3195,
Shot 18:3321,3204,3231,3429,3330,3699,3573,3276,3348,3555,3510,3267,3258,3447,3438,3663,3474,3213,3546,3501,3636,3249,3708,3528,3294,3303,
Shot 19:3735,3762,
Shot 20:3771,
Shot 21:3960,3897,3987,4113,3825,4050,4041,4104,3798,4086,3780,3924,
Shot 22:4122,4131,
Shot 23:5751,4770,4491,4941,4527,4851,5517,4950,5508,5031,4230,4158,5211,5220,5373,4428,5274,4329,5166,5409,4356,4581,5283,5418,4266,4149,5085,4410,4365,4779,4716,4383,4824,5580,4455,4626,4743,4806,5202,5310,5049,4509,5481,5238,5175,4635,4293,4878,4239,4473,4572,4203,5391,4833,4707,4275,5643,4680,5472,5094,5769,5697,5004,5616,5760,5733,5742,
Shot 24:5778,
