Shot 0:117,342,360,288,45,198,468,423,585,567,153,324,9,
Shot 1:603,594,612,
Shot 2:2358,2799,2313,1854,1323,972,1350,1530,2790,1179,900,1341,918,1584,1638,2268,711,1368,729,2691,1224,1539,1269,1386,2331,2061,1395,684,2538,963,1404,864,1242,2250,765,2763,1440,819,2133,1944,738,2340,1863,1773,954,1872,2295,1566,2367,1017,927,2349,2259,2403,1098,747,1989,1575,990,621,1521,2376,936,1413,1314,1332,1170,1557,1377,2304,1827,1890,2277,1512,1305,1548,2322,882,1917,945,1233,
Shot 3:3357,3168,3159,3411,3303,3042,2871,3294,2979,3438,3285,2889,2844,3420,2862,3429,3186,2817,2970,2853,3141,2826,3177,3195,3276,3051,3402,3060,3150,3204,3069,2961,3321,3330,3339,3393,3384,3348,
Shot 4:3483,3456,3447,
Shot 5:3690,3852,3492,3726,3519,3672,3573,3753,3537,3564,3627,3834,3654,3735,3501,
Shot 6:3879,3870,3888,
Shot 7:3915,3897,3960,3933,3906,
Shot 8:3978,4149,4032,4023,4014,4059,4095,4077,3987,3996,4068,4113,3969,4005,
Shot 9:4221,4203,4320,4275,4167,4176,4185,4302,4158,4266,4212,
Shot 10:4329,
Shot 11:4500,4446,4374,4356,4338,4518,4428,4509,4419,4365,4491,
Shot 12:4527,
Shot 13:4725,4554,4563,4536,4599,4707,
