Shot 0:27,54,9,18,
Shot 1:1161,828,666,540,1746,2205,1989,2142,1755,2340,792,783,414,1521,2358,1026,1116,1530,2403,2043,873,765,1575,846,819,1584,1998,1728,810,1845,1062,261,1557,2367,1512,801,504,2115,675,2376,531,549,990,1593,234,684,2178,396,936,2394,1107,522,693,2349,864,1836,1764,1008,1674,2169,1935,1782,1053,171,1017,441,2214,1773,630,1539,1629,468,657,1962,882,108,2331,1710,1872,747,2241,1467,558,720,1800,1818,2322,1908,954,702,2223,576,612,1944,405,1647,972,216,2250,1638,207,135,360,738,513,324,1278,1080,432,1602,2016,1791,1926,648,774,252,1350,1332,1188,1656,1377,1044,1404,1701,1143,1242,1314,756,
Shot 2:2457,2421,2439,2412,2448,2430,2466,
Shot 3:2502,2493,2484,2511,
Shot 4:2763,2934,2790,2556,2628,2592,2898,2862,2781,2871,2925,2808,2601,2799,2889,2709,2727,2826,2844,2610,2655,2673,2745,2538,2646,2754,2772,
Shot 5:2961,2943,2952,2970,
Shot 6:3069,3096,3051,3105,3087,3006,3060,2988,2979,3078,
Shot 7:3159,3123,3114,3168,3132,
Shot 8:3465,3240,3411,3420,3294,3276,3249,3393,3213,3429,3258,3312,3186,3402,3222,3285,3195,3366,3384,3231,3555,3303,3330,3267,3375,3204,3438,3456,
Shot 9:3591,3573,3627,3582,
Shot 10:3726,3924,3843,3852,3825,3762,3636,3780,3663,3789,3915,3897,3699,3681,3717,3807,3645,3654,3744,3771,3879,3708,3672,
Shot 11:3933,3969,3942,
Shot 12:4005,3996,3978,4032,4068,4014,
Shot 13:4077,
Shot 14:4086,4095,
Shot 15:4509,4293,4302,4590,4104,4176,4662,4626,4284,4392,4185,4545,4221,4122,4131,4644,4140,4167,4572,4653,4311,4338,4212,4239,4581,4365,4113,4608,4158,4482,4437,4473,4518,4599,4194,4149,
Shot 16:5049,5355,5193,4905,4761,5337,4671,5202,4779,4689,4977,5364,4797,4878,4734,5130,5238,5229,5022,5346,5319,4770,5301,5175,4788,5274,5040,5184,4833,5157,4887,4896,5247,4806,5292,4680,4914,4950,5283,5031,5112,4995,4698,5220,5211,4986,5076,5166,5310,4815,5256,4968,5013,4941,4923,
Shot 17:5400,5373,5382,5391,5418,
Shot 18:5580,5553,5526,5679,5508,5562,5625,5571,5472,
Shot 19:5688,
Shot 20:5715,5697,5751,5742,5724,5706,
Shot 21:5976,5787,5769,5805,5778,5814,5796,5949,5832,5985,5967,
Shot 22:6021,
