Shot 0:72,171,126,180,18,153,162,27,144,135,9,36,90,108,45,
Shot 1:189,198,
Shot 2:207,
Shot 3:639,342,549,216,252,675,558,495,261,279,531,396,270,711,414,360,297,333,666,720,567,450,612,522,486,630,540,702,684,243,432,576,693,369,585,324,288,594,225,378,
Shot 4:999,765,855,819,873,729,756,783,747,810,738,882,909,963,792,990,828,945,
Shot 5:1008,1017,
Shot 6:1035,1188,1080,1170,1143,1053,1026,1098,1044,
Shot 7:1440,1224,1638,2223,1971,2187,2115,2133,2232,1926,2097,1323,1197,1881,1629,1395,1935,1575,1728,1233,1458,2196,1503,1341,2151,1953,1377,1782,1755,1674,1467,1251,1368,1872,1512,1611,1494,1917,1818,1242,1215,1836,1296,2178,1683,1422,1791,1413,1890,2016,1845,1539,1485,1863,
Shot 8:2250,2295,2286,2277,2349,2322,2340,2304,2358,2367,2268,2313,2241,2259,2331,
Shot 9:2376,2412,2403,2394,2385,
Shot 10:2421,
Shot 11:2628,2475,2430,2448,2520,2484,2502,2583,2556,2466,2439,2637,
