Shot 0:441,612,576,54,423,378,108,522,117,9,603,540,432,531,513,144,
Shot 1:639,675,648,666,684,657,621,630,
Shot 2:693,702,
Shot 3:1098,1512,1476,2574,1818,2439,2088,1422,2430,1521,1449,1980,1269,1602,1728,1530,1836,2214,1845,2457,864,1404,2565,2142,720,2349,1350,1962,2421,1764,1926,2241,2448,1566,1503,1431,1683,2196,1620,1386,2412,2106,1440,1539,1485,2367,810,1161,1647,1368,1206,891,1611,1296,963,918,1584,711,1233,1035,909,1908,1251,999,774,2331,1197,765,
Shot 4:2979,2916,2943,3141,2925,2970,3123,
Shot 5:3969,3276,4536,3555,3213,3294,3690,3150,3204,3240,3249,3168,3645,3861,3717,3501,3258,3519,3222,4419,3807,4518,3312,4023,3663,3771,4482,4356,4446,4113,3600,4410,3186,3375,4311,3753,3933,4203,3393,3366,4428,4068,3762,4221,4392,4122,3834,4473,4284,3627,3708,4455,3447,3195,3816,3411,4500,3888,4239,3870,
Shot 6:4545,
Shot 7:4554,4563,
Shot 8:4572,4581,
Shot 9:4590,4599,
Shot 10:4608,
Shot 11:4617,
Shot 12:4626,
Shot 13:4878,4743,4635,4671,4734,4842,4707,5769,4761,4725,4770,5724,5436,4644,4698,4779,5508,5418,5661,5580,5733,5283,4653,4860,5454,5391,5040,5373,5544,5526,4932,5004,4914,4869,
Shot 14:5787,
Shot 15:5832,5805,5796,5814,5841,5823,5850,
Shot 16:5868,6318,6354,6309,5859,6075,6291,5886,
Shot 17:6363,6534,6435,
Shot 18:6615,6660,6633,6651,6579,6588,6597,
Shot 19:6894,6804,6921,6912,
Shot 20:7011,7056,7083,6975,7047,6993,6966,6948,
