Shot 0:18,801,630,702,783,207,873,558,9,
Shot 1:882,
Shot 2:900,1134,1035,1125,1071,1116,954,891,
Shot 3:1143,1161,
Shot 4:1197,1260,1179,1269,1224,1278,
Shot 5:1890,2421,1305,2061,1395,2340,1323,1458,1926,2385,2322,1593,1971,1881,1962,
Shot 6:2781,2493,3213,3186,3195,2673,3096,
Shot 7:3528,4005,4167,3393,4050,3654,3897,3465,3825,4059,3951,3987,4221,4140,3789,3267,4041,3510,3609,4077,3816,3447,4023,3231,4113,3312,3474,3888,3915,3636,3537,4149,3294,4194,4158,3798,
Shot 8:4257,
Shot 9:4320,4410,4293,4266,4275,4383,4356,4329,
