Shot 0:9,
Shot 1:567,1377,1638,1314,1188,1611,1224,1620,1350,1575,1413,1215,1152,360,1242,1431,999,837,720,459,396,450,612,945,657,486,477,594,
Shot 2:1863,1674,1782,1800,1764,1656,1818,1845,1881,1899,
Shot 3:1908,1935,
Shot 4:2205,2304,2043,2160,1953,2178,2196,1944,1989,2016,2259,2025,2061,1980,1962,2223,2277,
Shot 5:2358,2421,2322,2340,2403,
Shot 6:2439,2448,2430,
Shot 7:2538,2466,2493,2457,2475,2529,2511,2502,2556,
Shot 8:2727,2601,2700,2682,2664,2646,2691,2574,2709,2592,2718,2745,
Shot 9:3528,2979,2754,2763,3177,3339,2844,2988,2772,2970,3231,3195,3429,2943,3015,3150,2781,2898,2880,3357,3564,3492,3132,3069,
Shot 10:3825,3663,3708,3654,3690,4032,3744,3861,3780,
Shot 11:4167,4104,4086,4122,4212,4149,
