Shot 0:9,27,
Shot 1:36,45,
Shot 2:270,468,522,180,126,585,459,216,153,540,243,72,495,324,441,288,621,54,639,198,432,396,513,171,108,531,378,630,414,144,315,234,387,576,
Shot 3:684,648,666,657,675,
Shot 4:747,729,693,765,738,
Shot 5:792,783,828,819,810,774,801,
Shot 6:882,864,891,846,873,
Shot 7:900,918,
Shot 8:1053,936,954,927,981,963,1035,990,1044,1026,
Shot 9:1062,
Shot 10:1179,1143,1161,1125,1080,1116,1089,1134,1107,1098,1152,
Shot 11:1188,1197,
Shot 12:1305,1206,1269,1260,1233,1287,1278,1224,
Shot 13:1314,1323,
Shot 14:1386,1341,1359,1350,1404,1332,1431,
Shot 15:1476,1440,1449,1458,1467,
Shot 16:1503,1539,1530,1521,1512,1494,1548,1485,
Shot 17:1557,1566,
Shot 18:1584,1620,1638,1647,1611,1575,1629,1602,1593,
Shot 19:1764,1728,1674,1791,1710,1665,1719,1746,1701,1755,1683,1782,1773,1656,
Shot 20:1899,1836,1809,1800,1854,1827,1845,1926,1881,1872,1908,1890,
Shot 21:1935,
Shot 22:2034,2052,1971,2016,1953,2007,1998,1962,2025,1980,2043,
Shot 23:2061,2070,
Shot 24:2079,2088,
Shot 25:2115,2097,2106,
Shot 26:2160,2178,2142,2151,2133,2169,
Shot 27:2223,2187,2205,2214,
Shot 28:2241,2286,2268,2277,2232,2250,
Shot 29:2349,2331,2304,2322,
Shot 30:2358,
Shot 31:2367,2376,
Shot 32:2412,2439,2430,2385,2466,2448,2484,2403,2394,2421,2457,
Shot 33:2502,2511,2547,2538,2529,2493,
Shot 34:2556,2592,2583,2565,
Shot 35:2628,2619,2610,
Shot 36:2664,2637,2709,2691,2700,2727,2655,2673,2682,2646,
Shot 37:2736,2745,
Shot 38:2844,2763,2754,2790,2799,2781,2772,2853,2835,
Shot 39:2862,2898,2880,2889,2871,
Shot 40:2916,2952,2934,2961,2979,2943,2907,
Shot 41:2988,2997,
Shot 42:3402,3204,3330,3105,3555,3159,3420,3240,3186,3582,3114,3609,3087,3033,3132,3222,3060,3267,3501,3474,3321,3294,3429,3006,3357,3573,3168,3366,3483,3231,3195,3600,3636,3069,3051,3285,3618,3348,3096,3312,3078,3258,3537,3141,3546,3015,3456,3213,3303,3384,3123,3042,3564,3411,3528,3510,3492,
Shot 43:3654,3681,3672,3645,3663,
Shot 44:3789,3735,3690,3825,3807,3708,3780,3816,3834,3699,3861,3726,3762,3798,3717,3744,
Shot 45:3870,
Shot 46:4032,4356,4284,4500,4293,4446,4365,4167,4338,4158,4266,4491,4383,4077,4257,3942,4473,4122,3951,3888,4482,4239,4176,4419,4104,4185,4401,4437,4131,4194,4059,3879,3924,4410,3969,4455,4230,4023,3996,4212,4095,4050,4113,3906,4068,4428,4374,4149,4014,4392,3915,3933,4203,4041,4347,4086,3960,3978,4221,4005,4140,3987,
Shot 47:4518,4581,4563,4545,4509,4554,4536,
Shot 48:4635,4608,4590,4617,4599,4626,
Shot 49:4644,
Shot 50:4653,4662,
Shot 51:4671,
Shot 52:4734,4698,4680,4725,4707,4752,4716,4743,
Shot 53:4761,4770,
Shot 54:4851,4779,4788,
Shot 55:4869,
Shot 56:4878,
Shot 57:4887,4896,
Shot 58:4905,4914,
Shot 59:4923,4932,
Shot 60:4941,
