Shot 0:126,27,9,45,54,90,144,36,81,117,72,108,135,
Shot 1:162,180,153,171,
Shot 2:234,
Shot 3:243,
Shot 4:333,252,450,306,261,387,
Shot 5:459,
Shot 6:1278,945,1350,801,1134,2052,2277,693,1494,1935,2142,936,909,1404,1314,2133,2088,1431,1539,1458,918,1656,1224,1566,1251,1287,1341,1260,504,
Shot 7:2376,2646,2835,2745,2727,2880,2997,
Shot 8:3159,3429,
Shot 9:3492,3582,
Shot 10:4176,3933,4194,4014,3798,3627,3591,
Shot 11:4266,4374,4491,4203,4221,4545,5337,5238,4671,4626,4941,
Shot 12:6273,5796,5994,5706,5409,6093,5598,5715,5697,6309,6336,5724,5652,
Shot 13:6381,6354,6399,6363,6390,6372,
Shot 14:6408,
