Shot 0:18,81,54,72,9,27,
Shot 1:477,279,324,396,468,243,315,261,225,288,144,333,90,405,
Shot 2:540,
Shot 3:675,846,963,828,729,738,693,711,639,684,657,837,
Shot 4:1053,972,1017,1125,1035,999,1026,1089,1071,1008,1044,1062,990,
Shot 5:1134,
Shot 6:1197,1143,1215,1206,
Shot 7:1242,1278,1224,1251,
Shot 8:1386,1323,1296,1377,1314,1422,1332,
Shot 9:1431,
Shot 10:1638,1458,1530,1476,1440,1557,1467,1665,1503,1575,1548,1656,1512,1485,1611,1566,1629,1449,
Shot 11:1674,
Shot 12:1836,1872,1683,1791,1845,
Shot 13:1926,1908,2052,2016,1971,1917,1944,
Shot 14:2412,2754,2664,2718,2169,2808,2394,2061,2673,2727,2295,2520,2403,2745,
Shot 15:2826,2907,2862,
Shot 16:3114,4158,3492,3051,3546,3915,3420,3996,2916,4086,3852,3177,3933,3042,4023,4194,3942,4005,3384,4068,2925,3069,3150,3258,3132,
Shot 17:4239,4311,4248,4293,4275,4212,4284,4266,4257,4302,4230,
Shot 18:4329,4320,4338,
Shot 19:4347,4365,4356,
Shot 20:4509,4419,4473,4437,4392,4428,4374,4401,4482,4491,4446,4455,4464,4581,4500,4572,4563,
Shot 21:4842,4968,4590,4599,4617,4959,4716,4743,4770,4824,4608,4626,4833,4860,4887,
Shot 22:4986,5040,5022,4977,
Shot 23:5049,5076,
Shot 24:5175,5157,5121,5184,
Shot 25:5193,
Shot 26:5202,
Shot 27:5211,
Shot 28:5274,5310,5301,5292,5220,
Shot 29:5364,5328,5319,5346,5373,5355,
Shot 30:5382,5391,
Shot 31:5400,5409,
Shot 32:5418,
Shot 33:5535,5742,5589,5463,5724,5553,5508,5652,5679,5706,5760,5427,5715,5688,5625,5436,5517,5526,
Shot 34:7524,7371,6129,6021,6795,5958,7317,6156,6030,6777,7398,6300,5985,7578,6138,6804,7326,6336,6174,7407,7650,
Shot 35:8298,8379,8073,7956,8127,8145,8001,8100,8082,8172,7983,8055,7866,8370,8154,8028,8316,8181,8307,8208,
Shot 36:8577,8649,8478,8640,8550,8604,
Shot 37:8676,8748,8658,8739,8667,8685,8730,
Shot 38:8793,8838,8766,8784,8757,8775,8802,
