Shot 0:1089,153,1233,9,1377,279,63,1341,135,1251,1269,45,702,90,819,117,234,72,1296,54,1260,1359,252,1215,297,171,315,216,1305,1287,1323,180,414,27,108,144,261,387,1242,189,1278,1224,450,1350,225,495,1368,207,972,1026,846,1008,
Shot 1:1512,1656,1629,1467,1602,1638,1413,1548,1494,1485,
Shot 2:1665,1674,
Shot 3:1728,1764,1692,1710,1719,1683,1773,1737,
Shot 4:1827,2070,2304,2340,1935,2259,1782,1872,1953,2232,2286,1854,1800,2322,1908,1809,1998,1836,
Shot 5:2376,2421,2403,
Shot 6:2430,
Shot 7:2520,2547,2484,2448,2502,2529,
Shot 8:2601,2628,2619,2565,2610,2583,
Shot 9:2664,3033,2988,3015,2637,3042,3006,3051,3024,2646,2970,2934,2763,2673,2844,
Shot 10:3177,3078,3213,3060,3123,3069,3258,3159,
Shot 11:3906,4221,3447,4023,3528,3726,3987,4068,3654,4050,3330,3807,3762,4113,3960,4059,3996,3933,
Shot 12:4302,4797,4725,4734,4770,4563,4806,4761,4743,4239,4788,4680,4752,4779,4536,4329,4617,4401,4248,
Shot 13:4824,4833,4815,
Shot 14:4923,4860,4851,4878,4842,4905,4932,
Shot 15:5760,5571,5895,5886,5643,5292,4968,5661,5868,5526,5130,5238,5850,5859,5679,5598,5256,5805,5742,5544,5652,5418,
Shot 16:5931,6120,6147,5913,6021,6210,5958,6003,6093,6156,5940,
Shot 17:6282,6408,6363,6444,6345,6327,6390,6399,6381,6264,6300,6435,6273,6291,
Shot 18:6453,6462,
Shot 19:6471,6561,6570,6507,6588,6552,6525,6489,6534,6480,6498,
Shot 20:6804,6966,6921,6993,6606,6714,6597,6624,6912,6615,6939,7011,6786,6948,6876,6930,6885,6633,6984,6831,6777,7002,6957,
Shot 21:7047,7020,7056,7038,
