Shot 0:9,
Shot 1:504,5526,2007,711,5535,189,387,198,396,639,468,144,648,540,216,
Shot 2:5760,5814,
Shot 3:6417,6327,6282,6345,6579,6363,6354,6471,
Shot 4:7794,7101,7029,7083,7011,8064,6876,7074,6912,7866,7137,7434,7227,7110,6678,7911,8100,7056,7182,7020,6849,6993,7983,8019,6939,6948,7938,6903,7092,8001,6858,7713,6804,7002,7200,7299,7578,6750,8037,7965,7596,7821,6921,7893,7245,6894,7173,6831,7785,6957,
Shot 5:8109,8235,
Shot 6:9189,9270,8307,8406,9234,8649,8496,9306,9360,8271,9279,8334,8514,9126,8757,9207,8289,9288,9252,9216,9351,9063,8361,9261,9027,8379,8739,9135,9297,8343,9162,
Shot 7:9369,9378,
Shot 8:9477,9387,9405,9450,
Shot 9:10242,9495,9909,9648,9954,9837,9801,9999,10080,9927,9738,9522,10206,9918,10512,10503,
Shot 10:10638,10791,10701,10557,10665,10647,
Shot 11:10890,10899,10881,
Shot 12:10908,
Shot 13:10935,10962,10917,10926,10944,
Shot 14:11268,10989,11016,11439,11367,11205,11241,11232,11583,11115,11007,11304,11322,10998,11259,11286,11475,
Shot 15:11646,11691,11655,11637,
Shot 16:11772,11799,11781,11700,11790,11808,11727,
Shot 17:11817,
Shot 18:11826,
Shot 19:11844,11835,11871,11853,
Shot 20:11880,
Shot 21:11934,11889,11898,11916,11961,11907,11925,11943,
Shot 22:11970,
Shot 23:11979,13302,12330,
Shot 24:13311,
Shot 25:13320,
