Shot 0:9,18,
Shot 1:297,108,27,126,81,144,99,117,36,63,135,45,54,360,189,252,153,
Shot 2:576,
Shot 3:585,
Shot 4:630,
Shot 5:720,891,765,873,747,648,684,693,657,801,711,846,729,819,702,666,639,738,
Shot 6:900,
Shot 7:909,918,
Shot 8:927,
Shot 9:936,
Shot 10:981,945,999,972,963,
Shot 11:1233,1440,1413,1341,1449,1467,1242,1116,1053,1098,1008,1089,1134,
Shot 12:1476,1485,
Shot 13:1656,1764,1512,1692,1710,1557,1701,1530,1611,1521,1494,1845,1566,1719,1755,1665,
Shot 14:1854,1863,
Shot 15:1881,1890,
Shot 16:2052,2313,2376,2556,2295,2133,2286,1908,2367,1926,2403,1935,2520,2196,2277,2385,2250,1953,2259,2547,2322,
Shot 17:2565,2574,
Shot 18:2583,2592,
