Shot 0:27,63,9,90,
Shot 1:108,
Shot 2:405,459,882,864,216,729,234,765,225,810,261,756,387,675,279,
Shot 3:1341,1377,2025,2043,1368,2070,1656,1197,1800,2007,1233,1926,1602,1935,1116,1161,1476,1638,1269,1692,1998,1278,1332,1143,1953,1746,1782,1125,2061,1512,1152,1737,1296,900,1215,1242,1575,1557,1260,1629,1179,1971,1674,1908,1314,1494,2052,1287,1521,
Shot 4:2178,2196,2250,2088,2169,2142,2232,2115,
Shot 5:2439,2358,2268,2430,2457,2502,2367,2475,2412,2340,2394,2493,2484,
Shot 6:2610,2925,2907,3204,3141,2691,2574,2700,2763,2745,2592,2664,2853,2628,3069,3168,2880,2520,2799,2817,2556,3195,
Shot 7:3213,3474,
Shot 8:3501,
Shot 9:3528,3645,
Shot 10:3699,4095,3906,4068,3672,3789,3735,3861,3798,3726,4032,4005,4122,3753,3978,3744,3915,3762,
Shot 11:4284,4212,4374,4491,4158,4257,4203,4338,4356,4302,4509,4392,4329,4140,
Shot 12:4698,
