Shot 0:126,1062,2124,1278,369,252,2079,1368,1719,900,153,351,9,
Shot 1:2133,2142,
Shot 2:2151,2160,
Shot 3:2169,
Shot 4:2178,
Shot 5:2187,2196,
Shot 6:2205,2214,
Shot 7:2223,
Shot 8:2232,2241,
Shot 9:2259,2304,2277,2286,2268,2250,
Shot 10:2322,2331,
Shot 11:2349,2340,2358,
Shot 12:2448,2367,2430,2457,
Shot 13:3726,2952,3312,3582,2475,2862,3654,3402,
Shot 14:4554,4338,5418,4968,4923,3852,4851,5103,4257,4077,4842,3834,4653,4932,4248,5256,5355,4914,3933,3915,5400,3825,4167,5409,4887,4446,4266,3870,4050,4833,4941,5328,4590,4239,4104,5292,4068,4086,4950,4041,4563,4419,3762,4986,5382,4860,4275,3843,4329,4293,4617,5274,5310,4581,4113,4995,5319,3960,4455,4743,3798,4284,4347,4140,4527,4158,4122,4536,
Shot 15:5472,5445,5463,5526,5535,5544,5508,5427,5481,5454,
Shot 16:5616,5670,5652,5661,5643,5553,5589,5571,5634,
Shot 17:5679,5688,
Shot 18:5706,5697,5715,
Shot 19:5724,
Shot 20:5895,5814,5751,5733,5778,5832,5796,5841,5805,5877,5868,5886,5913,
Shot 21:6003,6246,6075,6219,6030,5922,
Shot 22:6498,6462,6300,6516,
Shot 23:6669,
Shot 24:6795,7056,6948,7110,6903,7038,6921,7119,7092,6966,6885,7047,6858,6822,6984,6912,7002,7065,6894,6993,
Shot 25:7866,7758,7686,7731,7623,7992,7848,7713,7902,7956,7641,7857,7974,7812,7695,7128,7938,
Shot 26:8073,8037,8055,8010,8100,
Shot 27:8172,8226,8253,8208,8271,8163,8181,
Shot 28:8325,8469,8424,8397,8289,8370,8307,8406,
Shot 29:8487,8514,8496,
Shot 30:8532,
Shot 31:8613,8640,
Shot 32:8766,8748,8730,8784,8757,8775,
Shot 33:8802,8793,8874,8919,8838,
Shot 34:9000,8982,8991,9018,
Shot 35:9144,9063,9099,9036,9162,9126,9171,
Shot 36:9252,9207,9189,9198,9225,9234,
Shot 37:9279,
Shot 38:9414,9297,9288,9396,
Shot 39:9486,9450,9468,9504,
Shot 40:9576,9675,9621,9531,
Shot 41:9819,9882,9783,
Shot 42:9891,
Shot 43:9900,
Shot 44:9909,9936,
Shot 45:9945,
Shot 46:9954,9963,
Shot 47:10071,10044,10089,10062,
Shot 48:11322,10161,10098,10998,10251,11187,11178,10719,11250,11385,11124,10206,10539,11376,11358,10152,10170,11340,11367,11304,11349,11331,10368,10620,
Shot 49:12420,12447,12375,12438,12402,12429,
