Shot 0:1755,207,2142,2097,252,2043,351,2007,1935,1062,2061,2115,801,234,1710,198,1845,576,9,2034,909,1593,1899,1548,1044,2025,288,216,189,864,108,
Shot 1:2169,2151,2241,2160,
Shot 2:2295,2376,2268,2313,2286,2331,2259,2394,
Shot 3:2619,2871,2709,2412,2934,
Shot 4:3015,3501,3393,3033,3348,3276,2979,
Shot 5:3645,3546,3834,3636,3654,
Shot 6:3870,3897,3843,3879,
Shot 7:4014,4023,
Shot 8:4041,4077,
Shot 9:4860,4986,4905,4887,4878,4941,4959,4644,
Shot 10:5013,
Shot 11:5193,5184,5238,
Shot 12:5256,
Shot 13:5724,5859,5499,5571,5886,5769,5913,5661,5742,
