Shot 0:9,
Shot 1:882,1530,1476,396,1314,891,1008,1260,1098,1062,1323,1134,1233,1080,1296,1287,1305,1512,639,432,630,603,846,873,684,702,855,
Shot 2:1629,
Shot 3:1656,1737,1710,1638,
Shot 4:1980,2214,1899,1746,1818,2196,2079,2034,
Shot 5:2241,
Shot 6:2331,2502,2691,2484,2403,2394,
Shot 7:2727,2700,2709,2736,
Shot 8:2916,3312,3276,2952,3042,2799,3087,3240,3321,2889,2979,2862,
Shot 9:3339,3330,3348,
Shot 10:3744,3375,3447,3537,3474,3519,3465,3501,3528,3510,3735,3753,
Shot 11:3789,3843,3825,3807,
Shot 12:4815,5112,5121,5310,3951,5364,5481,4662,5427,3852,4716,4824,5031,5436,4779,5418,4275,4635,3888,5454,4896,5400,4527,3915,3870,4356,5463,5445,4392,4743,5265,4959,
Shot 13:5499,
Shot 14:5508,5535,
Shot 15:5571,5589,
Shot 16:5607,
Shot 17:5616,
Shot 18:5625,
Shot 19:5679,5634,5643,5652,5661,
Shot 20:5688,5697,
Shot 21:5715,
Shot 22:5805,5724,5859,5778,5850,5868,5877,5787,
Shot 23:5895,5976,5985,5913,
Shot 24:6030,6048,6066,6003,
Shot 25:6084,
Shot 26:6309,6183,6237,6399,6093,6363,6165,6111,6174,6417,6336,6246,6327,
Shot 27:6444,6453,
Shot 28:6507,6552,6462,6543,6534,6471,6525,6480,6498,6516,
Shot 29:6561,
Shot 30:7326,6570,8748,8928,7236,8784,8217,7272,7641,8775,7290,8667,8739,7209,7254,7353,7308,8613,
Shot 31:9297,9396,9288,
Shot 32:10008,9639,9612,9792,9810,9477,10062,9621,9630,9594,9927,9603,9738,9882,10053,9954,10044,9972,10026,9909,9990,10035,9999,9945,10017,
Shot 33:10134,10071,10503,10323,10386,10170,
