Shot 0:9,144,108,
Shot 1:369,153,441,225,342,270,180,207,288,162,333,423,171,216,432,351,
Shot 2:450,468,459,
Shot 3:477,
Shot 4:486,
Shot 5:522,495,612,504,513,531,
Shot 6:648,756,621,747,630,639,657,
Shot 7:945,783,981,1008,963,873,792,810,
Shot 8:1089,1062,1035,1053,1116,1125,1098,
Shot 9:1188,1161,1251,
Shot 10:1440,1350,1422,1431,1449,1368,
Shot 11:1458,1467,
Shot 12:1476,1485,
Shot 13:1584,1548,1494,1512,1638,1611,1656,1557,1593,1566,1575,
Shot 14:1701,1782,1818,1773,1800,1764,1674,1791,1728,1683,
Shot 15:1890,1854,1836,1863,1881,
Shot 16:2025,2142,2178,1899,1908,2160,1962,1944,2115,2079,2016,
Shot 17:2349,2223,2475,2304,2205,2259,2511,2439,2250,2457,
Shot 18:2664,2538,2556,2574,2610,2592,2790,2916,2628,2943,2880,2547,2727,2763,2736,2952,2637,2601,2844,2709,2682,2745,
Shot 19:3195,2961,3339,2988,3051,3033,3375,3276,2997,3321,3114,3222,3303,3087,3078,3042,3006,2970,3177,
Shot 20:3393,3402,
Shot 21:3411,3429,
Shot 22:3465,3438,3654,3618,3447,3456,
Shot 23:3771,3690,3726,3717,3663,4023,3996,3807,3843,3681,3789,3960,3798,3753,4005,3942,3978,4014,3852,3780,3888,
Shot 24:4158,4050,4113,4095,4230,4212,4185,4068,4194,4140,4032,4122,
Shot 25:4428,4338,4347,4392,4374,4410,4455,4365,4257,4401,4419,4446,4239,
Shot 26:4464,4473,
