Shot 0:279,270,297,
Shot 1:306,333,315,324,
Shot 2:729,387,738,612,621,
Shot 3:1125,
Shot 4:1647,1800,1728,1233,1134,1989,1917,1620,1395,2070,1674,2052,2016,2043,2061,1665,
Shot 5:2115,
Shot 6:2160,
Shot 7:2169,2178,
Shot 8:2268,
Shot 9:2277,
Shot 10:2331,2385,2646,
Shot 11:5256,4491,4383,4995,5967,3537,2889,5220,2799,3600,3321,3852,3150,2655,5697,5724,2664,3807,3177,4923,5409,5868,5751,4248,3258,6057,2736,5841,3555,5994,3231,4203,3204,5454,5337,5670,5472,3690,4419,4428,5742,3582,3501,4194,3663,4662,5400,3591,2835,3825,2727,3348,4572,4563,5292,5166,2772,4257,5283,2682,3816,5328,5391,5913,5175,5346,4167,5877,5193,3753,5355,5301,5139,3726,
Shot 12:6147,6201,6120,6165,6093,
Shot 13:6228,6471,
Shot 14:6669,6687,6678,6480,
Shot 15:6714,6723,
Shot 16:7047,6822,7101,7011,6732,7020,7038,6885,6948,
Shot 17:7146,
Shot 18:7938,8469,7299,8262,7254,8154,8010,7659,7857,8388,7560,8073,8235,7605,8460,7362,7335,7497,7785,8064,7506,7956,7551,7974,7155,7272,7263,7929,7470,7866,8190,8145,7983,7947,7902,
Shot 19:8496,8505,
Shot 20:8667,8622,8514,8613,8577,
Shot 21:8703,
Shot 22:8757,8910,8793,8712,8874,8838,8748,8766,
