Shot 0:108,9,144,72,63,126,117,81,99,
Shot 1:162,153,171,189,180,
Shot 2:198,207,
Shot 3:738,810,441,297,675,2250,2430,1971,531,594,2070,909,1800,639,963,756,954,1089,774,729,936,2376,
Shot 4:2511,
Shot 5:3519,2583,3600,3663,3357,3123,2664,4275,4356,2754,4185,3978,3915,4248,3132,3402,4338,3510,2934,
Shot 6:4365,4374,
Shot 7:4554,4410,4491,
Shot 8:4590,
Shot 9:4599,
Shot 10:4608,
Shot 11:4662,4653,4644,4671,4626,4635,4617,
Shot 12:4689,4680,4698,
Shot 13:4707,4815,4716,4932,4725,4770,4833,4842,4779,4788,4734,4959,4968,4806,4743,4824,
