Shot 0:225,9,207,198,216,234,
Shot 1:315,666,702,693,612,684,486,711,513,477,729,540,594,531,405,675,351,387,468,738,657,648,423,414,378,459,630,495,603,333,432,342,585,576,369,396,558,252,
Shot 2:846,828,837,801,819,855,756,
Shot 3:900,864,945,954,918,873,891,882,927,
Shot 4:963,
Shot 5:972,981,
Shot 6:999,1017,1035,1026,1008,990,
Shot 7:1044,1053,
Shot 8:1143,1152,1206,1215,1062,1134,1125,1188,1089,1080,1071,1116,1224,1161,
Shot 9:1269,1233,1278,1242,
Shot 10:1287,1296,
Shot 11:1305,1323,1332,
