Shot 0:135,9,855,846,117,126,
Shot 1:882,1044,972,999,909,864,873,
Shot 2:1053,1062,
Shot 3:1143,
Shot 4:1170,1197,1152,1179,1161,
Shot 5:1260,1215,1233,1224,1251,1287,
Shot 6:1395,1836,2250,1899,1782,1377,1386,1404,
Shot 7:3897,5274,5328,4581,4518,5346,4437,5229,6417,8028,4410,5283,5373,4878,8046,7074,4392,5256,6543,4590,5337,5409,5355,4374,6705,4545,6732,6183,5301,6147,5319,7803,4572,8019,4824,4554,6804,7407,4968,4419,3771,4599,5310,4338,6597,4212,5364,3465,5121,5220,5238,5247,5085,6021,4653,7884,5535,6624,6552,4311,8037,3744,5427,4185,5067,7164,4995,5733,5382,4617,4401,2736,5463,5013,4248,6678,5139,6786,5166,4959,6696,4806,4932,4779,7983,3924,6912,3699,4284,3429,7830,5562,5517,7191,3996,4149,2502,5967,3501,5481,3942,6948,2916,8010,4041,5445,7911,5193,3519,4950,4086,4707,7605,3330,4050,6120,4635,5886,3780,7938,7857,2853,6093,3798,4068,3816,3402,6669,3861,2880,
Shot 8:9639,8055,9648,
Shot 9:9666,9675,9657,
Shot 10:9891,9702,9945,9774,9846,9936,9684,9855,9693,9927,9837,9882,9918,
Shot 11:10107,10053,9972,10125,10044,10080,10098,
Shot 12:10143,10134,10152,
Shot 13:10242,
