Shot 0:180,18,126,81,243,9,108,72,189,
Shot 1:603,324,576,648,630,612,594,
Shot 2:1467,756,1971,1944,1179,1080,1962,1224,657,1935,684,1332,1926,1863,1629,1701,666,1485,1584,1458,
Shot 3:1989,2079,2016,1980,1998,
Shot 4:2142,2097,2088,2259,2250,2106,2241,2133,2151,
Shot 5:2268,2277,
Shot 6:2412,3231,3195,3213,3222,3177,3159,2286,2781,2295,
Shot 7:3240,3285,3258,3267,
Shot 8:3339,3438,3294,3312,3321,
Shot 9:3447,
Shot 10:3852,6381,5058,5130,5670,6003,5859,5382,6057,3465,4122,5697,3690,5220,6336,6021,6444,6165,3474,3609,6237,6255,3906,6282,3771,6399,3879,6309,3807,
Shot 11:6498,6687,6525,6516,6615,6507,
Shot 12:7038,7533,6705,7200,7380,6849,7164,
Shot 13:7542,7551,
