Shot 0:54,9,108,99,
Shot 1:126,270,261,117,
Shot 2:288,387,279,
Shot 3:396,405,
Shot 4:441,
Shot 5:729,
Shot 6:981,1125,738,756,792,1116,882,747,828,999,963,1044,
Shot 7:1602,1134,1449,
Shot 8:1764,2259,2277,2205,1890,1611,2142,1728,2178,2232,1620,1782,2268,
Shot 9:2295,2700,2808,2871,2826,2727,2799,2682,2286,
Shot 10:2916,
Shot 11:2934,3087,2925,
Shot 12:3276,4041,4392,3501,3483,4320,3105,3942,4140,4059,3411,4230,3258,4257,4401,3150,4077,4023,4185,3132,4104,3267,3420,3492,
Shot 13:5076,5553,4752,4599,4662,4428,5589,4851,4563,4716,5121,4923,5265,4743,5445,4941,4788,4464,5535,4833,4860,5571,5004,5148,5085,4635,4671,4608,5580,5094,5211,4995,5247,4572,5022,5058,
Shot 14:5607,
Shot 15:5724,5751,5625,5670,5742,
Shot 16:5760,5769,
