Shot 0:18,270,279,558,261,549,297,252,9,27,288,
Shot 1:738,1215,1089,1116,1206,828,1107,666,855,945,1188,792,1071,648,954,909,702,594,936,693,567,1143,756,1134,1224,
Shot 2:1233,1242,
Shot 3:1395,1314,1341,1332,1359,1386,
Shot 4:1431,
Shot 5:1575,1440,1710,1701,1620,1683,1692,1494,1566,1512,1674,1638,1647,1602,1611,1503,1665,1584,1557,1530,1629,1485,1521,
Shot 6:1719,1728,
Shot 7:1782,1755,1809,1827,1836,1800,1773,1746,1764,1818,1791,
Shot 8:1845,1854,
Shot 9:2124,2007,1863,1980,2691,2115,2880,2250,2754,2520,2781,2286,2871,1962,2331,2034,2421,2565,2205,2673,2304,2232,2862,1872,2457,1953,2727,2016,2430,2088,2106,2052,2259,2808,2547,2709,2061,2826,2268,2529,2610,2169,2700,2502,
Shot 10:2907,2925,2934,2889,2898,
Shot 11:2961,2988,2952,
Shot 12:3078,3159,3123,3150,3051,3006,3096,3114,
Shot 13:3168,
Shot 14:3177,3186,
Shot 15:3321,3285,3267,3618,3258,3663,3312,3402,3384,3681,3357,3429,
Shot 16:3753,3888,3699,3789,3771,3906,3825,3852,3870,3726,3735,3798,3744,3879,3843,
Shot 17:4059,4014,4041,4077,3915,4068,3996,4005,
Shot 18:4104,4086,4095,
Shot 19:4113,
Shot 20:4131,4122,4140,
Shot 21:4266,4329,4194,4311,4284,4185,4221,4293,4257,4203,4158,4320,
Shot 22:4338,
Shot 23:4347,
Shot 24:4356,
Shot 25:4365,
Shot 26:4374,
Shot 27:4383,4410,4428,4437,
Shot 28:4473,4455,4464,4482,
Shot 29:4491,4509,4500,
Shot 30:4923,5202,4842,5013,4635,5157,5130,4833,4518,4986,5058,5094,4851,4824,4599,4815,5049,4860,5247,4914,4797,5211,4617,4905,4770,4716,4680,4752,4878,4977,5031,4968,
Shot 31:5580,5427,5436,5958,5319,5607,5634,5490,5625,5985,5418,5463,5454,5598,5589,5670,5769,5562,5265,5832,5877,5571,
Shot 32:6030,6084,6057,6048,6066,6021,6012,6075,
Shot 33:6714,6885,8838,6876,8568,6840,8217,6498,7191,8748,8064,7749,7677,7650,6849,7893,7848,6921,6372,8532,7992,7353,6858,6912,6156,7596,7704,8469,7389,7785,7758,6489,8262,8658,8622,8109,6183,7407,8370,8235,7713,7686,6903,6102,6525,8163,6993,8874,6381,8550,6579,7911,6939,7497,8091,8757,8901,8820,8037,6966,6408,6111,6957,7542,8289,7308,7470,7515,8478,7254,7803,7578,6399,8829,8010,8577,6795,6615,6219,8811,8676,8352,7443,8883,6120,7272,7173,6597,6417,6300,6453,6687,6786,6822,8604,6138,8784,6174,8847,6705,6147,6741,
Shot 34:8955,8946,8964,
Shot 35:9126,9333,9639,9549,8991,9189,9450,9306,9684,9486,9675,9351,9171,9504,9531,9207,9234,9081,9054,9459,9324,9423,9288,9027,9369,9198,9720,9225,9567,9252,9036,9477,9603,9405,8973,9108,9387,9378,9585,9018,9045,9153,9090,9072,9099,9216,9513,
Shot 36:9765,9738,9792,9756,
Shot 37:9855,9909,9918,9864,9846,
Shot 38:9927,9936,
Shot 39:9981,10044,9963,9990,9999,9972,
Shot 40:10080,10107,10098,10125,10053,10071,10062,10089,
Shot 41:10170,10143,10134,10179,10161,
Shot 42:10206,10197,10215,
Shot 43:10224,
Shot 44:10269,
Shot 45:10278,
Shot 46:10287,10296,
Shot 47:10305,
Shot 48:10332,10314,10323,
Shot 49:10368,10350,10377,
Shot 50:10386,
Shot 51:10440,10395,10404,10485,10413,10476,
Shot 52:10494,
Shot 53:10503,
Shot 54:10575,10521,10512,10557,10530,10584,
Shot 55:10593,
Shot 56:10611,10620,10602,
Shot 57:10629,10638,
Shot 58:10647,
Shot 59:10674,10719,10728,10737,10710,10746,10665,10656,
Shot 60:11412,
Shot 61:11421,
Shot 62:11430,13428,11853,
