Shot 0:9,
Shot 1:1548,126,1494,243,216,2160,162,2151,1125,1170,2232,1062,1260,2403,2430,1197,1458,2016,1224,1134,2610,720,1998,1611,369,531,585,1962,1107,1026,765,576,2358,1242,792,2628,495,675,1953,2520,2313,2511,414,1431,1323,2556,1827,1296,2124,1143,387,855,2349,891,1917,2367,2214,432,1053,972,1701,522,360,1422,225,396,261,1836,549,2619,2466,2169,1089,2439,1152,2007,1539,2529,540,1971,405,2241,
Shot 2:2655,
Shot 3:2664,
Shot 4:2988,2673,3132,2916,3321,3240,2970,3015,3222,3114,3303,3186,2709,3285,3339,2871,3042,3204,2790,2745,2817,3141,2898,2682,3006,2952,3123,3294,
Shot 5:3375,3393,
Shot 6:3564,3420,3447,3411,3501,
Shot 7:3663,3699,3582,3573,3645,3672,3654,3735,
Shot 8:4194,4122,4833,4797,4851,4878,4410,3861,4788,4572,3807,4230,4725,4293,4311,4131,4770,4527,3780,3852,
Shot 9:4914,4995,5004,4941,4977,
Shot 10:5031,
Shot 11:6417,5805,6327,6048,5733,5931,6093,7029,5301,5967,5796,5958,7137,5040,6714,6552,5589,5670,5832,6237,6399,7047,6057,5976,6192,6345,5103,6534,6453,6597,5256,6489,6615,6336,5787,6084,6561,6435,6480,6570,6543,6066,6408,5679,5814,5940,
Shot 12:7479,7263,7380,7155,7461,
