Shot 0:378,900,189,576,234,765,855,549,495,243,810,828,783,891,297,747,198,792,756,531,450,360,801,270,225,9,180,351,
Shot 1:927,963,
Shot 2:1062,
Shot 3:1908,1089,1107,2061,1377,2214,1575,1989,1134,1098,2196,1440,1926,1242,2088,1917,1755,1881,1161,1629,1314,1278,1602,1557,
Shot 4:2529,2313,2232,2268,2511,2601,2565,2295,2547,2520,
Shot 5:2637,2610,2673,2655,
Shot 6:2952,3465,3222,3303,3627,3321,2745,2682,2979,2727,2790,3339,2961,3132,2835,3096,3600,2817,3609,2826,2844,2853,2925,2889,2907,
Shot 7:3636,3645,
Shot 8:3753,3987,3960,3897,3771,3915,3969,3663,
Shot 9:4005,3996,4014,
Shot 10:4032,
Shot 11:4041,4050,
Shot 12:5211,5409,5904,4059,4995,5850,5823,6138,5562,5274,4914,4410,4500,5535,4959,5814,4446,4986,4653,6048,5058,4581,4392,6030,5319,4797,5103,4374,5283,5004,6147,5508,4716,4608,4698,5805,5958,
Shot 13:6183,6192,
Shot 14:6273,6246,6228,
Shot 15:6417,6723,6300,6570,6705,7173,6786,6345,6318,7128,6363,6327,6507,7326,7317,7137,7155,6678,6462,6309,7200,7245,
Shot 16:7335,
Shot 17:7362,
Shot 18:7389,7506,7443,7371,7407,7416,7380,
Shot 19:7551,7560,
Shot 20:7722,7596,7614,7659,
Shot 21:7767,7938,7803,7776,
Shot 22:9261,8316,9450,8730,8271,9378,8289,8613,8919,8118,9351,8334,8298,8262,8991,9018,8487,9333,9396,8082,8559,8010,9000,8739,8280,8037,9081,8028,8469,9234,9135,8595,9306,8676,8694,8046,8982,9315,9279,9270,
Shot 23:9459,
Shot 24:9468,9477,
Shot 25:9486,
