Shot 0:18,45,9,
Shot 1:135,72,108,162,117,90,126,
Shot 2:279,387,351,333,369,360,306,234,
Shot 3:414,477,
Shot 4:612,513,747,
Shot 5:810,864,1116,783,1071,1161,756,828,1107,1125,855,765,1089,819,801,
Shot 6:1296,1359,1314,1332,1377,1179,
Shot 7:1494,1593,1602,1503,
Shot 8:1674,1647,1692,
Shot 9:1962,1818,1800,1971,
Shot 10:2007,2097,2169,2349,2331,2070,1980,2115,2025,
Shot 11:2394,2385,2403,2376,
Shot 12:2430,2439,2610,2655,2502,2646,2457,
Shot 13:2691,2781,2664,2673,
Shot 14:2871,3015,2835,2880,
Shot 15:3303,3654,3474,3339,3186,3438,3402,3348,3609,3978,3276,3240,3195,3267,
Shot 16:4014,4023,
Shot 17:4032,4041,
Shot 18:4311,4113,4446,4266,4563,4464,4221,4248,4788,4635,4203,4230,4590,4149,4257,4644,4284,4293,
Shot 19:4824,4815,4842,
Shot 20:5139,4896,4914,5184,5157,5130,
Shot 21:5778,5400,5382,5418,5202,5661,5715,5373,
Shot 22:5868,6147,5967,6120,5877,
Shot 23:6165,
Shot 24:7011,6741,6696,7047,6489,7155,6606,6228,6399,6597,6615,6273,6255,6201,6849,6678,6588,7065,7110,6948,6543,6327,6993,6300,6480,6192,6885,6246,7182,7092,7020,6984,7002,
Shot 25:7254,7272,7200,
Shot 26:7488,7686,7425,7281,7317,7443,7632,7461,7596,7389,7299,7668,7434,7641,7713,7524,
Shot 27:7776,
Shot 28:7830,7884,7785,
Shot 29:8019,8091,8055,7911,8064,8082,8073,8001,
Shot 30:8109,8208,8100,
Shot 31:8397,8361,8388,8442,
Shot 32:8505,8559,8541,8568,8532,8523,8496,
Shot 33:8586,8631,8577,8595,8604,8622,8613,
Shot 34:8694,8739,8712,8721,8640,8793,8649,8757,8703,
Shot 35:8982,9063,9315,9153,9333,9180,9171,9135,8892,8820,9027,9054,8802,8973,
Shot 36:9351,9360,9342,
Shot 37:9495,9657,9675,9486,
Shot 38:9702,9828,9837,9801,9756,9783,9684,
Shot 39:9855,9864,9846,
Shot 40:9891,9873,9882,
Shot 41:9918,9936,
Shot 42:9954,
