Shot 0:972,558,1089,486,1179,981,9,
Shot 1:1395,1476,1503,1521,1449,1431,1575,1530,1278,1305,1512,1539,1350,1485,1584,1323,1494,1332,1557,1359,1467,1566,1422,1269,
Shot 2:1593,
Shot 3:1764,1791,1809,1782,1773,
Shot 4:1818,
Shot 5:2079,2043,2025,2142,2160,2007,2115,2097,1989,1980,2133,1998,2016,2169,2151,2088,2187,2061,2070,
Shot 6:2196,2241,2214,2232,2250,2223,2205,
Shot 7:2304,2529,2655,2745,2547,2466,2448,2475,2457,2628,2538,2619,2691,2664,2826,2808,2403,3123,2772,2673,2871,2718,3033,2556,2637,
Shot 8:3231,3294,3312,3303,3240,3249,
Shot 9:3357,3339,3321,3366,3330,3348,
Shot 10:3375,
Shot 11:3654,3618,3681,3636,3609,3591,3672,3699,3663,3708,
Shot 12:3762,3969,3717,3726,3816,
Shot 13:4095,4140,4113,4068,4050,4077,4104,4122,4086,4041,4131,
Shot 14:4149,
Shot 15:4158,
Shot 16:4167,4257,
Shot 17:4590,4338,4554,
Shot 18:4698,
Shot 19:5238,5166,5247,5202,5229,
Shot 20:5301,
