Shot 0:27,
Shot 1:36,
Shot 2:45,54,
Shot 3:63,
Shot 4:72,
Shot 5:81,
Shot 6:117,153,135,90,126,144,99,
Shot 7:171,162,180,
Shot 8:279,342,189,369,333,225,324,360,414,378,252,387,396,351,207,243,270,
Shot 9:594,423,432,783,441,486,621,468,648,
Shot 10:1620,846,1611,837,1629,
Shot 11:1719,1755,1737,1710,
Shot 12:1809,1899,1962,1944,1935,1791,1908,1800,
Shot 13:1971,
Shot 14:2187,2151,2178,2043,2205,2196,
Shot 15:2304,2214,2232,2223,2250,2241,2277,2313,
Shot 16:2754,2898,2403,2916,2871,2673,2367,2889,2385,2583,2358,2907,2466,2700,2709,2853,2691,2799,2817,2736,2421,2664,2529,2727,2718,2808,2448,2574,2772,2430,2619,2592,2826,2781,2745,2610,
Shot 17:2925,2934,
Shot 18:2943,
Shot 19:2952,
Shot 20:2961,2970,
Shot 21:3096,2979,3042,3087,3258,3339,
Shot 22:4626,4338,3690,3789,3438,3924,3987,4122,4428,3852,3537,4176,4599,4014,3663,4401,4041,4446,4689,4725,
Shot 23:4851,4734,4833,4869,
Shot 24:5751,5535,5427,5517,5139,5490,4941,5625,5607,5553,5337,5508,5544,5580,5634,5562,4887,5643,6093,5661,5733,
Shot 25:6228,
Shot 26:6660,6480,6309,6327,6750,6345,6291,6453,6939,6696,
Shot 27:7353,7506,7074,7434,7182,
Shot 28:7920,7758,9000,7794,7983,8199,8937,7740,8208,8478,7929,7848,
Shot 29:9261,9027,9063,
Shot 30:9495,9684,9648,9576,9675,9531,9549,9450,9513,
Shot 31:9936,9738,9828,10107,10035,10071,9729,9702,10089,10062,9747,10098,10053,9711,9756,9990,9720,10017,10116,10080,10008,9774,10026,9972,9999,9981,9765,9945,9918,9801,9963,
Shot 32:10125,10134,
Shot 33:10152,10161,10143,
Shot 34:10440,10755,10170,10683,10719,10620,10575,10746,10602,10701,10278,10728,10485,10233,10530,10737,10629,10404,10467,10656,10422,
Shot 35:10791,10845,10764,10827,10773,10809,10782,
Shot 36:11061,10854,10872,11367,11214,10881,10890,10863,11196,10917,10899,11268,11295,11250,
Shot 37:11394,
Shot 38:11430,11457,11403,11439,11412,11421,11448,
Shot 39:11574,11628,11511,11493,11610,11547,11475,11520,11538,11583,
Shot 40:12141,12321,11853,12087,12384,11817,12033,11907,11655,12123,11880,12474,11637,12339,11727,12195,12213,12438,11646,12249,11943,11889,11826,12456,11871,12267,12222,12114,12447,12411,11916,11988,11781,11898,11664,12204,11808,12285,12465,12330,12303,12060,12231,12375,12105,11763,12177,11925,11862,11970,12132,11700,11673,12186,11790,12150,
Shot 41:12600,12672,12798,12708,12537,12870,12483,12564,12501,12492,12582,12510,12834,12546,12879,12519,12852,12528,12555,12591,12609,12618,12573,
Shot 42:13374,13059,13284,12915,12933,13293,13239,12987,13167,12924,13104,12951,13203,13140,13671,13275,13428,13491,13455,13122,13041,13149,13473,13419,13392,13050,13095,
Shot 43:14049,13851,13716,14013,13797,13734,13968,13914,14094,13779,13995,13725,13752,14004,13905,13698,14076,13986,14040,14058,14103,13941,14085,13959,13806,
Shot 44:14148,14112,14121,14193,14130,14184,14157,14202,14139,
Shot 45:14328,14796,14616,14760,14724,14229,14598,14706,14742,14562,14940,14445,14499,14409,14580,14382,14256,14472,14238,14274,14607,14454,14994,14958,14652,14247,14535,14868,14787,14301,14715,14922,14391,14355,14769,14688,14265,15003,14364,14310,14418,14292,14346,14625,14931,14319,14436,15012,
Shot 46:15039,15048,15030,
Shot 47:15093,15057,15111,15066,15102,
Shot 48:15201,15129,15228,15183,15156,15147,15219,15192,15174,15138,15210,
Shot 49:15309,15237,15273,15345,15246,15327,15282,15291,15336,15300,15318,15354,15255,
Shot 50:15444,15381,15498,15480,15408,15489,15471,15417,15399,15426,15372,15462,15390,15453,
Shot 51:15579,15615,15660,15507,15516,15669,15642,15543,15525,15606,15561,15552,15597,
Shot 52:15678,
Shot 53:15768,15732,15858,15813,15741,15795,15831,15687,15777,15750,15759,15840,
Shot 54:15867,
Shot 55:15957,16020,16092,16065,16002,15876,16029,15903,16074,15939,15984,15912,15930,16056,15894,15975,16011,16083,16047,15921,15993,15885,15966,
Shot 56:17631,16371,16848,16506,16209,16128,17253,16461,17829,16974,17919,16884,16560,16281,16299,16272,16164,16227,16317,16191,16101,16479,16434,16119,16668,16389,17181,16551,16155,17685,16443,16794,16524,17676,16821,17757,17694,18063,17640,17622,17703,
Shot 57:19062,18225,18612,18720,19107,18846,18927,18972,19098,18459,19026,19089,18918,18936,19080,19053,19071,19044,18990,18441,18342,
Shot 58:19332,19566,19512,19134,19116,19422,19548,19152,19179,19449,19521,19557,19377,19224,19485,19530,19278,19188,19467,19143,19404,19251,19206,19197,19386,19341,19323,19368,
Shot 59:19584,19611,19620,19575,19593,
Shot 60:19665,19728,19701,19719,19629,19692,19647,
Shot 61:19737,19746,
Shot 62:19782,19800,19764,19791,19773,
Shot 63:19836,19890,19809,19872,19908,19854,19827,19845,
Shot 64:19935,20025,
Shot 65:20079,20169,20043,20133,20070,20106,
Shot 66:20178,20250,
Shot 67:20259,20367,
Shot 68:20601,20394,20493,
Shot 69:20682,
