Shot 0:9,18,
Shot 1:36,171,45,27,
Shot 2:387,648,576,225,729,252,324,234,693,432,351,396,378,315,
Shot 3:1467,882,2052,1629,2160,1323,873,1395,1080,1611,1746,783,1233,1683,1998,837,1620,1890,1359,1431,1836,2106,2079,1485,
Shot 4:2187,
Shot 5:2196,
Shot 6:2205,
Shot 7:2268,2376,
Shot 8:2502,2556,
Shot 9:2637,2655,
Shot 10:2745,2844,2736,2826,2772,2673,
Shot 11:2880,
Shot 12:2907,3105,2952,2898,2934,
Shot 13:3618,3186,3465,3294,3402,3114,3654,3546,3195,3411,3627,3609,
Shot 14:3816,4068,4419,3699,4518,4302,3762,4158,3996,4401,3870,
Shot 15:4626,4527,4662,4563,4581,4635,4653,
Shot 16:6165,6633,6354,5247,7290,6732,6660,4797,6012,7083,6417,5940,6966,7200,5490,6678,6507,5184,5742,5877,6363,5265,4860,6777,6714,6687,6381,7317,5373,6372,6075,6219,6525,4923,6345,5976,5031,5832,7281,4842,6741,5193,7299,6588,5544,6669,6831,5841,5211,6750,4671,6651,6435,5418,7011,6471,6300,7164,4986,6039,5589,5652,
Shot 17:7362,7407,7344,7335,
Shot 18:7425,7434,
Shot 19:7965,8019,7749,7479,7461,7803,7902,7785,8010,7731,7443,7704,7767,7875,7956,7929,7938,8001,7866,7740,7713,
Shot 20:8145,8163,8109,8127,8136,
Shot 21:8352,8235,8415,
Shot 22:8451,
