Shot 0:135,234,180,72,63,81,279,189,90,9,270,207,162,225,45,261,99,243,144,54,288,126,
Shot 1:369,423,414,306,396,387,360,
Shot 2:432,
Shot 3:567,621,459,468,576,450,630,585,594,558,612,549,
Shot 4:639,900,720,666,756,909,783,810,801,774,765,864,837,882,693,729,702,792,891,675,747,846,
Shot 5:972,963,945,954,936,990,
Shot 6:1035,1008,999,1017,1026,1044,
Shot 7:1071,1053,1116,1080,1098,1134,1089,1062,
Shot 8:1161,1143,1188,1170,1179,1197,1152,
Shot 9:1206,1215,
Shot 10:1782,2115,1917,1566,1899,1692,1629,1296,1557,1800,1287,1233,2151,1674,1611,1593,1548,1431,1260,1305,1719,1890,1323,2061,1962,2016,1269,1332,1728,1638,
