Shot 0:270,72,9,144,351,99,198,342,171,324,297,
Shot 1:423,369,387,396,405,495,
Shot 2:513,540,594,603,504,
Shot 3:882,1170,621,1071,819,666,828,711,1098,954,1152,909,729,657,1107,1143,900,639,
Shot 4:1179,
Shot 5:1773,1494,1503,1476,1575,1539,1296,1512,1350,1548,1449,1827,1413,1818,1431,1656,1728,1269,1755,1674,1386,1359,1710,1791,1800,1593,1404,1332,1746,1665,1647,
Shot 6:2007,1890,1953,2016,1917,1944,1836,1962,2052,2025,
Shot 7:2448,2223,2079,2124,2178,2196,2097,2259,2151,2322,2214,2286,2160,2169,2133,2142,2205,2241,2187,2268,2367,2349,2106,2331,2358,2277,2376,2502,2313,2547,2466,2403,2439,2421,2457,2538,
Shot 8:2556,
Shot 9:2889,2745,2592,2637,2628,2565,2799,2574,2961,2682,2646,2727,2880,2835,
Shot 10:3060,3033,3150,3105,3078,3087,3069,3051,
Shot 11:3177,3186,3168,
Shot 12:3321,3456,3195,3366,3249,3339,
Shot 13:3537,3492,3474,3519,3546,
Shot 14:4086,3708,3555,3564,3753,3816,3735,3852,3717,3672,3897,3699,3573,3744,4041,3933,3915,4104,3969,3690,3861,3978,3582,3780,3996,3726,3600,4068,3888,4032,4077,
Shot 15:4149,4221,4140,4158,
Shot 16:4365,4230,4311,4293,4248,4320,4338,4356,
Shot 17:4446,4374,4401,4419,4428,4392,4455,
Shot 18:5040,4644,5823,4536,4797,4590,4698,4608,5553,4662,4554,4626,4599,4527,4806,4770,4824,4473,4464,5319,5454,4995,4779,4815,5238,5139,4950,4887,5130,5202,4977,5166,5004,5274,5157,4932,4896,5229,4869,5103,4842,5184,4923,5058,
