Shot 0:2844,3033,9,1359,2754,999,2916,2853,2826,2889,2880,2817,2907,2871,
Shot 1:3240,
Shot 2:3555,3249,3258,3411,3690,3492,3573,3546,
Shot 3:3708,3717,
Shot 4:5571,4374,6417,4356,4383,5319,4779,4311,3735,4815,4131,4698,6741,3960,4464,4518,5490,4077,7146,3771,5364,6255,4842,4554,5094,7137,7056,6804,5193,5292,6687,5607,6912,6534,4428,4977,5238,6273,
Shot 5:7470,8703,7929,9648,8397,7974,9657,9360,8739,7506,9378,9045,8289,7983,9585,7209,8316,9279,9297,9108,7623,7659,9324,8208,9171,7164,7965,8163,7200,7452,7749,7650,
Shot 6:9675,9702,
Shot 7:9756,9720,9891,
Shot 8:9927,9936,
Shot 9:10170,10431,9963,10008,
Shot 10:10530,10449,10476,10512,10485,
Shot 11:13797,12186,12807,11952,10539,13401,13860,13455,13617,12033,11241,12789,11178,14013,12879,14130,14409,14247,13662,14175,10926,11655,11115,13419,11583,11052,13815,13122,12780,13752,14049,11727,13599,12051,12645,12852,13671,13644,13923,13806,14274,11853,12519,13689,14193,10809,13527,12042,11907,13950,11916,13932,13941,10800,11754,
Shot 12:14760,14436,14454,14832,14445,14616,14535,14733,14427,14517,14778,
Shot 13:14850,
Shot 14:14859,
