Shot 0:792,225,9,630,729,558,891,828,756,540,
Shot 1:1863,1350,1674,1782,1719,1917,1629,1071,1692,1827,1746,1890,1566,1728,1107,1872,1899,
Shot 2:1953,2457,2070,1926,2673,1980,1998,2115,2142,2304,2187,2502,2421,2286,1935,2376,1971,1962,1944,2664,
Shot 3:2727,2691,2709,2700,2718,2763,2736,
Shot 4:3465,2871,3843,3816,2934,3825,3366,3150,2961,3744,3717,3834,2907,3807,3033,3636,3069,3195,2943,3762,3420,2880,3510,2952,3168,3429,
Shot 5:3852,3861,
Shot 6:3870,
Shot 7:3906,
Shot 8:4221,4437,4563,4608,4284,3960,4734,4131,3915,4338,4455,4680,4401,4149,4545,3978,4716,4320,4203,4473,4698,4626,4185,4140,4446,4212,
Shot 9:4869,4860,4878,
Shot 10:6498,7470,4950,5310,5796,6147,5967,5661,4914,6804,5751,5976,6975,7461,6138,4932,5733,7344,5562,5940,6192,7308,6723,5670,7209,5877,6984,6930,6219,7443,6444,6021,6741,5958,6714,7200,6525,6597,7155,7173,6687,7425,5607,5913,5886,6471,6957,6030,7218,6246,6570,5895,6003,7101,6012,6867,5922,7047,6624,6255,7110,6966,6093,6840,6480,6489,7452,6732,
Shot 11:7533,7497,7551,
Shot 12:7560,
Shot 13:7569,
Shot 14:7578,
Shot 15:7587,
Shot 16:7605,7623,7596,7614,
Shot 17:7632,
Shot 18:7650,7641,7659,
Shot 19:7677,7713,7668,7695,
Shot 20:7731,7722,7740,
Shot 21:8172,7794,8874,8406,7911,7758,8064,8640,8550,8487,8001,8100,8424,8370,8676,8298,8658,8145,8244,8613,8595,8397,8415,8118,8307,8163,8667,8181,
Shot 22:8883,
Shot 23:8892,8901,
