Shot 0:9,54,
Shot 1:1620,2286,2592,954,1386,2637,891,1773,1854,2448,2583,990,2169,1071,2601,1125,1890,1683,1566,2493,2394,1179,2250,1242,1296,2349,1728,1935,1530,
Shot 2:2880,2745,2835,2655,
Shot 3:2916,2943,2934,2925,
Shot 4:2970,2952,2961,2979,
Shot 5:4734,3753,5589,4005,3096,5256,3024,4959,5490,5004,5166,5031,4788,4212,5292,5337,5472,4455,4248,4590,5535,3168,4626,5400,3600,3636,4095,4383,3888,5094,
Shot 6:5643,
Shot 7:5751,
Shot 8:5850,
Shot 9:5940,6039,
Shot 10:6129,6165,
Shot 11:6255,
Shot 12:6642,6534,6300,
Shot 13:7524,7173,7254,7587,7686,
Shot 14:7776,
Shot 15:7848,7911,
Shot 16:8019,8091,
Shot 17:8118,8253,8289,
Shot 18:8316,8352,
Shot 19:8370,8424,
Shot 20:8622,8658,8613,
Shot 21:9306,8820,8901,8703,8874,9342,9117,9180,9153,8991,8964,9324,9126,
Shot 22:9738,9612,9711,9675,10188,10737,9693,9954,9927,10728,10323,9369,9909,9765,10179,10161,10242,10260,10422,9891,10404,10386,10395,9621,
Shot 23:10998,11052,10863,11025,10764,
Shot 24:11664,11376,11115,11844,11250,12348,11421,11475,11907,11736,11394,11448,11871,12285,11943,11637,11691,
Shot 25:12420,12447,12375,
