Shot 0:72,270,144,18,117,135,9,27,198,162,45,
Shot 1:288,315,279,297,
Shot 2:396,603,342,531,423,324,360,675,549,405,648,351,693,378,459,369,486,
Shot 3:729,702,783,711,765,756,774,792,720,738,
Shot 4:801,
Shot 5:837,864,819,855,810,846,828,
Shot 6:882,1116,972,1008,918,990,900,873,981,1107,891,909,
Shot 7:1152,1161,1125,1134,
Shot 8:1179,1215,1188,1206,1170,
Shot 9:1269,1233,1242,1260,1224,1278,1251,
Shot 10:1377,1296,1395,1350,1341,1359,1332,1368,1386,
Shot 11:1431,1449,1458,1404,1440,1413,
Shot 12:1530,1773,1629,1494,1737,1701,1503,1467,1602,1620,1566,1512,1521,1476,1575,1548,1746,
Shot 13:1809,1827,1818,1800,
Shot 14:1890,1926,1836,1863,1872,1854,1881,1908,1917,1899,
