Shot 0:9,36,27,
Shot 1:45,54,
Shot 2:90,63,72,
Shot 3:108,
Shot 4:153,162,171,117,
Shot 5:207,189,198,180,
Shot 6:369,279,405,306,333,297,216,414,360,342,315,225,378,252,396,
Shot 7:423,432,
Shot 8:702,459,594,954,873,522,558,792,900,909,441,675,828,612,927,576,846,783,945,468,630,648,693,585,774,738,882,918,
Shot 9:963,
Shot 10:981,999,1008,1017,972,
Shot 11:1026,1035,
Shot 12:1044,1062,1053,
Shot 13:1071,1080,
Shot 14:1089,1098,
Shot 15:1107,
Shot 16:1116,
Shot 17:1125,1143,1134,
Shot 18:1152,
Shot 19:1161,1170,
Shot 20:1233,1332,1206,1323,1251,1269,
Shot 21:1413,1350,1359,1386,1341,
Shot 22:1440,1458,
Shot 23:1494,1476,1485,
Shot 24:1602,1521,1503,1629,1593,1674,1530,1611,1566,1548,1656,1584,1575,1539,1620,1638,
Shot 25:1683,1692,
Shot 26:1728,1764,1737,1755,1773,1710,1701,1746,
Shot 27:1782,
Shot 28:1791,1800,1818,
Shot 29:1827,
Shot 30:2826,2133,2016,2664,2700,2502,2475,2547,2313,2583,2691,2511,1845,2709,2403,2196,2070,2214,2376,1899,2259,1989,2331,2880,2277,2889,2241,2079,2682,2484,1917,2817,2745,1854,2907,1998,2916,2853,1836,2637,2295,2556,2268,2322,2286,2430,2223,1926,2097,2520,2727,2124,1935,2106,2448,2772,2088,2178,1953,2007,1908,2736,2412,2232,2898,2421,2628,2394,2538,2358,2862,2160,2592,2439,1890,2835,2457,2655,1962,2808,2646,2493,2205,2844,2349,2871,2673,1971,1872,2466,2115,2601,2304,2754,1944,2142,2781,2385,2340,2799,
