Shot 0:351,477,9,594,135,243,126,369,576,468,18,252,360,585,27,
Shot 1:810,693,711,819,
Shot 2:1044,1134,1026,
Shot 3:1368,1161,1152,1251,1269,1260,1377,
Shot 4:1476,1467,1485,
Shot 5:1719,1602,1494,1710,1611,1728,
Shot 6:2142,1935,1827,2169,2043,2034,1926,1836,2052,2160,
Shot 7:3627,3294,2268,2826,3159,3492,2610,2493,3393,2277,2952,3051,2709,3249,3384,2934,3510,3375,3609,3168,2835,2943,
Shot 8:3825,3942,3843,3735,3852,
Shot 9:5760,4977,5544,5517,5643,4536,5868,4194,5652,5634,5202,4410,4509,4059,4644,5859,4176,3960,4626,4077,4527,5625,5661,5751,3969,5535,
Shot 10:6093,6534,5985,6768,6417,6210,6651,5967,6858,6516,6759,6642,6300,6525,6201,6075,5976,6084,6633,6192,5994,6660,6309,
Shot 11:6885,6867,6876,6894,
Shot 12:6993,7110,7101,
Shot 13:7362,7227,7344,
Shot 14:7839,7479,7974,8109,7461,7857,8100,7731,7740,
Shot 15:8235,8118,8325,8217,8226,8127,8316,
Shot 16:8451,8334,8541,8352,8460,
Shot 17:8550,8559,
Shot 18:8568,8676,8667,8577,
Shot 19:8784,8919,8685,8775,
Shot 20:9432,9756,9198,9540,9306,9063,9648,9747,9180,9297,9639,9189,9414,9531,9405,
Shot 21:9882,
Shot 22:10125,9999,10224,10134,
Shot 23:10809,10242,10467,10692,10233,11133,10602,10350,10926,11025,10584,10575,10908,10917,10458,10683,10593,11043,11016,10899,
Shot 24:11493,11385,11151,11268,11142,11466,11358,11367,11241,11250,11349,11583,11475,
Shot 25:11925,11601,11709,11943,11808,11700,11934,11817,11610,
Shot 26:12051,12393,12267,12159,12375,12384,12483,12150,12366,12141,12258,12033,12276,
Shot 27:12510,12609,12492,12591,12600,12501,
Shot 28:12834,12708,13176,12960,13059,12717,12726,13158,13149,13050,13041,12933,12825,13167,13068,
Shot 29:13266,13284,
Shot 30:13365,
Shot 31:13374,13383,
Shot 32:14040,13815,13689,13464,13797,13923,13482,14022,13590,13707,13914,14130,13608,13716,14031,
Shot 33:14148,14139,14166,
Shot 34:14247,14256,
Shot 35:14373,14274,14346,14463,14355,14265,14364,
Shot 36:14472,14571,14490,
Shot 37:14589,14688,14580,14607,
Shot 38:14913,14697,14715,15021,14814,14706,14823,14805,14940,14922,
Shot 39:15606,15048,15822,15471,15372,15156,15840,15489,15255,15714,15831,15390,15732,15264,15588,15147,15381,15138,15480,15723,
Shot 40:15930,15939,
Shot 41:16047,16164,15948,16038,16155,16146,16065,
Shot 42:16290,16389,16272,16380,
Shot 43:16677,16848,16740,16497,16515,16506,16722,16713,16605,16839,16830,
Shot 44:16938,16947,
Shot 45:17064,16965,16956,17055,
Shot 46:17298,17163,17397,17172,17190,17388,17280,
Shot 47:17460,17514,17406,17487,17496,17415,17505,17433,17424,17442,17478,17451,17469,
