Shot 0:117,171,63,81,153,99,9,126,144,90,72,27,162,135,45,108,
Shot 1:198,180,189,216,207,
Shot 2:225,
Shot 3:234,
Shot 4:261,252,243,270,
Shot 5:279,288,
Shot 6:297,
Shot 7:351,306,369,324,315,360,342,333,
Shot 8:378,
Shot 9:405,396,387,414,
Shot 10:423,441,432,
Shot 11:900,1386,720,603,1251,756,1404,1188,648,774,855,1224,450,1278,1152,801,684,657,1305,963,909,
Shot 12:1431,1449,1440,1422,
Shot 13:1458,
Shot 14:1476,1485,
Shot 15:1521,1557,1548,1530,1494,1539,1503,
Shot 16:1710,3960,3969,2196,2808,2313,3474,3951,3672,1773,2745,3501,2574,3942,1791,3411,3798,2403,2844,2232,3627,2061,3438,2556,1566,3294,3555,1908,3690,3231,3735,2646,3609,3888,3375,2160,2097,1809,1638,1575,1728,1611,1674,1692,1656,1719,1665,
Shot 17:3978,
Shot 18:4005,4014,3987,3996,
Shot 19:4023,
Shot 20:4032,
Shot 21:4041,
Shot 22:4050,
Shot 23:4059,4068,
Shot 24:4077,
Shot 25:4086,
Shot 26:4095,4104,
Shot 27:4284,4464,4428,4122,4329,4563,4680,4248,4194,4158,4608,4734,4554,4356,4545,4113,4716,4365,4572,4455,4689,4374,4230,4653,4509,4311,4266,4725,4275,4482,4743,4347,4257,4383,4293,4473,4212,4590,4320,4410,4437,4239,
