Shot 0:9,18,
Shot 1:324,468,126,513,252,459,216,72,423,486,288,234,432,198,171,477,378,306,270,108,135,297,207,405,315,
Shot 2:756,738,531,558,747,729,765,
Shot 3:873,1251,1233,1080,801,981,936,1215,1323,909,828,1197,882,1269,
Shot 4:2628,1422,2223,2457,1773,1917,2565,2727,2592,2664,2610,2637,2448,
Shot 5:3096,3384,3339,3240,2835,3312,3285,3357,3042,3303,3258,3330,3294,3375,3276,3177,3366,3321,2871,3348,3024,2853,3159,3006,3069,3141,2934,3087,3105,
Shot 6:3393,3402,
Shot 7:3411,
Shot 8:3420,3501,3456,3519,
Shot 9:3528,3663,3591,3555,
Shot 10:3996,4293,4239,4140,4212,4257,4059,4284,3978,
Shot 11:4536,4635,4329,4662,4563,
Shot 12:4824,4869,4734,4779,4761,4860,4914,4788,
Shot 13:5004,4941,5013,4995,
