Shot 0:288,306,63,180,162,297,9,261,279,
Shot 1:945,432,612,1611,315,1521,1575,1422,1674,1386,1251,1665,1701,1539,1395,1458,1584,1152,1350,1188,1170,1494,1305,1197,1431,1512,1035,1179,1503,855,1008,
Shot 2:1710,
Shot 3:1971,2052,1800,1719,2043,1935,1863,1980,2016,1791,2061,1998,1944,1962,
Shot 4:2070,
Shot 5:2097,2088,2079,2106,
Shot 6:2115,
Shot 7:2169,2196,2124,2133,2151,2142,2187,
Shot 8:2277,2223,2268,
Shot 9:2340,
Shot 10:2349,
Shot 11:2574,2376,2628,2358,2403,2592,2484,2502,2430,2385,2547,2610,2583,2439,2493,2538,2619,2565,2394,2475,2637,
Shot 12:2673,2700,2655,2646,2691,2664,2682,
Shot 13:2763,2754,2727,2718,
Shot 14:2772,
Shot 15:2844,2790,2799,2817,2808,2835,2853,2826,
Shot 16:2979,3006,3051,3078,2862,3024,3042,2970,3087,
Shot 17:3114,3123,
Shot 18:3159,3222,3195,3177,3231,3150,3204,
Shot 19:3447,3546,3249,3276,3366,3258,3555,3465,3420,3429,3456,3573,3609,3411,3438,3564,3375,
Shot 20:3717,3663,3618,3636,3645,3672,3708,
Shot 21:3735,
Shot 22:3753,3744,3762,
Shot 23:3771,3780,
Shot 24:3825,3852,3843,3798,
Shot 25:3861,
Shot 26:3906,3897,3870,
Shot 27:3924,
Shot 28:3933,
Shot 29:3960,
Shot 30:3969,3996,
Shot 31:4032,4005,4104,4041,4014,4068,4122,4059,4077,4023,4095,4113,4050,
Shot 32:4194,4212,4230,4140,4203,4221,
Shot 33:4266,4257,4248,4239,
Shot 34:4338,4293,4275,4311,4401,4284,4392,4329,4320,
Shot 35:4410,
Shot 36:4428,4446,4419,
Shot 37:4455,
Shot 38:4518,4626,4608,4788,4464,4491,4509,4545,
Shot 39:4797,
Shot 40:5085,4806,5607,4842,4815,4824,4923,4860,4959,5598,4896,5148,
