Shot 0:99,144,126,9,108,54,
Shot 1:162,180,
Shot 2:225,198,189,261,216,
Shot 3:306,459,
Shot 4:477,
Shot 5:603,504,558,567,666,576,513,630,684,540,585,657,486,495,612,
Shot 6:693,
Shot 7:711,738,729,747,720,702,
Shot 8:756,
Shot 9:765,783,819,828,774,801,792,
Shot 10:837,
Shot 11:873,909,864,882,891,855,900,846,
Shot 12:927,936,918,
Shot 13:954,1125,1026,1116,1161,990,1089,1008,1098,972,999,1062,1071,981,1107,1152,1044,963,1134,945,
Shot 14:1188,1170,1179,
Shot 15:1206,1197,1215,
Shot 16:1242,1341,
Shot 17:1377,1395,1350,1422,1359,1368,1386,
Shot 18:1431,1440,
Shot 19:1521,1449,1584,1476,1557,1503,
Shot 20:1593,1602,
Shot 21:1800,1746,1719,1656,1755,1611,1674,1773,
Shot 22:1818,1845,
Shot 23:1881,1854,1863,1899,
Shot 24:2070,2016,2232,1971,2106,2061,2187,1926,2088,
Shot 25:2412,2268,2484,2601,2817,2826,2709,2673,2439,2475,2646,2520,2781,2844,2358,2502,2331,2727,2457,2682,2421,2628,
Shot 26:2898,2925,2862,2871,2880,
Shot 27:2961,2943,2952,
Shot 28:3051,3015,3060,3033,2979,
Shot 29:3231,3456,3141,3114,3249,3069,
Shot 30:3483,3492,3528,3474,
Shot 31:3798,3681,3717,3645,3834,3906,3744,3654,3870,3726,
Shot 32:3915,3924,3933,
Shot 33:3960,3942,3996,3987,3969,3951,
Shot 34:4032,4005,4014,4023,4041,
Shot 35:4050,4059,
Shot 36:4302,4635,4608,4356,4518,4590,4545,4104,4446,4626,4599,4068,4176,4365,4194,4329,4392,4293,
Shot 37:4644,
Shot 38:5067,4653,4716,5022,5058,
