Shot 0:36,9,45,
Shot 1:153,72,54,108,162,144,
Shot 2:243,297,180,279,207,288,225,261,216,
Shot 3:306,
Shot 4:342,315,369,324,333,360,
Shot 5:378,
Shot 6:432,387,396,405,414,423,
Shot 7:549,450,468,477,495,576,522,459,585,
Shot 8:603,612,594,
Shot 9:648,621,639,630,657,
Shot 10:675,
Shot 11:765,855,1188,990,1089,1017,738,981,684,1359,810,882,1053,1206,1107,945,1134,1026,720,873,1116,1449,999,1215,1287,711,1242,1080,1431,1008,891,1386,756,1224,1035,963,783,774,
Shot 12:1530,2133,2547,1890,2052,1476,2538,2520,2070,1674,2493,1485,1845,1773,2502,1665,2097,1872,1854,1908,2088,2079,2376,1881,1494,1683,1620,1755,1512,1737,2007,1521,1539,1656,1926,1557,1863,2016,1701,2106,1764,1836,1719,1692,1746,1944,1611,1710,1647,2115,2061,
Shot 13:2556,2565,
Shot 14:2574,
Shot 15:2583,
Shot 16:2592,
Shot 17:2637,2610,2655,2601,2646,2619,2628,
Shot 18:2673,2682,2664,
Shot 19:2727,2745,2763,2691,2754,2736,2718,2700,2709,
Shot 20:2799,2772,2781,2790,2808,
Shot 21:2826,2907,2871,2853,2889,2835,2898,2817,
Shot 22:2925,2916,2934,
Shot 23:2970,2943,2961,2952,2979,
Shot 24:3069,3024,3033,2997,3042,3060,3051,
Shot 25:3105,3078,3087,3096,
Shot 26:3807,3141,3114,3546,3987,3240,3312,3510,3537,3168,3843,3528,3132,3123,3177,3582,3825,
Shot 27:4167,4041,4248,4032,4086,4113,
Shot 28:4275,4293,4302,4284,
Shot 29:4536,4311,4374,4347,4491,4563,4527,
Shot 30:4653,4752,5157,4716,5265,4977,4869,5031,5076,5211,4923,5229,4806,4941,4725,5040,4995,4707,5247,5184,4608,5049,5130,5058,4680,4572,4788,4635,4662,5256,
Shot 31:5508,5337,5283,5301,5364,5319,5436,5382,5274,5517,5526,
Shot 32:5787,5715,5589,5625,5643,5670,5805,5814,5733,5751,
Shot 33:5994,5823,5868,5841,5877,5832,5940,5886,5904,6039,
Shot 34:7182,6903,7029,6912,6948,6570,6336,6165,7110,6930,6921,6993,7191,7065,6813,7146,7155,6453,6750,7011,6489,7164,6786,6939,7173,6516,
Shot 35:7209,7506,7488,7524,7398,7515,7470,7263,7335,7497,7227,7200,
Shot 36:7578,7605,7641,7893,7632,7830,7596,7668,7533,7794,7542,7686,7776,7803,7560,7569,7551,
