Shot 0:9,18,
Shot 1:144,27,63,234,198,81,45,36,54,216,180,72,99,189,90,117,135,162,108,
Shot 2:261,270,
Shot 3:297,324,360,279,288,306,
Shot 4:396,432,369,414,450,378,405,387,
Shot 5:486,468,477,495,
Shot 6:540,513,522,531,
Shot 7:648,567,756,576,729,585,594,558,747,666,702,675,603,621,
Shot 8:864,765,819,828,810,783,837,801,846,792,855,
Shot 9:882,891,
Shot 10:900,918,909,
Shot 11:1026,927,972,945,990,1053,963,1017,1035,
Shot 12:1062,
Shot 13:1071,
Shot 14:1080,
Shot 15:1125,1098,1152,1089,1116,1107,1143,1134,
Shot 16:1170,1161,1179,1188,
