Shot 0:9,
Shot 1:18,
Shot 2:36,477,90,513,450,459,45,
Shot 3:765,1521,1431,1998,1620,657,1440,684,1539,954,1206,747,549,2034,666,1449,1602,639,1386,1674,1566,675,711,1242,2043,1314,1629,1647,1917,603,1350,810,1017,2025,1098,1161,756,783,1143,936,1179,1701,
Shot 4:2259,2088,2178,2349,2376,2205,2223,2313,
Shot 5:2457,2808,2529,2493,2583,2421,2439,
Shot 6:2826,2853,2817,
Shot 7:2871,2925,2898,
Shot 8:2943,
Shot 9:3051,3429,3420,2952,2970,3015,3222,3006,3033,3060,3042,3024,
Shot 10:3483,3897,3969,3861,3753,3717,3879,3888,3438,3564,3798,3465,
Shot 11:4059,4338,4410,4014,4203,4095,4032,
Shot 12:4473,4419,4500,4464,4482,
