Shot 0:9,
Shot 1:18,
Shot 2:36,
Shot 3:45,
Shot 4:90,
Shot 5:297,396,
Shot 6:450,
Shot 7:2358,1422,1026,495,1449,2790,666,1953,1566,1620,603,738,2088,657,1476,1206,1611,1593,1674,1539,756,2637,540,855,684,2547,2025,2043,2196,1521,702,747,1314,2457,675,567,639,1350,1395,2511,459,2412,513,2241,1458,1242,2484,1629,2385,1008,2277,1818,954,2322,783,1647,1062,711,1989,2205,2709,2439,765,486,801,1710,
Shot 8:2835,2853,2817,2844,2826,
Shot 9:2880,2943,2862,2925,2898,
Shot 10:3051,3429,3420,2952,3006,2970,3204,3024,3015,3033,3060,3042,
Shot 11:3492,3888,3762,3897,3861,3708,3438,3654,3744,3456,3537,3807,3474,
Shot 12:3951,4095,4032,4059,3933,4005,4014,3969,
Shot 13:4149,4401,4410,4122,4293,4203,
Shot 14:4419,
Shot 15:4446,4455,
Shot 16:4599,4473,4500,4509,4482,4464,4572,4617,
