Shot 0:9,
Shot 1:18,
Shot 2:27,
Shot 3:54,
Shot 4:153,
Shot 5:207,
Shot 6:225,
Shot 7:387,1215,648,252,729,783,1395,810,990,702,360,306,1017,819,720,774,1269,333,1116,1026,342,675,279,1296,909,450,792,738,630,594,1242,1161,1188,1089,1044,531,234,378,1206,396,351,513,684,1134,1224,1179,243,414,1341,846,585,
Shot 8:1458,1422,1431,1413,1440,1449,1467,
Shot 9:1521,1476,1665,1503,1485,1566,1512,1530,
Shot 10:1746,1944,1881,1935,1719,1908,1827,1782,1728,
Shot 11:1998,1953,1989,
Shot 12:2079,2016,2007,2205,2151,2061,2034,
Shot 13:2214,
Shot 14:2232,2241,2223,
Shot 15:2277,2250,2295,
