Shot 0:9,
Shot 1:18,
Shot 2:27,
Shot 3:36,
Shot 4:45,54,
Shot 5:108,
Shot 6:351,477,
Shot 7:540,
Shot 8:936,1764,783,1863,549,1926,1728,900,819,792,855,720,1413,1548,1890,1602,657,612,1098,1737,801,1917,1278,909,576,1224,963,1386,918,1008,1044,
Shot 9:2043,1935,1971,1944,2385,1953,2295,2007,2205,
Shot 10:2817,2448,2547,2907,2430,2646,2979,2925,2466,2871,2673,2745,2844,2781,
Shot 11:3042,3294,3366,3105,3213,3033,
Shot 12:3510,3384,3420,3393,3429,3411,3375,3483,3438,3528,3465,
Shot 13:3654,4347,4662,4113,4545,4491,4122,3537,4140,4581,4104,4293,4644,3564,4167,4194,3609,3546,3861,3627,3645,3636,3672,3618,3663,
Shot 14:4671,4914,5175,4761,4833,4986,4869,4797,4815,4680,4806,
Shot 15:5292,
Shot 16:5301,
Shot 17:5337,
Shot 18:5346,
Shot 19:5364,5355,5373,
Shot 20:5400,
Shot 21:5517,5409,5418,5436,5445,5427,5481,
