Shot 0:9,
Shot 1:18,
Shot 2:36,
Shot 3:45,
Shot 4:90,
Shot 5:99,
Shot 6:297,
Shot 7:396,
Shot 8:450,
Shot 9:774,2088,1458,513,657,1539,1620,666,2349,1242,2799,954,1611,1386,1989,675,2547,1602,612,540,1674,738,2628,1584,2034,1449,459,684,495,1314,1647,747,2178,2439,558,1476,810,1566,711,2241,2484,1350,1206,2511,2403,486,1008,756,1629,1062,2376,2043,1836,2286,2205,783,1026,1953,2421,855,2322,2709,1710,2457,
Shot 10:2871,2835,2853,2817,2943,2844,2862,2916,2898,2934,2826,
Shot 11:3024,2952,3339,2961,3159,3060,3006,3042,2979,3015,3051,3033,
Shot 12:3492,3429,3438,3708,3645,3456,3474,3528,
Shot 13:3816,3888,3744,3870,3771,
Shot 14:3951,4095,4275,4032,3933,4014,3969,4149,4059,4203,3897,
Shot 15:4410,
Shot 16:4419,
Shot 17:4428,
Shot 18:4455,
Shot 19:4473,4464,4482,
Shot 20:4500,
Shot 21:4572,4509,4527,4554,4599,
