Shot 0:99,189,288,243,225,234,126,180,153,198,171,162,9,279,
Shot 1:324,
Shot 2:360,441,396,333,414,378,369,342,351,
Shot 3:459,540,504,531,513,468,549,522,495,450,
Shot 4:558,
Shot 5:567,
Shot 6:576,585,
Shot 7:630,621,639,
Shot 8:702,720,711,657,
Shot 9:729,738,
Shot 10:765,747,783,
Shot 11:801,855,792,819,
Shot 12:945,972,900,927,954,963,909,
Shot 13:981,
Shot 14:999,
Shot 15:1017,1008,1026,
Shot 16:1449,1278,1035,1161,1314,1125,1296,1287,1467,1170,1386,1476,1458,1116,1404,
Shot 17:1575,1530,1494,1539,1611,1512,1557,1584,1485,1521,1593,1638,1566,1602,
Shot 18:1719,1881,1998,1962,2187,2133,2061,1953,1782,2025,1935,2196,2088,2106,1971,2169,1692,1908,1800,2115,1890,2142,1872,2079,2070,1845,1728,
Shot 19:2232,2358,2466,2448,2439,2340,2322,2295,2430,2214,2205,2277,2457,2259,2475,2268,2304,2223,2241,
Shot 20:2484,2493,
Shot 21:2547,2502,2520,2511,2538,
Shot 22:2556,
Shot 23:2862,2565,2799,3168,2601,2898,2574,3177,3132,2808,3204,2754,3195,3186,
Shot 24:3402,3222,3213,3231,3564,3312,3582,3258,3456,3267,3447,3528,3483,3276,3429,3366,3339,3438,3249,3420,3240,3411,3384,3465,3501,3357,3375,
Shot 25:3591,
Shot 26:4068,4419,4653,3600,4311,4644,4617,4239,4554,3825,4743,3987,4041,4356,4635,3789,4329,3771,4689,4626,3888,4167,3870,4437,4149,3627,3735,4509,3942,4266,3798,3654,4725,4113,3762,4464,3618,4671,4293,4590,3933,4023,4095,4050,4374,4536,3690,3816,4392,3951,4194,4275,3906,4698,4059,3924,3969,4077,
Shot 27:4761,4770,4752,
Shot 28:4842,4932,4896,4941,4923,4878,4779,4788,4806,4860,4797,4824,
Shot 29:4950,
Shot 30:4977,4995,4959,4986,4968,
Shot 31:5103,5040,5049,5022,5058,5085,5031,5130,5139,5067,5004,5094,5121,5112,
Shot 32:5184,5157,5202,5148,5193,5166,5175,
Shot 33:5256,5283,5301,5220,5247,5292,5229,5211,5274,5265,
Shot 34:6003,5328,5877,5409,6039,5454,5319,5310,5346,5733,5949,5859,5598,5418,5868,5958,5427,5391,5841,5706,6030,5886,5967,5337,5679,5436,5724,5751,5355,5931,5544,5976,5922,5571,5481,5940,5832,6021,5364,5445,5994,6012,
Shot 35:6066,6057,6048,
Shot 36:6075,
Shot 37:6111,6183,6156,6165,6138,6093,6102,6120,
Shot 38:6246,6336,6309,6219,6291,6228,6255,
Shot 39:6372,6345,6390,6354,6381,6363,
Shot 40:6399,6408,
Shot 41:6426,6444,6417,6435,
Shot 42:6453,
Shot 43:6462,6471,
Shot 44:6480,6489,
Shot 45:6498,6507,
Shot 46:6543,6516,6525,6534,6552,
Shot 47:6561,
Shot 48:6579,6696,6669,6633,6651,6615,6570,6624,6597,6687,6606,6588,6705,
Shot 49:6777,6741,6759,6768,
Shot 50:6795,6804,
Shot 51:6903,6813,6840,6876,6858,6822,6885,6849,6912,
