Shot 0:9,
Shot 1:18,
Shot 2:36,
Shot 3:90,45,54,
Shot 4:126,99,450,297,405,441,
Shot 5:774,1521,1395,666,1593,495,657,1449,612,1287,1431,1539,684,1161,747,1566,549,909,1467,1350,1071,513,459,729,675,756,1026,783,1188,810,
Shot 6:1629,1935,1611,1620,1674,1647,
Shot 7:2421,2088,2034,2295,2565,2196,2502,2043,2529,2250,2376,2466,2349,2403,2439,2313,
Shot 8:2682,2808,
Shot 9:3042,3492,2817,3861,2862,2826,3744,2898,3429,3456,3789,3438,2952,2943,2844,2853,3420,2871,3474,2961,2925,2997,3222,3024,2835,3060,3015,3033,3006,3051,
Shot 10:3951,4410,4104,4032,4356,3888,4014,3969,4149,4005,4419,3933,4068,3897,3996,
Shot 11:4437,
Shot 12:4590,4455,4482,4491,4509,4446,4464,4527,4536,
