Shot 0:9,
Shot 1:18,
Shot 2:36,
Shot 3:45,
Shot 4:90,
Shot 5:396,297,450,
Shot 6:2421,1566,657,765,1431,2745,1620,513,1926,684,2808,936,612,2043,1449,1467,1395,666,747,2295,1611,1287,549,2583,1593,1539,2502,1341,459,2088,1629,720,2196,1674,675,1062,495,1647,2034,2250,810,2376,2475,2529,2358,1026,756,2322,2403,783,2439,
Shot 7:3051,3456,3969,3870,2817,2835,2898,2853,3897,3744,3888,3798,2943,3438,3483,2862,2952,2925,3429,2844,2880,2970,2826,3006,3258,3033,3024,3015,3042,
Shot 8:4059,4158,4419,4032,4014,4095,
Shot 9:4428,
Shot 10:4446,
Shot 11:4455,
Shot 12:4581,4482,4500,4509,4464,4473,
