Shot 0:558,162,648,36,225,315,360,441,621,108,279,189,396,72,603,639,333,504,414,207,144,297,243,459,378,612,216,198,261,630,594,522,9,351,234,252,468,540,585,567,
Shot 1:783,909,981,657,693,846,882,1026,945,927,729,666,810,1008,864,675,918,900,765,711,828,738,792,702,774,
Shot 2:1152,1107,1134,1179,1161,
Shot 3:1422,1593,1476,1323,1548,1377,1269,1458,1566,1350,1305,1395,1557,1386,1287,1431,1413,
Shot 4:1764,1944,1692,1872,1647,1620,1818,1719,1854,1782,1737,1863,1710,1827,1773,1755,
Shot 5:2043,1980,2115,1998,2088,2016,1989,2052,2034,2079,
Shot 6:2232,2295,2151,2277,2205,2169,2313,2259,2178,2214,2250,2241,2223,
Shot 7:2484,2394,2349,2367,2529,2412,2340,2358,2457,2385,2520,2493,
Shot 8:2547,2574,2556,
Shot 9:2754,2637,2592,2673,2628,2655,2619,2682,2772,2745,
Shot 10:3357,3843,2817,3771,3726,3870,2844,3798,2862,2898,3690,2871,3834,3861,3852,2907,2835,2889,2853,3735,2880,2961,2916,3654,3213,3222,3600,3627,3447,
Shot 11:4455,4059,4194,4527,3942,4338,4257,4122,4392,4005,4293,4491,4554,4032,4095,4419,4176,4365,4140,4464,4518,4203,4104,4473,4014,4446,4248,
Shot 12:4635,5022,4761,4923,4860,4572,4707,4977,4671,4788,4608,4734,4626,4743,4698,4644,4725,4932,
