Shot 0:9,
Shot 1:54,63,72,
Shot 2:198,81,144,171,225,234,180,162,90,216,189,99,
Shot 3:315,477,540,450,585,378,567,396,423,531,459,504,558,243,387,405,279,486,495,468,432,360,522,576,252,513,414,594,369,288,612,549,351,270,297,342,333,324,
Shot 4:648,693,639,666,621,
Shot 5:936,828,972,855,801,846,747,819,792,756,945,720,864,774,873,738,918,711,882,729,891,
Shot 6:1260,999,1044,1152,1341,1188,1062,1026,1125,1161,1278,1170,1080,1197,1107,1224,1206,1233,1242,1269,
Shot 7:1476,1368,1512,1377,1395,
Shot 8:1638,1530,1764,1701,1674,1719,1575,1746,1656,1548,1647,1692,1620,
Shot 9:1827,1782,1863,1845,1818,
Shot 10:1944,2025,2169,2106,1872,2052,2043,2142,2070,1962,1989,2133,2088,2061,2124,1953,1926,1881,2016,1935,
Shot 11:2331,2214,2259,2286,2277,2187,2250,2196,2367,2205,2304,2376,2178,2322,2358,2313,
Shot 12:2529,2403,2583,2556,2610,2538,2601,2457,2385,2646,2547,2412,2493,2394,2565,2466,2502,2511,2520,
Shot 13:2655,2673,2664,
Shot 14:2790,2700,2682,2736,
Shot 15:2862,2880,2961,2970,2934,2988,2799,2871,2817,3006,2835,
Shot 16:3078,3105,3051,
Shot 17:3204,3546,3357,3213,3465,3339,3366,3249,3393,3375,3276,3501,3411,3177,
Shot 18:3609,3690,3861,3744,3555,3816,3735,3717,3753,3825,3843,3807,3654,3762,3708,3834,3564,3636,3645,3663,3573,3627,3600,3582,3618,
Shot 19:4185,3924,4023,4131,3960,4059,4077,3996,3870,4140,3897,4095,3978,3879,4086,4032,4194,4149,4176,4041,4167,
Shot 20:4338,4212,4266,4230,4320,4203,4410,4221,4311,4329,4239,4356,4257,
Shot 21:4518,4455,4590,
