Shot 0:18,72,54,63,9,27,
Shot 1:144,90,279,180,216,225,99,153,108,234,
Shot 2:315,297,333,
Shot 3:369,594,981,711,
Shot 4:1143,999,1089,
Shot 5:1485,1170,1557,1395,1188,1611,1584,1548,1539,1575,1530,1305,
Shot 6:1818,1629,1728,1863,1773,1836,1620,1719,1881,1791,1764,1827,1809,
Shot 7:1935,1953,1962,1971,1944,
Shot 8:2007,2052,2034,2025,1998,
Shot 9:2088,2142,2070,2106,2124,
Shot 10:2457,2187,2322,2232,2169,2466,2511,2547,2376,2205,2340,2538,2448,
Shot 11:2592,2601,
Shot 12:2763,2655,2718,2781,
Shot 13:2817,2790,2925,2799,2880,
Shot 14:3186,3195,3564,3465,3150,3582,3843,3978,3771,3321,3384,3933,3870,3330,3627,3807,3258,3672,3528,3951,3240,3897,3159,3069,3924,3492,3519,3294,3537,3573,3267,3177,
Shot 15:4005,3987,4023,
Shot 16:4041,4050,
Shot 17:4113,4059,4149,4086,4104,4131,
Shot 18:4203,4158,4248,4167,4185,
Shot 19:4311,4302,4329,4320,
Shot 20:4338,4356,4347,
Shot 21:4626,4527,4734,4860,4482,4671,4680,4572,4806,4797,4410,4563,4707,4365,4896,4644,4446,4518,4581,4536,4374,4662,4608,4383,4779,4752,
Shot 22:5022,4914,5148,5040,4941,4950,5166,5004,4932,4986,5013,5031,
Shot 23:5202,5238,5220,5175,
Shot 24:5391,5652,5571,5715,5499,5769,5427,5544,5760,5589,5733,5751,5697,5553,5445,5634,5724,5679,5463,5580,5364,5517,5535,5355,5409,5616,5301,5742,5661,5562,5373,5436,5526,5382,5454,5508,5319,5346,
Shot 25:5850,5778,5787,
Shot 26:6093,6300,6048,6489,6390,6534,6552,6516,5904,6174,6012,5967,5985,6057,6498,6201,6345,6327,6399,6417,6066,
Shot 27:6561,
