Shot 0:1197,1602,1521,1575,657,1134,378,450,1440,1386,1611,1548,549,1467,9,504,387,1107,405,1278,522,1512,1404,585,369,639,414,1008,945,684,891,1323,738,1359,477,801,1215,1287,1080,873,864,1188,54,
Shot 1:2403,2439,2349,2655,1719,2889,2781,2223,1629,1620,2646,2970,2565,1764,2088,1782,2592,2682,2421,1674,2664,2871,1701,2700,2610,2727,2007,2277,2835,1746,2916,2250,2331,2718,2502,2754,2799,2259,1647,
Shot 2:3051,3942,3924,3879,3168,3933,3834,3321,3339,3546,3897,3006,3852,3753,3780,3114,3312,3501,3393,3078,3798,3474,3294,3096,3663,3591,3717,3069,3213,
Shot 3:3951,3978,3969,3960,
Shot 4:4158,4095,4284,4023,4257,4041,4077,3987,4086,4302,4104,4131,4248,4266,4050,4239,4068,4113,4122,4059,4014,4293,4140,4311,4032,4185,4167,4212,
Shot 5:4743,4815,4761,4788,4338,4509,4374,4770,4464,4824,4320,4797,4446,4554,4347,4707,4329,4356,4383,4482,4806,4752,4779,4455,4536,4392,4491,4428,4365,4725,4437,4662,4734,
Shot 6:4833,
Shot 7:4842,
Shot 8:4851,4860,
Shot 9:4941,4869,4887,4905,4896,4914,4878,4950,4923,4932,
Shot 10:6021,5229,4977,5256,5607,5238,5175,5031,4995,5157,5274,5247,5220,6165,5265,5040,5283,5994,5967,6093,5832,5130,5058,5796,5337,5490,5562,5103,5913,5022,5400,5049,5121,5148,5670,5076,5301,6147,
