Shot 0:9,
Shot 1:171,135,126,207,189,144,198,180,
Shot 2:216,
Shot 3:234,576,603,315,270,558,459,225,306,477,261,513,243,297,
Shot 4:1251,648,729,747,999,612,837,900,1314,702,720,1008,873,630,945,1197,801,954,990,1143,882,918,1098,1026,864,792,1053,1224,639,972,819,1206,684,738,1341,828,891,1359,909,1125,981,855,846,783,936,1215,1035,1179,1305,1260,1089,1233,1332,
Shot 5:1377,
Shot 6:1404,1440,1431,1422,1467,1386,1413,
Shot 7:1530,1494,1548,1521,
Shot 8:1593,1665,1575,1566,1584,1647,1629,1602,1674,1620,1638,
Shot 9:1683,1917,1926,1935,1908,2097,1944,1863,
Shot 10:2160,2214,2196,2106,
Shot 11:2313,2592,2331,2304,2664,2628,2637,2538,2349,2547,2286,2655,2358,2412,
Shot 12:2691,2709,2736,2718,2727,2682,
Shot 13:2745,
Shot 14:2754,
Shot 15:2763,
Shot 16:2862,2790,2799,2772,2781,2835,2826,2808,2853,
Shot 17:3330,3033,3825,3483,4023,3879,3978,2907,3537,3078,3951,3006,3465,3042,2871,3843,4014,3969,3357,3366,3015,3474,3276,2997,3051,3294,3375,3816,3906,3888,3960,3348,4032,3852,3150,3456,3087,3069,3897,3312,3987,2988,3600,4005,3546,3222,3024,3654,3096,3384,3555,2934,
Shot 18:4095,4086,4059,
Shot 19:4131,4275,4266,4230,4221,4257,4149,4248,
Shot 20:4284,
Shot 21:4383,4509,4419,4392,4329,4428,4410,4293,4464,4347,4338,4356,4401,4302,4365,
Shot 22:4599,4518,4536,4554,4563,4572,4626,4680,4617,4581,
Shot 23:4941,4815,4824,4851,4833,4896,4923,4842,4914,4932,
Shot 24:5085,5283,5265,5013,5238,5229,5139,5175,5049,4986,5076,5274,5256,5094,
Shot 25:5490,5463,5355,5544,5292,5409,5499,5346,5562,5481,
Shot 26:5760,5715,5670,5733,5625,5688,5706,5634,5697,5724,5616,5652,5679,5643,5895,5742,5661,5778,5859,5787,5850,5751,5841,
Shot 27:5985,6030,5922,6021,6012,6003,
Shot 28:6102,6039,6048,6057,6075,6093,
Shot 29:6975,7083,6129,6705,6426,6732,6525,6615,6471,6597,6714,6723,6768,6561,6291,6201,6462,7038,6939,6111,6606,6489,6273,6696,6633,6363,6750,6228,6543,6624,6831,6930,6786,6759,7020,6777,6552,6687,7074,6300,
Shot 30:7407,7542,7371,7128,7389,7470,7425,
Shot 31:7623,7632,7587,
Shot 32:8046,7839,7893,7875,7956,7902,7848,7911,7659,8163,8145,8055,8082,8127,
Shot 33:8226,8388,8370,8262,8316,8361,8199,8352,8244,8280,8253,8325,8334,8343,8235,
Shot 34:8451,8406,8424,8433,
Shot 35:8541,8568,8514,8478,8460,8559,8532,8550,
Shot 36:8577,
Shot 37:8586,8595,
Shot 38:8604,8613,
