Shot 0:9,
Shot 1:126,99,108,153,135,117,
Shot 2:207,216,
Shot 3:234,531,576,594,252,315,
Shot 4:603,
Shot 5:864,936,612,783,981,945,1008,729,630,1080,756,990,810,774,909,621,882,918,684,738,792,720,954,999,666,1053,765,
Shot 6:1089,1098,
Shot 7:1107,
Shot 8:1116,1125,
Shot 9:1143,1152,1179,1134,1188,1161,1170,1197,
Shot 10:1368,1206,1494,1314,1269,1242,1431,1233,1215,1359,1350,1395,1503,1305,1278,1467,1251,1404,1260,1440,1485,1296,1341,1413,1224,1449,1377,1323,
Shot 11:1566,1629,1593,1683,1620,1611,1647,1548,1584,1602,
Shot 12:1710,1701,1755,1746,1737,
Shot 13:1764,1791,1782,
Shot 14:1845,1836,2088,1899,2070,1953,1800,1989,1908,1971,2079,2052,1980,2007,1854,1827,1917,
Shot 15:2097,
Shot 16:2259,2106,2214,2340,2385,2322,2331,2376,2304,2187,2205,2160,2115,2358,2367,2313,2349,2124,2178,2295,2196,2268,2250,
Shot 17:2412,2394,2430,2403,
Shot 18:2448,2457,
Shot 19:2520,2502,2475,2484,2493,2511,
