Shot 0:18,9,27,
Shot 1:252,
Shot 2:270,279,261,
Shot 3:576,288,414,342,405,369,378,315,396,423,360,468,387,324,657,522,621,306,
Shot 4:729,837,819,828,720,783,
Shot 5:864,909,846,891,900,873,855,
Shot 6:936,954,918,927,945,
Shot 7:1314,1017,1107,1368,1143,1287,990,981,1080,1170,963,972,1053,1071,1179,1098,1341,1008,1161,1035,1359,1089,1197,1062,1125,1332,1278,1260,1044,1305,1215,
Shot 8:1395,1377,1386,1413,
Shot 9:1476,1440,1485,1449,1467,
Shot 10:1521,1494,1530,1503,1512,
Shot 11:1539,
Shot 12:1548,
Shot 13:1557,
Shot 14:1566,1575,
Shot 15:1845,2133,1584,2115,1602,2151,1620,2142,2124,1611,2052,1593,1962,1773,1998,1926,1890,1827,
Shot 16:2160,
Shot 17:2169,
Shot 18:2322,2178,2394,2439,2385,2223,2412,2250,2367,2241,2430,2295,2421,2340,2358,2376,2403,2286,2304,2349,2331,2313,2232,
Shot 19:2466,2448,2484,2475,2457,
Shot 20:2556,2511,2538,2502,2520,2493,2529,2565,2547,
Shot 21:2574,
Shot 22:2583,
Shot 23:2610,2592,2601,
Shot 24:2655,2763,2619,2628,2709,2700,2673,2637,2664,2745,2646,2718,2754,
Shot 25:2961,2835,2889,2925,3015,2817,3042,2853,2799,2907,2871,3006,2934,2898,2826,2916,3024,2844,2943,2979,2997,2862,3033,2880,2970,
Shot 26:3051,3060,
Shot 27:3069,3087,3078,
Shot 28:3096,3105,
Shot 29:3348,3114,3357,
Shot 30:3366,
Shot 31:3501,3618,3609,3528,3600,3456,3537,3375,3402,3564,3546,3573,3420,3519,3465,3438,3384,3510,3411,3474,3429,3447,3492,
Shot 32:3636,3645,3627,
Shot 33:3654,
Shot 34:3663,
Shot 35:3681,3690,3672,
Shot 36:3708,3717,3699,
Shot 37:3726,
Shot 38:3843,3735,3798,3744,3942,3780,3762,3924,3825,3915,3753,3834,3852,3933,
Shot 39:3996,4113,
Shot 40:4122,4131,
Shot 41:4203,4140,4158,4185,4221,4212,
Shot 42:4293,4383,4257,4392,4284,4329,4275,4374,4347,4356,4302,4266,
Shot 43:4401,4410,
Shot 44:4482,4455,4491,4473,
Shot 45:4500,
Shot 46:4887,4995,4986,4518,4977,4509,4536,4527,4545,4563,4950,4923,4851,4905,
Shot 47:5013,5067,
