Shot 0:9,18,
Shot 1:45,
Shot 2:711,477,405,369,702,
Shot 3:801,720,909,900,
Shot 4:1080,
Shot 5:2196,2835,3573,3879,3636,1953,3726,1422,2700,2916,1485,1863,1467,2619,2754,1998,2430,1593,2088,2781,2241,2763,1521,2394,1800,2493,1809,3924,2232,2034,1152,2583,2385,3906,2601,1584,2646,2124,2178,2511,3339,2637,2106,2079,2205,2133,2223,
Shot 6:3969,3960,3951,3987,3978,
Shot 7:4194,4248,4320,4221,4023,4302,4176,4086,
Shot 8:4581,4491,4536,4797,4545,4833,4527,4788,
Shot 9:4869,4905,
Shot 10:5544,5292,5328,5778,
Shot 11:6030,5958,6507,6183,6624,6228,5832,5976,6354,6057,
Shot 12:7038,7182,7164,6849,6714,7191,7083,7173,6867,7128,7074,6858,6876,6993,6750,6948,6912,
Shot 13:7245,7218,7326,7236,
Shot 14:7488,7830,7758,7677,7767,7560,7722,7542,7668,7794,7650,7479,
Shot 15:9099,7893,8676,8451,8775,8847,8829,9126,8802,8865,9072,
