Shot 0:9,855,837,846,369,819,171,639,558,729,621,342,189,603,666,747,153,702,801,234,108,405,756,486,63,
Shot 1:873,864,882,
Shot 2:918,891,1134,1053,1098,963,1017,900,999,1008,1107,990,909,945,1116,954,927,1125,
Shot 3:1278,1224,1251,1143,1305,1260,1152,1161,1170,1269,1287,
Shot 4:1449,1548,1323,1341,1476,1395,1368,1566,1413,1359,1377,1485,1467,1350,1494,1332,1386,1422,1557,1458,
Shot 5:1782,1575,3402,3348,2556,2178,2043,3375,3321,2907,2538,2124,2160,1584,1728,1863,2367,3060,3339,3393,2295,2502,3384,1845,2610,3357,2016,1881,2448,1611,2268,3141,2493,1989,3330,1593,1746,3168,2349,2205,2475,2142,2727,1917,1827,2403,2331,3087,1998,2457,1944,2484,1764,2439,
Shot 6:3411,3420,
Shot 7:3474,3438,3456,3492,3429,3501,3447,3483,
Shot 8:3546,3510,3519,3582,3528,3573,3591,3555,
Shot 9:3645,3627,3609,3654,
Shot 10:3663,3672,
Shot 11:3717,3699,3681,3690,3708,3753,
Shot 12:3771,3789,
Shot 13:4491,3843,3798,4131,3933,3852,4140,4014,4113,3825,4095,4149,4086,3969,3915,3870,4842,3924,3834,4032,3942,4158,4122,3987,3807,3978,4905,5049,5130,4977,4167,4725,4824,4185,3996,4644,4878,4860,4275,4689,4671,5031,4833,4788,4608,5067,4716,4203,4509,4455,4806,5076,
