Shot 0:81,9,27,36,90,
Shot 1:198,108,315,288,486,306,180,324,270,387,297,333,135,225,279,189,207,216,117,
Shot 2:522,
Shot 3:576,747,
Shot 4:783,801,765,
Shot 5:837,1485,927,1026,1746,1584,1827,1638,1395,1089,1179,1269,1683,
Shot 6:1953,1935,1836,
Shot 7:2205,2403,2241,2223,2250,2187,2232,2295,2196,2259,
Shot 8:2430,2457,
Shot 9:2511,2682,2574,2484,2547,2646,2493,2673,2502,2592,2565,2664,2628,2601,2583,2520,2655,
Shot 10:2907,2916,2952,2745,2736,2718,2781,2934,2691,2925,2880,2817,
Shot 11:2961,2970,
Shot 12:2988,3114,3150,
Shot 13:3159,3321,3285,3258,3312,3168,3186,3204,3222,
Shot 14:3501,3672,3411,3618,3339,
Shot 15:3726,
Shot 16:3789,
Shot 17:3924,3960,
Shot 18:4005,4167,4059,4140,4149,4113,
Shot 19:4203,4176,4239,
Shot 20:4383,4419,4338,
Shot 21:4500,4545,4527,4554,4563,4509,4536,4518,4572,
Shot 22:4581,
Shot 23:4689,
Shot 24:4770,4824,4743,
Shot 25:4923,
Shot 26:4995,5130,5193,5085,5076,5229,5166,4977,5247,
Shot 27:5292,5355,5256,5328,
Shot 28:5418,5445,5400,5427,
Shot 29:5571,5517,5544,5589,5553,5526,5580,5562,
Shot 30:5607,
Shot 31:6606,6309,6291,5832,6228,5985,5976,6516,6057,6003,6489,6507,5994,6480,6048,6012,6264,6399,5868,6021,6075,6030,6552,6273,5877,6255,6390,6156,6462,5886,6210,6147,5688,6282,5913,6579,
Shot 32:6624,
Shot 33:6714,6741,6750,6705,6732,6723,
Shot 34:6759,
