Shot 0:9,
Shot 1:18,27,
Shot 2:72,45,36,63,81,
Shot 3:108,144,135,126,117,
Shot 4:198,162,153,171,225,243,216,189,
Shot 5:261,
Shot 6:270,
Shot 7:279,333,
Shot 8:342,
Shot 9:369,387,351,432,360,
Shot 10:522,441,531,504,
Shot 11:648,621,657,
Shot 12:684,693,675,
Shot 13:702,
Shot 14:792,729,864,738,819,
Shot 15:900,972,927,954,
Shot 16:999,1044,1143,1098,1053,1125,1026,1107,1089,1116,1080,1062,990,1035,
Shot 17:1188,1215,1251,1161,1242,1179,1197,1206,
Shot 18:1278,1269,1260,
Shot 19:1314,1332,1323,1296,
Shot 20:1395,1341,1359,1422,1377,1413,
Shot 21:1431,
Shot 22:1854,1728,1782,1899,1791,1746,1764,1890,1800,1845,1737,1872,1773,1863,
Shot 23:1935,1926,1944,
Shot 24:2016,1962,2070,1989,2007,2034,
Shot 25:2079,
Shot 26:2124,2088,2097,2106,2133,
Shot 27:2781,2205,2448,2745,2142,2862,2250,2241,2754,2313,2340,2412,2457,2844,2772,2304,2475,2871,2367,2790,2799,2466,2259,2277,2484,2268,2286,2736,2385,2493,
Shot 28:2916,
Shot 29:2961,2988,
Shot 30:2997,
Shot 31:3618,3078,3060,3024,3069,3222,3087,3096,3375,3114,3447,3006,3249,3204,3123,3402,3438,3186,3285,3168,3150,3420,3528,3411,3177,3258,3267,3393,3312,3132,3501,3105,3384,3519,3564,3708,3636,3141,3600,3492,3366,3456,3681,3357,3429,3717,3645,3303,3321,3582,3276,3294,3348,3546,3330,3240,
Shot 32:3771,4095,3807,4032,3888,3852,4140,4167,4113,3762,4131,4005,3744,3780,
Shot 33:4500,4239,4455,4464,4329,4230,4365,4194,4347,4176,4212,4392,4293,4410,4446,4311,4266,4374,4284,4428,4491,4509,4248,4473,4356,
Shot 34:4527,4536,4518,
Shot 35:4554,4545,4671,4662,4563,
Shot 36:4860,4914,4761,4743,4806,4779,4878,4896,4833,
Shot 37:4950,4968,4932,
Shot 38:5013,4977,5085,5031,4986,4995,5022,5004,5049,
Shot 39:5103,5094,5112,
Shot 40:5175,5319,5121,5292,5202,5247,
Shot 41:5346,5355,5337,
Shot 42:5382,5373,5418,
Shot 43:5445,5499,5490,5481,5427,5454,
Shot 44:6930,6750,6840,6813,6948,6354,6786,6831,6885,6939,
