Shot 0:9,135,
Shot 1:369,144,306,324,648,333,153,477,450,342,639,630,351,378,549,360,
Shot 2:810,657,819,792,666,801,
Shot 3:837,
Shot 4:846,
Shot 5:855,864,
Shot 6:891,936,918,927,909,882,
Shot 7:972,1053,945,1008,1017,963,1035,954,999,990,
Shot 8:1143,1089,1071,1080,1098,1107,1170,1125,1161,
Shot 9:1242,1305,1296,1215,
Shot 10:1323,1314,1332,
Shot 11:1368,
Shot 12:1566,1665,1809,1440,2025,1485,1386,1800,1719,1827,1647,1503,1530,1449,1683,1998,1755,1710,1431,1737,1791,1494,1602,1962,1467,1773,1512,1728,1674,1557,1584,1701,2016,1656,
Shot 13:2079,2052,2043,2061,2070,
Shot 14:2106,2115,
Shot 15:2124,2151,
Shot 16:2286,
Shot 17:2295,2304,
Shot 18:2313,
Shot 19:3609,4554,2691,5895,2574,4572,2709,2952,2943,3645,2637,3087,4644,3033,3978,4842,3249,5751,2322,5652,3627,3573,5220,4023,4968,2790,2331,4266,5184,3753,3537,2673,2664,3744,3681,4869,2583,5616,2763,3960,3834,4950,3807,4788,5760,2727,4932,4878,4050,2988,4734,4500,4509,2970,3690,3141,4770,3150,2646,4617,3852,3321,2628,3636,4581,3429,2358,4671,3024,3384,4284,3357,3762,2655,5211,4590,4338,4194,3420,3654,4311,
Shot 20:5904,
Shot 21:5913,
Shot 22:5931,5940,
Shot 23:5985,6084,6075,5967,
Shot 24:6120,6093,6156,6102,6111,6129,
Shot 25:6354,6282,6336,6345,
