Shot 0:9,
Shot 1:63,72,
Shot 2:81,
Shot 3:99,90,108,
Shot 4:279,180,135,198,207,243,261,270,297,288,
Shot 5:351,333,387,495,342,414,
Shot 6:522,
Shot 7:621,630,
Shot 8:639,747,738,729,765,648,
Shot 9:882,819,918,837,801,909,846,828,900,855,810,864,891,
Shot 10:936,945,927,
Shot 11:981,954,1044,963,972,990,
Shot 12:1053,
Shot 13:1161,1116,1062,1134,1125,1089,1107,1188,1071,1143,1170,1152,
Shot 14:1629,1233,1296,1206,1278,1728,1305,1719,1422,1224,1251,1557,1269,1260,1593,1683,1575,1620,1602,
Shot 15:1836,1809,1827,
Shot 16:1926,1863,1881,1944,
Shot 17:2016,2241,2205,2106,2196,2187,2223,2259,2160,1962,2250,2142,2124,2088,2025,2061,
Shot 18:2304,2331,2277,2322,2313,
Shot 19:2349,2376,2358,2340,
Shot 20:2403,2412,2394,
Shot 21:2538,3618,4131,3060,4086,3168,4140,3528,2619,2709,3195,2925,2691,2457,2673,2862,2745,2727,2817,2871,4149,3159,3996,2763,4113,2835,2781,2430,4032,2664,2511,2889,2907,2826,4050,2970,2844,2799,2448,2475,3969,3546,2583,2934,3150,2547,2529,2682,2565,2997,3861,3042,3951,
Shot 22:4158,
Shot 23:4167,4176,
Shot 24:5337,4374,4509,4392,4338,4869,4419,4437,4878,4356,4311,5112,4608,4185,4428,4284,4896,5355,4464,4689,4383,4257,4527,4212,4977,4347,4545,5220,4401,4446,5166,4581,5022,4365,4491,4455,4932,4887,4473,5238,4905,5292,5310,4824,
Shot 25:5373,5364,5391,5382,
Shot 26:5427,5409,5616,5517,5418,5589,5445,
Shot 27:5670,5679,5643,
Shot 28:5688,5697,
Shot 29:5733,5706,5715,5724,5742,
Shot 30:5841,5778,5868,5832,5751,5850,5769,
Shot 31:5886,5877,5904,
Shot 32:5922,5931,5913,5940,
Shot 33:5949,5958,
Shot 34:6255,6120,6309,6435,6336,6039,6390,6246,6201,6156,6066,6417,6237,5976,6282,6273,6084,5994,6165,6318,
Shot 35:6876,6921,6552,6444,6903,6723,6597,6813,6885,
Shot 36:6948,6930,6939,6957,
Shot 37:6993,6975,6984,7002,
Shot 38:7047,7020,7029,7038,7065,
Shot 39:7182,7128,7146,7209,
Shot 40:7254,
Shot 41:7290,7263,7272,
Shot 42:7308,
Shot 43:7317,
Shot 44:7326,
Shot 45:7335,7344,7542,7560,7596,7497,7587,
Shot 46:7623,7605,7614,7641,
Shot 47:7749,7956,7794,7722,7911,
Shot 48:8100,8001,8136,
Shot 49:8190,8208,8172,
Shot 50:8217,
Shot 51:8343,8253,8397,8298,8361,8262,8316,8280,8325,8352,8379,
Shot 52:8406,
Shot 53:8415,
Shot 54:8424,
Shot 55:8433,8451,8442,
Shot 56:8505,8595,8487,8586,8559,8541,8757,
Shot 57:8829,8910,8892,8901,8784,8865,8883,
Shot 58:8937,8919,8928,8946,
Shot 59:9000,8973,8982,9027,8991,
Shot 60:9171,9963,9945,9405,9783,9531,9900,9072,9810,9549,9315,9099,9972,9279,9477,9603,9927,9153,9513,9144,
Shot 61:10089,10008,10098,10071,
Shot 62:10260,10143,10224,10287,10269,
Shot 63:10359,10413,
Shot 64:10449,
Shot 65:10476,10584,10575,10530,10467,
Shot 66:10692,10593,10602,10611,10638,10665,10620,10737,10629,10701,
Shot 67:10746,
Shot 68:10755,10764,
Shot 69:10791,
Shot 70:10845,10872,
Shot 71:10899,10881,10908,
Shot 72:10917,10935,
Shot 73:11340,11268,11025,11070,11142,11250,11178,10971,11304,11367,11385,
