Shot 0:18,585,567,513,594,603,522,504,576,117,531,180,252,72,27,9,378,99,54,135,540,
Shot 1:612,
Shot 2:621,
Shot 3:675,630,783,639,648,810,765,729,837,
Shot 4:972,846,1017,927,891,954,981,963,873,
Shot 5:1026,1800,1449,1458,1791,1467,1395,1296,1350,1755,1494,1710,1125,1737,1629,1611,1476,1062,
Shot 6:1881,1809,1989,1962,1827,1854,1818,2007,1872,1836,1890,
Shot 7:2115,2160,2025,2142,2034,2052,2043,2070,2061,2097,2079,2106,2133,
Shot 8:2169,
Shot 9:2178,
Shot 10:2187,
Shot 11:2196,
Shot 12:2412,2547,2538,2520,2511,2502,2529,2475,2556,2367,2214,2241,2322,2430,2268,2448,2484,2403,2421,2205,
Shot 13:2565,
Shot 14:2655,2574,2619,2583,2673,2646,2592,2610,2637,2664,
Shot 15:2718,2763,2754,2736,2691,2709,2682,2727,
Shot 16:2781,2790,2772,
Shot 17:2826,2799,2808,2907,2988,2889,2925,2997,2835,2817,2853,
Shot 18:3033,3078,3069,3015,3051,3042,
Shot 19:3105,3276,3249,3231,3267,3204,3186,3240,3159,3141,3114,3096,
Shot 20:3285,
Shot 21:3303,3294,3312,
Shot 22:3321,3330,
Shot 23:3348,3357,3339,
Shot 24:3366,
Shot 25:3375,
Shot 26:3393,3402,3384,
Shot 27:3411,
Shot 28:3447,3465,3456,3429,3438,
Shot 29:3483,3501,3537,3492,3510,3474,3528,
Shot 30:3600,3636,3546,3564,3627,3573,3618,3555,3582,3591,3609,
Shot 31:3645,3654,
Shot 32:4077,3681,3663,3762,3816,3672,3951,4113,3690,4140,3861,3771,3726,3699,3744,4095,3915,3834,3987,4131,3888,4185,4167,4050,3735,4005,3807,3942,3780,4041,4176,3879,
Shot 33:4887,4941,4923,4230,4914,4851,4905,4869,4806,
Shot 34:4968,4995,5013,5004,4986,4977,4959,
Shot 35:5031,5049,5022,5040,
Shot 36:5058,5067,
Shot 37:5076,
Shot 38:5085,
Shot 39:5094,5103,
Shot 40:5112,5121,
Shot 41:5175,5130,5139,5148,5193,5157,5184,5166,
Shot 42:5310,5202,5229,5337,5211,5283,5265,5292,5238,5301,5319,
