Shot 0:9,3951,4230,1287,3555,4122,4221,3600,3474,4050,4203,1710,3852,3582,1251,
Shot 1:4239,4248,
Shot 2:4374,4743,4455,4257,4509,4275,4428,4671,4338,4293,4446,4365,
Shot 3:4770,4779,4761,
Shot 4:4788,
Shot 5:4842,5049,5013,4797,5031,4932,5103,5040,4995,4950,5094,5022,5004,4941,5076,4806,4815,4896,
Shot 6:5121,
Shot 7:5130,
Shot 8:5139,
Shot 9:5148,
Shot 10:5553,5202,5625,5247,5157,5175,5526,5643,5607,5463,5211,5499,5193,5364,5535,5589,5508,5220,5184,5571,
Shot 11:5652,5661,
Shot 12:5670,5679,
Shot 13:5688,5706,5697,
Shot 14:5715,5733,
Shot 15:5877,5742,5769,5751,5787,5850,5760,5832,5859,5814,5868,
Shot 16:6039,5985,5895,6057,6084,6021,6075,6066,6048,5922,5958,6030,
Shot 17:6201,6093,6120,6300,6138,6102,6174,6264,6210,6156,6219,6246,6183,6129,6147,6273,6192,
Shot 18:6687,6453,6417,6570,6435,6444,6471,6516,6597,6624,6390,6462,6642,6588,6633,6399,6426,6363,6651,6480,6552,6543,6408,6507,6498,6579,6561,6525,6489,6534,6615,6660,6318,6678,6606,
Shot 19:7452,7218,7056,6696,6912,7308,7236,7605,7668,7191,7263,7587,6831,7128,7551,7650,7344,6975,6795,7632,7497,6858,7155,6759,7434,7326,
Shot 20:7749,7713,7857,7902,7767,7974,7731,7929,7758,
Shot 21:8136,8280,
