Shot 0:225,468,774,756,603,144,270,747,9,198,288,369,99,612,630,531,108,387,495,234,
Shot 1:783,792,
Shot 2:927,1188,810,945,1251,1359,819,882,855,1206,954,1233,963,837,1278,936,918,
Shot 3:2646,2520,3528,3303,1548,1440,3042,2853,3429,2925,3150,2151,2952,1665,2601,2961,1557,2799,3771,2763,3330,2898,2610,2988,1539,2493,2124,3069,2592,2304,3024,2529,2556,2907,3519,2745,2169,2619,3186,
Shot 4:3780,
Shot 5:3897,3852,4122,3933,3978,3798,4032,3888,4131,3879,4059,3834,3915,
Shot 6:4212,4320,4257,4383,4239,4149,4248,4347,4158,4275,4176,4230,4284,4194,
Shot 7:4428,4419,4392,
Shot 8:4572,4698,4716,4455,4860,4662,4761,4752,4536,4437,4689,4707,4644,4734,4680,4743,4518,4635,
Shot 9:4905,4914,
Shot 10:5049,4959,5013,
