Shot 0:288,
Shot 1:585,297,414,576,
Shot 2:1368,1386,945,1377,1359,
Shot 3:3078,1755,3906,2700,3582,3060,1764,3069,3087,
Shot 4:4068,4185,4050,4104,
Shot 5:4725,5382,4446,5661,4635,5571,4473,4194,5409,4878,4581,5292,4698,4374,4563,4743,4536,4716,
Shot 6:5769,
Shot 7:6048,
Shot 8:6516,6786,6615,7227,6975,6678,6849,7371,6885,7236,6732,6993,6606,6750,6930,6507,6768,6525,
Shot 9:7596,7569,7623,7578,7587,7614,
Shot 10:7659,7695,7641,
Shot 11:12159,13041,8595,12771,11718,12051,13176,11430,12636,7794,13032,8919,12843,11862,11556,13275,11628,12591,7722,12474,11295,12879,11682,12888,10881,13365,11511,11772,13068,12834,12186,12987,11403,12825,8541,7965,12753,12798,12870,13167,12852,11970,12861,13023,12582,12726,8388,12177,8811,12015,12609,8478,12096,12168,12600,13266,
Shot 12:13419,
Shot 13:13554,
Shot 14:13572,
Shot 15:13698,13707,
Shot 16:14022,13860,13734,14166,14301,13896,13779,13887,13959,14157,13977,13869,14139,14238,13716,13851,14148,14013,13725,14031,14175,
Shot 17:14445,14328,14337,14418,14454,14319,
Shot 18:14598,14760,14625,14481,14472,14796,14463,14607,14553,14616,
Shot 19:14913,
