Shot 0:9,
Shot 1:90,153,126,81,
Shot 2:432,747,1980,207,684,882,1143,1548,567,594,1575,927,495,855,792,540,1080,180,1764,630,900,1656,504,873,1197,666,1530,225,486,252,279,297,441,459,1971,
Shot 3:2016,2457,1989,1998,2007,2025,
Shot 4:2844,2754,2862,2583,2709,2736,2772,2853,2835,
Shot 5:2871,
Shot 6:2997,2889,2907,2916,2898,3015,3006,
Shot 7:3069,3213,3204,3078,3060,
Shot 8:3915,3231,4239,3240,3249,4185,3771,4086,3996,4149,3879,3816,
Shot 9:4248,
Shot 10:4293,5211,5202,4257,4797,4833,5013,5193,4869,4473,5184,4743,4266,4995,5112,4383,4761,5076,4347,4275,4284,
Shot 11:6273,5229,6336,5859,5940,5220,5247,6084,5823,5238,6327,5715,5904,5688,6318,6246,6309,6291,6282,6300,
Shot 12:6345,
Shot 13:6390,6354,6525,6750,6363,6408,6372,6381,6435,
Shot 14:7011,7092,6822,7038,7083,6858,7065,6903,6948,7074,6975,
