Shot 0:36,153,72,171,144,162,63,9,81,
Shot 1:198,180,189,
Shot 2:360,216,279,351,261,333,297,315,252,369,225,387,234,270,396,324,378,243,207,342,288,
Shot 3:405,
Shot 4:414,
Shot 5:432,
Shot 6:459,495,450,477,468,441,486,
Shot 7:540,666,846,558,729,675,513,792,738,693,504,783,828,819,549,801,810,720,594,657,702,837,567,576,684,585,612,774,603,711,522,648,639,531,765,747,
Shot 8:936,891,873,855,945,864,900,882,927,
Shot 9:954,981,999,990,963,1026,972,1017,1008,
Shot 10:1035,
Shot 11:1071,1089,1053,1044,1080,1062,
Shot 12:1107,1116,
Shot 13:1143,1125,1134,
Shot 14:1152,1161,
Shot 15:1179,1170,1188,1197,
Shot 16:1368,1485,1323,1314,1431,1422,1215,1440,1458,1278,1305,1287,1260,1206,1296,1476,1242,1350,1494,1413,1332,1467,1404,1251,1269,1341,1233,1359,1395,1386,
Shot 17:1512,
Shot 18:1593,1638,1539,1620,1692,1647,1665,1521,1683,1710,1629,1530,1548,1656,1701,1557,1566,1611,1575,
Shot 19:1719,1755,1746,1737,1791,1728,
Shot 20:1818,1845,1827,1809,1836,
Shot 21:1863,1854,1872,
Shot 22:1890,1899,
Shot 23:1998,1935,1908,1953,2007,2025,1944,1926,1917,1971,1980,1989,2016,
Shot 24:2034,
