Shot 0:45,9,27,63,
Shot 1:405,
Shot 2:432,441,423,
Shot 3:603,468,549,576,522,558,567,612,594,
Shot 4:639,648,621,
Shot 5:702,711,666,675,720,684,657,
Shot 6:729,738,
Shot 7:873,810,756,900,783,801,765,819,792,909,891,747,846,882,828,837,
Shot 8:927,936,918,
Shot 9:990,954,1008,963,972,1035,945,1026,
Shot 10:1080,1116,1098,1071,1125,1062,1107,1089,1044,
Shot 11:1188,1152,1170,1134,1143,1197,1179,
Shot 12:1269,1224,1206,1251,1242,1233,1215,1260,
Shot 13:1287,1323,1332,1305,1341,1314,1350,1278,1296,
Shot 14:1431,1449,1359,1395,1368,1386,1440,1413,1422,
Shot 15:1485,1602,1458,1512,1539,1566,1521,1584,1575,1467,1530,1476,1494,1557,1503,1548,
Shot 16:1647,1620,1692,1629,1683,1611,1638,1674,
Shot 17:1719,1746,1701,1737,1710,1728,
Shot 18:1827,1764,1782,1755,1845,1773,1836,1800,1809,1818,
Shot 19:1863,1935,1917,1872,1890,1854,1908,
Shot 20:2025,1944,1971,1962,2016,1989,2007,
Shot 21:2070,2034,2079,2043,2061,2052,
Shot 22:2124,2151,2088,2106,2142,2133,
Shot 23:2232,2205,2187,2160,2169,2196,2250,2223,2178,2241,
Shot 24:2259,2277,
Shot 25:2349,2286,2313,2340,2358,2304,
Shot 26:2376,2403,2394,2430,2412,2367,2385,
Shot 27:2475,2520,2547,2493,2502,2529,2556,2466,2484,2448,2439,2457,2538,2511,2565,
Shot 28:2718,2574,2655,2619,2592,2601,2682,2583,2700,2736,2709,
Shot 29:2763,2808,2772,2745,
Shot 30:2853,2916,2862,2898,2826,2889,2844,2907,2880,2835,
Shot 31:2979,2997,2925,2961,2988,2970,2943,
Shot 32:3015,3006,3024,
Shot 33:3060,
Shot 34:3258,3204,3123,3312,3591,3483,3213,3681,3069,3573,3177,3411,3420,3672,3321,3717,3456,3600,3303,3285,3510,3105,3150,3726,3339,3438,3699,3366,3654,3474,3294,3564,3168,3186,3690,3546,3618,3267,3492,3555,3276,3465,3528,3132,3330,3645,3582,3249,3348,3519,3663,3537,3735,3195,3636,3357,
Shot 35:3744,
Shot 36:3807,3780,3861,3825,3843,3762,3798,3816,
Shot 37:3888,3915,3870,3906,3879,3897,
Shot 38:3996,3951,3924,
Shot 39:4392,4365,4626,4509,4500,4734,4410,4239,4086,4113,4536,4320,4617,4059,4356,4716,4230,4185,4482,4689,4644,4671,4725,4068,4203,4446,4347,4554,4698,4518,4284,4140,4032,4455,4662,4572,4158,4374,4311,4473,4491,4743,4122,4545,4680,4212,4077,4383,4464,4527,4293,4095,
Shot 40:4761,
Shot 41:4770,
Shot 42:4806,4842,4833,4788,4779,4815,4824,4797,
Shot 43:4860,4878,4851,
Shot 44:4896,4932,4887,4914,4905,4941,
Shot 45:5049,4959,5004,5022,5058,5040,5013,4977,
Shot 46:5112,5067,5076,5103,
Shot 47:5166,5238,5175,5121,5202,
Shot 48:5949,5292,5508,5697,5841,5427,5724,5310,5850,6102,5868,5805,5598,5463,5661,5787,5688,5580,5742,6066,5994,5364,5256,6030,5913,5544,6084,5337,6075,5301,6039,5715,5679,5418,5535,5571,5877,5391,6111,5859,5895,6021,5643,6120,5706,5553,6003,5814,5481,5319,5562,6093,5274,6012,5652,5670,5382,5733,5922,5967,5265,5940,5985,5400,5751,5499,
Shot 49:6129,6138,
Shot 50:6192,6210,6228,6147,6246,6165,6183,6201,
Shot 51:6291,6309,6264,6273,6255,6300,
Shot 52:6318,6426,6354,6372,6345,6408,6417,
Shot 53:6651,6453,6723,6498,6579,6534,6471,6462,6588,6570,6489,6669,6516,6687,6642,6552,6615,6507,6660,6696,6732,6597,
Shot 54:6741,
Shot 55:6750,
Shot 56:6768,6777,6759,
Shot 57:6786,6822,6813,6804,
Shot 58:6966,6849,6957,6948,6831,6885,
Shot 59:7065,7038,7119,6984,7101,7020,7083,7047,7029,7011,7074,7092,7110,
Shot 60:7128,7191,7254,7209,7137,
Shot 61:7281,
Shot 62:7407,7371,7290,7308,7335,7317,7398,7380,7344,7416,7362,
Shot 63:7497,7434,7560,7551,7542,7488,7506,
Shot 64:7677,7605,7578,7587,7668,7641,7614,7695,7632,7650,7623,7686,
Shot 65:7722,7848,7740,7704,7794,7776,7713,
Shot 66:7866,
Shot 67:7929,7875,7947,
Shot 68:7965,8010,8019,8001,7983,
