Shot 0:774,72,9,90,684,567,522,18,108,810,531,675,729,81,468,576,540,747,846,711,828,54,513,702,315,792,
Shot 1:1386,891,864,855,1242,909,1098,927,882,999,1188,1053,873,954,1206,1314,1458,1107,1440,900,972,1278,1035,1071,1197,1044,1449,1224,1341,1152,963,1215,1287,1332,1143,1323,1062,1296,
Shot 2:1782,1485,1557,1584,1521,1647,1602,1827,1656,1467,1800,1845,1611,1728,1665,1530,1818,1710,1764,
Shot 3:1917,1944,1890,1962,1935,1908,1854,2007,1989,1980,2052,2043,2061,1863,1881,
Shot 4:2142,2124,2115,2097,2133,2079,2187,2088,2160,
Shot 5:2223,2268,2259,2205,2232,
Shot 6:2277,2304,
Shot 7:2394,2484,2331,2313,2448,2349,2322,2475,2511,2493,2340,2529,2502,2358,2367,2412,
Shot 8:2583,2556,2538,2592,2547,2574,
Shot 9:2619,2601,2673,2628,2610,2664,
