Shot 0:9,
Shot 1:108,
Shot 2:675,297,387,495,414,405,621,774,432,594,468,513,576,738,603,630,477,459,720,522,711,540,549,684,567,693,648,504,729,657,783,765,702,
Shot 3:1620,1854,1107,1845,1143,1782,1791,1044,1134,1161,1341,1215,1179,1332,1431,1098,810,1836,1350,1800,1674,1089,1359,1449,1278,1062,1485,963,1017,891,819,1764,1422,1368,1053,1152,1206,1611,1575,1557,1305,981,1026,1818,882,1512,1827,1467,1233,1413,972,801,1395,1296,1170,1125,1755,1377,1323,1593,945,828,1656,1719,1521,1629,1440,927,1701,1197,990,1251,855,873,837,1692,1404,1530,1224,1809,1080,1539,1287,1602,1260,
Shot 4:1881,1863,1872,1917,1899,1890,
Shot 5:2286,2205,2403,1935,2367,2259,1944,2169,2034,2070,2223,2061,1980,2214,2358,2385,1998,2268,1953,2196,2106,2124,2313,2277,1962,2097,2349,2394,2187,2115,2250,2340,2016,2295,2142,2304,2232,
Shot 6:2655,2421,2997,3168,2430,3132,3078,3105,3402,3033,3150,2502,3042,3384,3186,3267,2781,3321,3348,2934,2889,3204,3276,3096,2745,3285,2943,2844,2979,3393,2574,2853,2583,2961,3006,3375,3249,3357,2871,2547,3123,3060,3141,3222,3303,2439,3258,2988,2880,2682,3294,2511,2457,2907,2826,2520,2691,2628,2799,2592,2475,2673,3159,2529,2862,2601,3195,2466,2736,2556,2808,2754,2664,2493,
Shot 7:3411,3420,
Shot 8:3438,3429,3483,3465,3456,3474,
Shot 9:3501,
Shot 10:3600,3519,3564,3510,3555,3537,3573,3546,3609,3591,
Shot 11:3699,3654,3717,3636,3681,3645,3663,3627,3708,
Shot 12:3924,3726,3825,3735,3744,3816,3834,3960,3789,3753,3879,3951,3861,3771,3843,3888,3780,3852,3906,3933,3942,3915,
Shot 13:4077,3969,4032,4014,3978,4068,3987,4059,4005,4095,
Shot 14:4104,
Shot 15:4140,4149,4122,4113,
Shot 16:4158,
Shot 17:4167,
Shot 18:4185,4230,4221,4203,4212,4176,4194,
Shot 19:4266,4248,4257,
Shot 20:4320,4284,4338,4293,4302,4311,4329,
Shot 21:4365,4356,4374,
Shot 22:4401,4410,4419,4383,4392,
Shot 23:4428,4437,
Shot 24:4554,4617,4671,4446,4635,4518,4527,4581,4473,4455,4662,4599,4491,4509,4500,4626,4536,4644,4482,4653,4608,4545,4563,
Shot 25:4680,
Shot 26:4788,4698,4752,5265,5283,5247,5121,5346,5328,5094,5292,5049,5256,5409,5130,5355,5274,5058,4905,4833,5175,5319,5229,4707,5148,5238,4968,4932,4869,5085,5373,5418,5202,5067,5103,5004,4959,5220,5139,4734,5076,4914,5040,4986,5166,4689,4761,4743,5310,4896,4716,4923,4779,4797,5184,5157,4815,5301,4977,4941,5382,4725,4995,4887,4851,4878,5112,5031,4806,4860,4950,4770,5022,
Shot 27:5760,5652,5877,5472,5841,5436,5490,5724,5823,5796,5481,5580,5463,5868,5508,5499,5715,5427,5787,5517,5607,5859,5742,5526,5643,5778,5535,5589,5562,5634,5616,5769,5571,
Shot 28:5940,5886,6003,5949,5985,5976,5967,5904,5913,5922,5931,
Shot 29:6021,6030,
Shot 30:6039,6048,
Shot 31:6345,6174,6075,6120,6507,6588,6570,6606,6561,6102,6138,6066,6624,6597,6300,6237,6408,6057,6318,6093,6516,6480,6489,6390,6309,6228,6543,6426,6579,6246,6156,6291,6525,6462,6363,6381,6201,6210,6264,6444,6534,6282,6372,6336,6435,6192,
