Shot 0:9,72,36,135,45,99,27,
Shot 1:405,369,414,
Shot 2:558,441,495,522,531,423,450,549,513,432,567,
Shot 3:702,747,918,864,963,837,909,882,756,819,810,594,765,936,729,846,828,774,900,576,954,873,855,720,927,630,891,585,972,603,621,945,738,657,684,
Shot 4:999,1053,981,
Shot 5:1071,
Shot 6:1089,
Shot 7:1242,1170,1296,1197,1107,1332,1152,1143,1224,1206,1260,1188,1098,1233,1278,
Shot 8:1557,1440,1476,1404,1539,1413,1503,1359,1386,1521,1566,
Shot 9:1845,1701,1575,1629,1584,1602,1863,1746,1728,1827,1620,
Shot 10:2025,2115,1917,2052,1998,2097,1881,2079,2007,1980,2043,
Shot 11:2178,2268,2367,2394,2430,2412,2241,2295,2340,2313,2376,2223,2304,2214,2232,2142,2187,
Shot 12:2457,2511,2484,2439,2493,2448,
Shot 13:2682,2736,2610,2772,2628,2898,2547,2583,2727,2619,2646,2889,2574,2862,2538,2844,2592,2871,2826,2556,2655,2817,2709,2529,2835,2673,2700,2718,2664,2691,
Shot 14:3024,3114,2916,2952,3042,2961,3015,2934,3060,3006,3078,3087,
Shot 15:3366,3294,3321,3168,3240,3222,3339,3186,3348,3150,
Shot 16:3555,3411,3483,3447,3528,
Shot 17:3987,4023,4329,3609,4374,4113,3726,3690,3852,3897,4122,4068,4185,4140,4311,4077,4338,4212,3762,4221,4248,4167,3708,4356,4131,3564,3924,4230,3573,4203,3636,4176,4194,4041,3915,3816,3933,3753,4050,3951,3978,3960,4014,3996,3969,
Shot 18:4536,4392,4509,4437,4410,4455,4491,4446,4383,4554,4518,
Shot 19:4581,4617,4563,4572,4590,
Shot 20:4698,4671,4680,4752,4689,
Shot 21:4806,4869,4941,
