Shot 0:63,144,9,153,27,72,
Shot 1:477,432,603,297,171,189,414,342,450,180,486,306,495,
Shot 2:621,648,
Shot 3:756,666,738,684,765,
Shot 4:783,
Shot 5:918,801,945,855,891,900,927,936,819,810,909,882,
Shot 6:963,1017,954,
Shot 7:1170,1242,1251,1215,1053,1233,1305,1260,1098,1152,1035,1188,1224,
Shot 8:1314,
Shot 9:1332,1440,1404,1449,1422,1395,1413,1377,1323,1368,1359,1350,
Shot 10:1602,1467,1503,1584,1629,
Shot 11:1674,
Shot 12:1746,
Shot 13:1845,1818,1854,
Shot 14:1863,1872,
Shot 15:1962,2529,2133,2403,2106,2484,2502,2466,2124,2052,2493,2088,2061,2475,1890,2034,2070,2043,1980,2511,
