Shot 0:36,117,9,126,135,18,99,108,63,27,45,
Shot 1:144,162,153,
Shot 2:198,252,243,279,180,261,171,270,234,216,189,207,
Shot 3:288,315,297,
Shot 4:333,324,423,369,351,360,342,
Shot 5:711,450,603,1062,459,540,1089,972,657,756,882,1053,1080,810,684,576,1071,1233,1242,612,549,666,522,486,765,675,738,630,954,432,891,1215,441,729,1098,1008,513,1224,558,864,981,936,531,1017,567,468,873,819,648,909,837,693,801,999,1107,1161,504,702,585,495,1026,900,927,1125,828,918,621,1143,747,594,990,855,477,1116,639,1206,720,774,
Shot 6:1251,
Shot 7:1260,
Shot 8:1269,1287,1278,
Shot 9:1296,1305,
Shot 10:1332,1404,1440,1377,1413,1431,1395,1368,1422,1341,1386,1314,
Shot 11:2016,1593,1899,1890,1494,1800,1818,1548,2169,1476,1584,1674,1485,1602,1782,1575,1710,1458,1539,1611,2124,1764,1854,1467,1737,1449,1755,1566,1503,1656,1719,2151,1980,1944,1512,1701,1872,1746,1836,1665,2079,1908,1935,1647,1683,1917,
Shot 12:2178,
Shot 13:2187,2196,2205,
Shot 14:2223,2259,2430,2367,2304,2277,2484,2493,2421,2385,2313,2268,2439,2511,2448,2241,2403,2412,2475,2376,2286,2457,2502,2349,2295,2466,2322,2394,2214,2250,2331,2358,2232,
Shot 15:2538,2529,2547,
Shot 16:2565,
