Shot 0:18,45,36,9,
Shot 1:90,117,54,72,108,63,126,99,81,
Shot 2:135,
Shot 3:144,153,
Shot 4:189,225,171,216,162,180,207,198,
Shot 5:243,288,
Shot 6:315,
Shot 7:369,387,342,405,351,360,378,
Shot 8:513,414,801,432,441,450,675,468,423,657,495,
Shot 9:810,
Shot 10:1314,1449,855,1485,1467,1476,1224,1440,1179,1242,
Shot 11:1494,
Shot 12:1548,1629,1611,1620,1602,1584,
Shot 13:1647,1656,1638,
Shot 14:1683,1665,1692,
Shot 15:1926,1710,2187,1746,1782,1989,1719,1764,1800,1737,1899,1854,1701,1818,1791,1917,1881,
Shot 16:3717,3285,2583,2835,2277,2628,2511,2646,3213,2790,3627,3447,2331,2727,2430,2403,2619,2862,2529,3051,3366,3114,2439,2772,2556,2448,2988,2394,2637,2673,2736,2664,2799,3654,2709,3060,3744,3582,2466,2763,3339,3663,3672,2781,2916,2484,3555,3681,2376,2853,3735,2889,3726,2457,3690,3699,3708,
Shot 17:3771,3780,3789,3762,
Shot 18:3816,3834,3798,3807,3825,
Shot 19:3897,
Shot 20:4023,3906,3951,3969,
Shot 21:4050,
Shot 22:4203,4176,4122,4230,4140,4158,4167,4104,4221,4194,4185,
Shot 23:4239,
