Shot 0:9,
Shot 1:18,
Shot 2:36,45,27,
Shot 3:54,
Shot 4:63,72,
Shot 5:126,90,81,99,117,135,
Shot 6:144,153,
Shot 7:162,
Shot 8:180,171,189,
Shot 9:225,198,270,216,234,
Shot 10:297,
Shot 11:306,
Shot 12:315,
Shot 13:324,
Shot 14:333,396,
Shot 15:459,
Shot 16:828,819,837,
Shot 17:1647,1710,1692,1728,1701,1197,972,1764,1233,1719,1170,1305,1278,1386,1017,1143,1359,1755,1674,1314,1107,1494,999,891,1287,1125,1080,1431,909,1521,1656,1377,1332,1503,1035,1548,1485,1089,1665,1629,
Shot 18:1791,1773,1809,1782,
Shot 19:1854,1818,1890,1827,1836,
Shot 20:1935,
Shot 21:2124,2115,2133,
Shot 22:2538,2610,2223,3204,3159,3186,2313,2970,3195,3168,2925,2907,2808,3150,2943,2457,2835,2583,2889,2403,2493,2790,2934,2817,2736,2754,2475,2511,2574,2772,2385,
Shot 23:3240,3222,3231,3213,3249,3258,
Shot 24:3420,3537,3474,3456,3519,3483,3501,3447,3510,3528,3321,3429,
Shot 25:3600,3555,3564,3672,3573,3591,3582,3609,
Shot 26:4284,4014,4050,4068,4113,4032,4041,4158,3987,4482,4095,4239,4131,4491,4176,4203,4383,4365,4473,4311,
Shot 27:4509,
