Shot 0:18,27,9,
Shot 1:414,2151,4230,3744,3825,3987,2313,3789,2268,3366,3060,2907,4122,4167,3807,2178,3582,3285,900,3870,36,2889,3717,2898,4068,1431,3402,3771,1773,3087,4212,3051,3843,810,3780,3798,3420,3186,3960,3159,3528,3321,2403,3105,3276,4050,3834,4113,3816,54,2340,3168,3600,3267,2142,1800,3915,2466,324,2934,3312,3123,2241,2115,891,3069,4140,3978,1440,918,4014,2385,4185,4149,2952,45,2880,2169,2916,927,2979,3609,3294,2475,1809,99,4176,2412,2196,3348,3627,3393,2187,2160,
Shot 2:5067,5040,4509,4347,4266,4680,4293,5220,4338,4365,4995,4239,4275,5148,5031,5211,4824,4716,4527,5103,5193,4329,4257,4374,5121,4734,4284,5094,4626,5058,
Shot 3:6129,5985,6336,6210,5598,6102,6192,6345,6201,6390,6273,5904,6183,6219,5310,6363,6264,6111,6372,5580,6093,6120,6282,6327,5958,5562,5535,5643,6318,5589,6381,5607,6255,6309,5355,6165,6291,5346,6156,5319,6237,6147,
Shot 4:6426,6399,6408,6417,6453,6444,
Shot 5:6660,6750,6471,6543,6534,6552,6489,6516,6741,6615,6498,6570,6507,6480,6588,
Shot 6:6786,6759,6768,6777,
Shot 7:6795,
Shot 8:6804,6822,6813,
Shot 9:6903,6858,6840,6948,6831,6867,6849,6939,6876,6894,6885,6912,
Shot 10:6957,
Shot 11:6966,
Shot 12:6975,6984,
Shot 13:6993,
Shot 14:7002,
Shot 15:7011,
Shot 16:9009,7524,7209,10188,10764,7029,8505,7704,7578,10710,9486,7182,7344,7245,8100,7173,10485,7920,7191,7326,8892,7047,7146,8577,9189,10332,7695,7389,7416,10719,10737,8919,10269,8172,7533,8928,8937,10314,8964,7506,10215,7056,7299,9018,7020,9090,9324,7515,7902,8154,7551,7074,8145,8811,8973,7254,8541,7380,10305,8874,10746,8532,7641,10341,8775,8451,7164,7101,10458,10773,9360,9873,7938,9558,7272,7038,7911,9495,9423,8946,7353,9828,8334,8307,9936,8091,8487,7200,8442,10791,8649,7488,7155,7956,7668,10368,9459,10260,9513,7128,8253,8379,8784,7263,7866,7137,9441,8802,9027,7542,10755,8883,9918,7407,8235,8514,9891,9801,9603,8586,7830,9522,8982,9531,10386,10323,9630,9468,7110,8757,9864,9270,8325,9549,7227,8352,8496,8550,8766,8856,9882,9792,8820,8640,8685,8730,
Shot 17:10800,
Shot 18:10809,10818,
Shot 19:10836,10998,11070,10908,10980,10971,10863,10989,10890,10854,10845,
Shot 20:11961,11619,11340,11574,11088,11322,11169,11601,12015,11592,11673,11889,11583,12123,11151,11124,11142,11898,11286,11628,12222,11106,11097,11547,12231,11691,12096,12060,12294,11934,11466,11178,11430,11376,12267,11916,11079,11205,12240,11610,
Shot 21:12600,12312,12537,12402,12528,12411,12582,12321,12447,12564,12690,12654,12420,12636,12699,12456,
Shot 22:12780,12744,12753,12771,
Shot 23:14931,14454,15822,12789,15867,14463,12987,14283,15849,14220,14193,12879,15876,13005,13041,13284,14886,15813,15336,13887,13230,13329,13302,14229,12816,13068,15480,14445,14211,13554,13410,15723,13221,14625,14373,15435,13248,14904,14013,13032,14112,12798,14472,13293,15732,13419,14895,14103,14301,13014,14913,12996,13545,12978,13491,13050,
