Shot 0:180,234,81,9,225,144,90,216,135,45,36,117,63,207,108,153,243,72,126,99,198,162,189,
Shot 1:261,270,252,
Shot 2:288,279,297,
Shot 3:315,306,324,
Shot 4:333,
Shot 5:396,486,342,459,495,477,423,432,441,351,450,468,360,369,414,405,378,
Shot 6:540,504,549,558,531,522,513,
Shot 7:567,576,
Shot 8:594,639,630,648,585,603,612,
Shot 9:657,675,666,
Shot 10:684,
Shot 11:783,837,693,864,729,882,711,891,828,747,873,846,801,765,819,792,738,774,756,
Shot 12:909,900,918,
Shot 13:927,936,
Shot 14:945,954,
Shot 15:963,
Shot 16:1143,1017,981,1260,1044,999,1089,1179,1242,1251,972,1116,990,1170,1206,1026,1125,1161,1035,1134,1062,1008,
Shot 17:1278,1269,1287,
Shot 18:1494,1305,1368,1557,1413,1566,1314,1530,1377,1440,1458,1323,1332,1359,1512,1449,1350,1395,1548,1521,1386,1467,1539,1503,1476,1485,1431,
Shot 19:1575,1647,1593,1584,
Shot 20:1656,
Shot 21:1665,1674,
Shot 22:1683,1692,
Shot 23:1701,1710,
Shot 24:1737,1755,1719,1728,1746,
Shot 25:1827,1890,1764,1872,1881,1899,1791,1917,1773,1863,1908,1854,1782,1818,
Shot 26:1926,1935,
Shot 27:2214,2853,2745,2781,2628,2700,3159,2772,2916,2511,2475,2124,2664,2799,3123,1962,3051,2754,2205,3060,2115,2457,2106,3015,2304,2538,1944,2943,2520,2367,2763,2655,3042,2070,2835,3150,2682,3105,2349,2907,3069,1989,3132,3186,2196,2898,2259,2052,2808,2646,2493,1980,2610,2088,2403,2250,2178,2016,2880,3078,2241,2547,2736,2043,2871,2988,2592,2268,2889,1971,2286,2169,2934,2412,2187,3141,2025,2529,2826,2421,2862,2223,2034,2340,
Shot 28:3195,3204,
Shot 29:3213,
Shot 30:3402,3222,3312,3438,3258,3231,3357,3420,3303,3366,3294,3276,3384,3375,3321,3429,3348,3411,3330,3285,3249,3240,3267,
Shot 31:3447,3456,
Shot 32:3537,3483,3492,3465,3564,3474,3501,3555,3519,3582,3546,3528,
Shot 33:3591,
Shot 34:3600,
Shot 35:3663,3609,3708,3735,3744,3762,3690,3681,3726,3645,3672,3654,3636,3753,3627,3717,3699,
Shot 36:3771,
Shot 37:3780,3789,
Shot 38:3798,3807,
Shot 39:3816,3825,
Shot 40:3834,
Shot 41:3897,3843,3987,3861,4005,3924,3879,3852,3996,3888,3915,3906,
Shot 42:4032,4014,4023,
Shot 43:4050,4041,4059,
Shot 44:4077,4086,4068,
Shot 45:4095,4104,
Shot 46:4158,4131,4176,4149,4122,4167,4140,
Shot 47:4230,4302,4194,4248,4275,4221,4239,4212,4185,
Shot 48:4347,4419,4401,4320,4383,4374,4392,4329,4311,4365,4338,
Shot 49:4734,4599,4887,4554,4626,4797,4716,4779,4437,4581,4464,4572,4815,4671,4545,4500,4761,4707,4851,4446,4527,4644,4608,4725,4878,4806,4833,4896,4482,4788,4860,4617,
