Shot 0:162,297,36,90,72,126,27,9,135,45,108,63,81,99,153,117,144,216,279,288,198,243,
Shot 1:306,
Shot 2:360,315,387,396,369,324,
Shot 3:423,459,405,432,414,450,441,
Shot 4:468,
Shot 5:477,
Shot 6:702,738,747,594,729,666,675,522,684,657,540,621,486,648,603,693,576,639,612,558,711,504,531,549,585,720,495,
Shot 7:756,765,
Shot 8:774,783,
Shot 9:792,
Shot 10:801,
Shot 11:810,
Shot 12:819,
Shot 13:828,
Shot 14:873,846,837,891,882,864,
Shot 15:918,954,900,936,945,927,909,
Shot 16:963,990,
Shot 17:1017,999,1008,
Shot 18:1035,1107,1071,1026,1053,1089,1098,1044,
Shot 19:1116,1125,
Shot 20:1143,1440,1269,1377,1431,1323,1206,1278,1404,1251,1233,1386,1188,1305,1134,1341,1413,1422,1152,
Shot 21:2898,3285,4581,3843,4590,2925,3924,3708,1629,3825,3384,3816,4545,2295,4527,1665,4203,3807,2943,3690,3393,2241,2988,3852,2142,4032,1620,2421,2043,1818,2088,3411,3267,2952,3564,2799,3861,2916,2322,3879,1458,2871,1647,2691,2853,1611,3015,3915,3789,2151,3582,4167,3033,3186,2610,3195,3456,3942,2277,4563,1719,2961,4068,2637,2115,3330,2709,2736,3645,4437,2304,4014,2358,2061,2466,4572,3609,2655,3573,4329,3240,3726,3483,2745,1467,1503,2394,3078,4059,1737,1827,1845,3591,1557,2826,2790,3402,2997,2106,3204,1998,2979,3636,1890,2484,2970,3366,3312,2781,2673,4095,2619,2016,3465,1809,3933,2133,3663,3213,1494,4338,2664,3321,3348,4374,3051,4077,1575,1602,1584,
