Shot 0:63,9,27,36,207,45,198,
Shot 1:216,
Shot 2:747,315,1035,297,441,972,1917,342,225,459,1287,540,1476,1071,423,1728,1224,396,1620,324,495,1251,1980,1017,909,306,630,279,1827,1143,585,792,288,252,
Shot 3:1998,2007,
Shot 4:2070,2034,2124,2052,2088,2016,2115,2106,2025,2061,2097,2079,2043,
Shot 5:2223,2133,2268,2160,2187,2142,2205,2241,
Shot 6:2376,2277,2304,2331,2286,2358,2322,2340,2367,2295,2385,2349,2313,
Shot 7:2601,3177,3060,3114,2817,2403,2970,2763,2907,2547,2655,2709,2466,
Shot 8:3204,
Shot 9:3222,3213,3231,
Shot 10:3240,3249,
Shot 11:3258,
Shot 12:3267,
Shot 13:3276,
Shot 14:3285,
Shot 15:3294,
Shot 16:3303,
Shot 17:3312,
Shot 18:3321,
Shot 19:3330,
Shot 20:3339,
Shot 21:3348,
Shot 22:3402,3411,3357,3366,3375,3393,3420,3384,
Shot 23:3429,
Shot 24:3438,
Shot 25:3447,3456,
Shot 26:3474,3465,3483,
Shot 27:3492,3501,3510,
Shot 28:3546,3519,3528,3537,
Shot 29:3555,3564,
Shot 30:3582,3618,3663,3600,3654,3636,3609,3627,3645,3591,3573,
Shot 31:3708,3681,3690,3699,3717,
Shot 32:3816,3726,3762,3843,
Shot 33:3969,3861,3897,3924,3870,3879,3987,3915,3951,3852,3888,3933,3960,3942,3906,
Shot 34:4365,4221,4131,4392,4095,4239,4203,4158,4077,3996,4104,4383,4050,4275,
Shot 35:4419,4401,4410,4428,
Shot 36:4455,4446,4437,4464,
Shot 37:4482,4491,4473,
Shot 38:4815,4545,4878,4725,4923,4896,4500,4680,4860,4626,4743,4509,4788,
Shot 39:5013,4932,4950,4968,5067,4986,4941,5058,5031,4995,4959,4977,5049,5040,5004,5022,
Shot 40:5103,5076,5175,5157,5085,5130,
Shot 41:5256,5211,5337,5220,5310,5274,5238,5202,5328,5283,5319,5301,5229,5247,5265,5292,
Shot 42:5823,5391,5553,5346,5409,5418,5463,5535,5373,5427,5679,5400,5751,5499,5661,5724,5643,5571,5598,5886,5859,5841,5715,5382,5697,5850,5832,5526,5787,5454,5688,
