Shot 0:234,261,252,
Shot 1:693,387,378,603,513,360,612,306,369,279,531,495,621,504,522,702,486,630,
Shot 2:729,747,
Shot 3:864,1026,981,918,936,891,972,990,945,873,927,837,954,
Shot 4:1035,1152,
Shot 5:1188,1161,1278,1170,
Shot 6:1296,1287,1386,
Shot 7:1422,1530,1395,1404,1413,
Shot 8:1539,1647,
Shot 9:1656,
Shot 10:1728,1791,1773,1665,1782,1764,1800,1674,
Shot 11:2088,2268,1908,2151,2016,2250,2133,2025,2241,2142,2034,2259,2160,2043,2124,2052,
Shot 12:2484,2493,2385,
Shot 13:2520,2628,2610,2502,2619,2538,2511,2529,
Shot 14:2907,2637,2646,
Shot 15:2925,
Shot 16:3006,2943,3024,3015,2934,
Shot 17:3033,
Shot 18:3159,3042,3051,3060,3204,3096,3195,3177,3168,
Shot 19:3465,3222,3528,3384,3267,3213,3510,3393,3276,3501,3402,3240,3231,3492,3375,3519,3411,
Shot 20:3753,3627,3636,3762,3744,
Shot 21:3771,3861,
Shot 22:4122,4149,3870,4140,3879,4131,4158,3888,
Shot 23:4275,4329,
Shot 24:4437,4491,4383,4527,4365,4473,4347,4509,4455,4338,4428,4482,4401,4419,4446,4518,
Shot 25:4707,4689,4743,4725,4716,4734,4698,
Shot 26:4842,4887,4824,4860,4869,4878,4851,4833,
Shot 27:4968,
Shot 28:5049,5067,5031,5058,5040,
Shot 29:5076,
Shot 30:5148,5265,5256,5247,5130,5238,5157,5139,5211,
Shot 31:5337,5283,5292,5355,5346,5301,
Shot 32:5373,5454,5445,5364,5418,
Shot 33:5463,5535,
Shot 34:5562,5544,5625,5553,5616,
Shot 35:5751,5634,5868,5733,5643,5859,5742,
Shot 36:5976,5877,6075,5958,5949,6066,5967,
Shot 37:6183,6084,6192,6093,
Shot 38:6327,6903,6804,6642,6678,6687,6705,6570,6660,6381,
Shot 39:7443,6912,7272,6948,7029,7002,7308,7182,6921,7614,7371,6939,7380,6993,7398,
Shot 40:8415,8253,8586,8199,8181,8442,8118,8208,8658,8235,8649,8469,8325,7830,8190,7740,8154,8244,8478,8136,8397,7965,8721,8451,8172,8505,8559,8757,8433,7947,8487,8280,
Shot 41:9207,9153,9171,9162,9225,9180,9216,9189,9198,
Shot 42:9279,9234,9243,9252,9261,9288,9270,
Shot 43:9324,9297,9306,9342,9315,9333,
Shot 44:9414,9360,9378,9369,9396,9351,9432,9405,9387,9423,
Shot 45:9468,9486,9450,9477,9441,9459,
Shot 46:9495,9522,9513,9504,
Shot 47:9567,9531,9549,9585,9540,9558,9576,
Shot 48:9603,9594,9612,
Shot 49:9639,9657,9621,9648,9630,
Shot 50:9684,9666,9675,
Shot 51:9711,9693,9720,9702,
Shot 52:9738,9747,9729,
Shot 53:9774,9756,9765,
Shot 54:9783,
Shot 55:9792,
Shot 56:9801,9810,
Shot 57:9819,9828,
Shot 58:10215,10242,10260,9864,10251,9837,9846,10233,9873,9855,10224,
Shot 59:10278,10449,10269,10404,
Shot 60:10521,10503,10530,
Shot 61:10674,10683,10638,
Shot 62:10827,10737,10908,10701,10800,10692,
