Shot 0:9,180,171,162,144,
Shot 1:189,198,
Shot 2:333,864,819,783,855,675,648,846,774,711,756,270,666,639,657,684,207,243,810,612,603,720,252,837,702,792,279,297,576,747,216,234,828,495,261,378,738,594,315,450,585,729,531,396,342,
Shot 3:1161,954,1062,882,1116,873,927,909,990,1008,891,1071,1053,1107,1080,1134,1152,
Shot 4:1188,1215,1179,1206,1197,
Shot 5:1377,1251,1503,1494,1287,1467,1260,1224,1440,1449,1431,1242,1269,1413,1341,1323,1458,1296,1476,1485,1305,1332,1404,1233,1314,1368,1395,1422,1386,1350,1359,
Shot 6:1719,1953,1530,1692,1890,1557,1575,1512,1611,1737,1593,1548,1683,1584,1656,1629,1521,1773,1566,1701,1755,1539,1728,1791,1746,
Shot 7:2097,2718,2511,2484,2502,2457,2538,2475,2493,2439,2682,2529,2547,1971,2286,2520,2646,2430,2448,2664,2673,2691,1998,2007,2394,2421,2628,2403,2214,2592,2025,2358,1989,2610,2637,2043,2376,2565,2340,2583,2601,2574,2322,2088,2106,
Shot 8:2889,2916,2907,2790,2754,2799,2745,2871,2727,2853,2763,2808,2736,
Shot 9:2988,3105,3078,3123,3096,3141,2925,3150,2943,3168,3024,3060,3015,3186,3051,3033,3213,3042,3006,3204,2952,2961,2970,2979,
Shot 10:3285,3240,3222,3249,3330,3258,3231,3267,3303,
Shot 11:3645,3888,4212,3429,3393,3375,3456,3546,3402,3942,3501,4194,3528,3411,3357,4050,3960,3366,3420,3537,3519,3915,3852,4104,3870,3555,3924,3987,3861,4005,4122,4158,4032,3969,4095,3564,3843,3726,3573,3582,4185,3780,4014,3753,3690,3825,3789,4077,3672,3600,3744,4086,
