Shot 0:9,189,108,216,144,135,288,162,171,207,153,243,270,45,234,126,81,252,117,90,54,27,63,72,36,
Shot 1:432,306,531,315,522,324,297,333,351,387,342,486,513,
Shot 2:540,
Shot 3:630,693,990,711,702,549,963,567,1188,873,576,1080,882,675,981,720,864,936,594,891,837,945,900,954,684,972,738,603,585,612,999,
Shot 4:1197,
Shot 5:1377,1251,1206,1278,1269,1323,1242,1215,1305,1287,1224,1368,1350,
Shot 6:1422,1404,1386,1395,1413,
Shot 7:1458,1431,1440,1449,
Shot 8:1467,
Shot 9:1476,1485,
Shot 10:1539,1503,1602,1647,1512,1665,1593,1521,1557,1530,1566,
Shot 11:1800,1728,1890,1737,1683,1854,1746,
Shot 12:2205,1899,2241,1908,2223,2007,1953,2151,1917,
Shot 13:2583,2250,2529,2547,2556,2268,2520,2511,2538,2403,2592,2565,2493,2277,2340,2259,2421,2394,2376,2610,2304,2574,2601,
