Shot 0:369,477,846,99,396,945,189,243,810,261,918,342,405,198,216,306,729,387,297,333,774,279,414,135,288,549,9,675,72,234,747,819,900,936,756,360,801,450,63,765,783,
Shot 1:963,
Shot 2:1287,1080,981,1008,1044,1026,1053,1206,1188,1467,972,990,1017,1224,1368,1062,1116,1233,1440,1422,1314,1170,1035,1251,1449,1278,
Shot 3:1476,
Shot 4:2079,1863,1638,1620,2448,2457,2169,2421,2439,1656,2016,1647,2196,1674,1629,2151,1782,2367,2394,2223,2187,2304,2475,1683,1746,2115,2403,2466,1827,2268,1692,2214,2070,2043,2097,2088,2160,2358,2286,
Shot 5:2484,
Shot 6:2502,
Shot 7:2655,2754,2736,
Shot 8:2916,2952,3096,2988,3078,2934,3006,3015,3024,2961,3042,2925,2898,2979,2997,
Shot 9:3114,3123,3105,
Shot 10:3159,3186,3177,3132,3150,
Shot 11:3240,3537,3816,3204,3501,3843,3258,3771,3285,3789,3456,3519,3834,3213,3726,3267,3807,3429,3483,3276,3825,3465,3510,3798,3222,3690,3249,3708,3735,
Shot 12:3852,
Shot 13:4176,4059,4095,4113,4005,4122,4077,4140,4167,
Shot 14:4185,
Shot 15:4392,4329,4545,4356,4338,4446,4554,4536,4374,
Shot 16:4563,
Shot 17:4572,4590,
Shot 18:4680,4617,4779,4599,4815,4653,4626,4761,4806,4671,4689,
Shot 19:4941,5058,4905,
