Shot 0:9,
Shot 1:108,54,135,90,144,126,117,153,
Shot 2:225,261,216,162,288,324,
Shot 3:423,540,504,522,360,414,333,441,
Shot 4:783,585,549,882,855,594,693,720,828,909,648,
Shot 5:945,1044,999,1008,981,1080,990,1107,1017,1026,954,963,1053,
Shot 6:1125,1134,1116,
Shot 7:1143,
Shot 8:1179,1152,1269,1161,1215,1224,1197,1188,1242,1170,1260,
Shot 9:1278,1287,
Shot 10:1350,1305,1314,1377,1368,1341,1359,1386,1332,1296,
Shot 11:1395,
Shot 12:2016,1782,1926,2151,1836,2232,1629,2169,2250,2142,1404,1809,2295,2259,2070,2007,2043,2025,
Shot 13:2538,2421,2439,2430,2412,2466,2331,2304,2322,2367,2403,2520,2394,2511,2313,2529,2502,2556,
Shot 14:2583,2565,2574,2592,
Shot 15:2601,
Shot 16:2628,2664,2610,2691,2700,2709,2655,2682,2673,2646,2619,
Shot 17:2718,2727,
Shot 18:2826,2736,2871,2853,2844,2808,2835,2817,
Shot 19:2988,2916,2970,2979,2997,
Shot 20:4698,3024,4572,3006,3051,3339,4545,5157,3789,5085,3087,4356,4968,3132,5058,3564,3321,3042,4005,5148,3186,3474,4149,3546,3033,3375,5049,4959,5067,3060,3213,3537,5094,3330,3168,4887,3582,4113,3528,3312,3771,4590,3555,3069,3411,3204,5103,3483,3627,4950,3078,5130,3591,3366,4788,3096,3609,3663,3393,3645,4941,4932,3708,3123,4815,4626,3744,4644,5139,4599,5112,4743,4608,3780,
Shot 21:5256,5283,5175,5166,5193,5220,5247,5238,5274,
Shot 22:5373,5427,5409,5364,5292,5310,5355,5418,5400,5346,5391,5328,
Shot 23:5472,5598,5589,5481,5463,
Shot 24:5607,5634,5643,5616,
Shot 25:5769,5895,5913,6102,5904,5796,6192,5670,5679,5715,6120,5733,
Shot 26:6318,6597,6525,6435,6480,6624,6453,6471,6534,
Shot 27:6804,6723,6759,6669,6831,6795,6849,
Shot 28:6921,6957,6858,6903,6930,
Shot 29:7560,7452,7542,7641,7569,7551,7578,7605,7506,7596,7173,7182,7407,7065,
Shot 30:7794,7677,7668,7848,7839,7893,7884,7704,7650,7866,7875,7857,7758,7776,7803,7812,7686,7695,
Shot 31:8001,7920,7902,8037,8073,7974,7983,7911,8046,7938,7929,8064,8028,7965,8010,7956,8019,7947,7992,8055,
Shot 32:8208,8226,8145,8163,8082,8127,8109,8136,8091,8118,8154,8172,8100,8181,8190,8217,8199,
Shot 33:8235,8244,
Shot 34:8496,8280,8388,8775,8370,8253,8352,8703,8307,8406,8415,8757,8334,8379,8748,8397,8451,8316,8424,8361,8766,8613,8262,8469,8640,8577,8667,8649,8460,8739,8622,8604,8523,8514,8658,8505,8478,8541,8487,8532,8631,
