Shot 0:9,
Shot 1:252,180,288,369,126,
Shot 2:423,531,378,504,441,477,522,486,513,459,450,405,540,468,495,396,414,432,
Shot 3:549,558,
Shot 4:567,
Shot 5:630,864,963,801,576,765,945,594,675,657,774,729,666,612,648,720,621,927,936,891,819,
Shot 6:999,972,1053,981,
Shot 7:1071,1062,1080,
Shot 8:1089,1116,1125,1098,
Shot 9:1152,1134,1197,1224,1170,1143,
Shot 10:1269,1332,1242,1314,1287,1296,1251,1323,1305,1278,
Shot 11:1341,1350,
Shot 12:1368,1386,
Shot 13:1449,1746,1530,1827,1404,1611,1665,1674,1512,1422,1692,1854,1620,1800,1710,1773,1683,1638,1476,1413,1431,1485,1440,
Shot 14:1863,1881,
Shot 15:1890,1899,
Shot 16:1917,1944,1908,
Shot 17:1953,1962,
Shot 18:1971,1980,
Shot 19:2034,2088,1989,2079,
Shot 20:2124,2097,2169,2106,2151,2133,
Shot 21:2178,2214,
Shot 22:2223,2232,
Shot 23:2241,2250,
Shot 24:2259,
Shot 25:2295,2268,2286,2304,
Shot 26:2403,2520,2313,2511,2439,2556,2475,2331,2376,2340,2538,2457,2421,2430,2394,2358,2529,2484,2412,
Shot 27:2691,2628,2673,2700,2682,
Shot 28:2745,2709,2781,2718,2772,2763,2754,2736,2727,
Shot 29:2799,2808,2790,
Shot 30:2862,2853,2835,2889,2880,2826,2871,
Shot 31:2970,2898,2907,3015,2925,2997,2961,2934,3006,2979,
Shot 32:3429,3213,3159,3024,3195,3249,3078,3483,3231,3051,3294,3348,3258,3276,3060,3501,3312,3456,3186,3096,3042,3492,3447,3465,3177,3474,3393,3411,3438,
Shot 33:3672,3573,3510,3627,3528,3645,3681,3663,
Shot 34:3753,3699,3726,3708,3735,3771,3717,3762,
Shot 35:3780,3789,3798,
Shot 36:3816,3807,3825,
Shot 37:3915,4023,3834,3978,3897,
Shot 38:4050,4032,4041,4059,
Shot 39:4239,4140,4122,4176,4158,4167,4347,4293,4203,4185,4257,4221,4365,4068,
Shot 40:4734,4410,4392,4581,4437,4401,4518,4824,4428,4545,4563,4554,4653,4599,4617,4770,4806,4608,4743,4671,4707,4752,4635,4761,4716,4644,4662,4779,4725,
Shot 41:5085,4869,4923,4959,5004,4887,4941,4977,4905,4995,4932,4950,5022,5067,5040,5112,
Shot 42:5148,
