Shot 0:9,36,27,18,
Shot 1:45,
Shot 2:153,54,63,72,189,108,144,180,135,162,126,
Shot 3:216,234,207,
Shot 4:432,459,450,423,441,252,486,
Shot 5:576,738,612,
Shot 6:792,810,
Shot 7:927,999,1089,1062,1053,1026,954,1035,972,900,
Shot 8:1134,1116,1107,1143,1125,
Shot 9:1206,1215,
Shot 10:1269,
Shot 11:1323,
Shot 12:1332,1359,
Shot 13:1386,1368,1395,1377,
Shot 14:1422,1404,1413,1440,1431,
Shot 15:1467,
Shot 16:1494,1620,
Shot 17:1755,1827,1692,1647,1854,1665,1791,1728,1710,
Shot 18:1944,1980,1926,1989,1971,1962,1890,1908,1935,
Shot 19:2043,2187,2313,2007,2160,2079,2268,2322,2223,2304,2106,1998,2259,2277,2205,2061,2142,2241,
Shot 20:2529,2385,2340,2349,2475,2403,2430,2448,2520,2376,2484,
Shot 21:2538,
Shot 22:2592,2637,2808,2754,2709,2700,2673,2835,2664,2691,2628,2781,2610,2745,2817,2601,2646,
Shot 23:2853,2889,
Shot 24:3078,2970,2907,3096,2997,
Shot 25:3159,3393,3645,3726,3708,3375,3402,3303,3492,3294,3204,3672,3339,3384,3222,3249,3537,3735,3276,3231,3195,3123,3141,3177,3582,3663,3366,
Shot 26:3762,3915,3798,3834,3807,3906,3744,3825,3753,3780,
Shot 27:3924,
Shot 28:3933,
Shot 29:4086,3942,4095,
Shot 30:4248,4212,4185,4221,4239,4257,
Shot 31:4266,4275,
Shot 32:4392,4284,4797,
