Shot 0:63,9,45,27,81,
Shot 1:180,117,144,162,135,198,171,153,
Shot 2:306,207,531,396,261,513,432,279,252,522,351,414,270,288,315,
Shot 3:792,954,558,612,891,693,567,594,918,729,855,936,756,819,
Shot 4:1008,1323,
Shot 5:1422,2007,1764,1395,
Shot 6:2286,2205,2322,2259,2277,
Shot 7:2448,2358,2385,2475,2502,2457,
Shot 8:2628,2664,2538,2592,2619,
Shot 9:2691,2745,2925,2709,
Shot 10:3618,3825,3024,3420,3339,3393,3780,3690,3654,3744,3231,
Shot 11:4032,3951,4185,3978,4086,4050,3843,3987,4005,4023,4131,3879,4122,4077,4194,
Shot 12:4626,4428,5031,4275,4311,5013,4950,4410,4977,4923,4518,4689,4383,5040,4752,4329,4221,4347,4437,4482,4554,5004,4644,4671,4968,4878,
Shot 13:5067,5085,5049,5076,5058,
Shot 14:5112,5094,5121,5103,
Shot 15:5409,5706,5436,5742,5985,5922,5274,5508,5814,5688,6093,5634,5886,5301,5229,5724,6129,5670,5760,5607,5544,5850,5652,5778,5337,5292,5616,5733,6111,5796,5697,5400,6120,
Shot 16:6138,
Shot 17:6147,
