Shot 0:9,
Shot 1:315,423,414,360,351,261,297,
Shot 2:432,
Shot 3:441,450,
Shot 4:558,459,567,504,
Shot 5:576,
Shot 6:585,
Shot 7:594,
Shot 8:1125,1098,1053,1287,603,1305,1035,1314,1188,1152,1116,1044,1134,1026,
Shot 9:1467,1539,
Shot 10:1593,1602,
Shot 11:1764,1845,1836,1791,1827,1755,1809,1818,
Shot 12:1908,1854,2043,2079,1863,2052,1872,1944,2097,2061,1971,1881,1890,1962,2025,1899,1917,1935,2016,
Shot 13:2124,2133,2115,
Shot 14:2151,
Shot 15:2160,
Shot 16:2169,2178,
Shot 17:2187,2196,
Shot 18:2322,2304,2223,2259,2205,2412,2241,2232,2394,2214,2250,2313,2331,
Shot 19:2421,2430,
Shot 20:4068,2772,4518,2835,3726,2781,4500,3753,4752,4716,2520,3465,2745,2808,3915,3402,4284,2457,2529,3591,3474,2646,4491,4725,3240,2817,2727,4383,2493,4599,4617,4239,4707,3015,3006,2898,4149,3762,3654,4509,3906,4635,3771,3744,3312,4401,3924,2664,4734,3645,3582,2988,4626,4293,4266,4167,3024,2925,3600,4122,4374,2637,3447,2826,3321,3051,3123,4527,3537,4194,3609,3942,3456,3114,2691,3042,2790,
Shot 21:5859,6102,5769,5841,5895,5931,
Shot 22:6138,
