Shot 0:9,
Shot 1:675,639,216,495,792,630,693,738,657,
Shot 2:927,837,900,873,828,882,855,864,891,945,846,918,936,
Shot 3:963,954,972,
Shot 4:999,
Shot 5:1287,1008,1575,1602,1395,1485,1638,1188,1233,1674,1152,1314,
Shot 6:1746,1818,1791,1764,1701,1728,1782,1755,
Shot 7:2403,1827,2016,2268,2394,2223,2412,2304,2241,2286,
Shot 8:2502,2520,
Shot 9:2592,2628,2610,2583,
Shot 10:2646,2664,
Shot 11:2700,2673,2682,2709,2691,
Shot 12:2754,2727,2763,
Shot 13:3510,3960,3420,4851,4554,3438,4437,2997,4410,2880,4005,4707,3663,3861,4149,4617,4383,2952,4194,4059,4878,4113,4275,2781,3681,4833,4329,3492,4176,4995,
Shot 14:5130,5067,5112,5094,5085,5058,5103,5121,5040,5148,5139,
Shot 15:5175,5202,
Shot 16:5247,5229,5211,5238,
