Shot 0:126,36,198,90,63,117,207,234,27,144,261,9,
Shot 1:396,288,441,387,414,
Shot 2:783,1413,648,1449,1098,1089,1530,477,558,486,1026,1485,990,1233,1494,612,1071,1521,810,576,1278,1332,666,1512,1422,621,504,819,720,1323,1467,1053,1431,1197,756,1134,1503,846,1476,774,
Shot 3:1620,1665,1566,1647,
Shot 4:1728,1674,1719,1692,1710,
Shot 5:1737,
Shot 6:1746,1755,
Shot 7:1773,1809,1818,1827,1800,1764,1782,
Shot 8:1890,1908,1881,1863,1845,1917,1836,1854,1926,1899,
Shot 9:1935,1944,
Shot 10:2241,2493,1998,2376,2277,2520,2457,2484,2115,2169,2322,2439,2367,2556,2088,2511,2574,2565,2538,2475,2466,2178,2079,2034,2547,1971,2070,2052,2529,2187,2349,2160,2196,2403,1953,2124,1980,2412,2007,1989,2025,2043,2205,2223,2583,2016,1962,2385,2592,2259,
