Shot 0:99,18,63,9,108,
Shot 1:576,675,261,351,432,288,216,630,189,495,639,234,414,423,648,
Shot 2:1062,711,918,1026,864,963,1260,1008,1152,1269,720,1224,936,1017,1044,1053,855,1098,
Shot 3:1287,
Shot 4:1350,1305,1431,1359,
Shot 5:1710,1503,1719,1647,
Shot 6:1782,1800,1872,1791,1764,
Shot 7:2016,2304,1935,2439,2232,2196,2376,2160,2079,2430,2223,2367,2061,
Shot 8:3672,3393,2475,3123,3438,2880,3591,2502,3942,3492,2547,3159,2646,3780,2736,3483,3006,2799,3240,3312,2484,3726,3870,3654,3528,3996,2511,3303,3384,3861,3951,3096,3456,3663,
Shot 9:4005,
Shot 10:4338,5058,4563,4914,4707,4014,4365,4050,4131,5040,4770,4230,4581,4842,4185,4716,4041,4527,4761,4275,4221,4356,4347,4599,4284,
