Shot 0:9,
Shot 1:90,99,
Shot 2:4599,5535,5580,108,2871,2547,1386,3312,3015,153,4959,3816,2529,1449,1791,3969,4941,4932,3996,5436,2817,5625,2592,2682,3060,1728,477,828,1692,3888,216,5202,2178,5463,3150,2520,1431,774,3042,4905,4149,1206,117,2475,3744,2943,4707,1404,1485,3393,3078,1035,1683,4869,5211,3105,5220,3303,1170,5553,4473,2448,2790,1836,918,1773,1620,2349,4428,3960,1557,3915,3285,3780,3411,198,4725,2259,4626,4986,549,3267,495,1710,3852,1458,3771,1233,981,3438,1854,4653,5265,4014,1899,3240,324,315,4491,1737,378,1647,2133,1017,4302,3006,2754,2502,1755,2808,4320,1467,1944,1143,3987,3339,3213,4446,2493,3114,4077,5274,4761,3600,945,2925,5256,1125,729,2610,432,3258,684,297,2961,837,792,711,
Shot 3:5877,5805,5841,
Shot 4:6129,
Shot 5:6192,6147,6174,6237,6138,6156,6210,
Shot 6:6273,6327,6282,
Shot 7:6372,6336,6390,
Shot 8:6426,6471,6552,6525,6615,6417,
Shot 9:6660,
Shot 10:6741,6867,6840,6858,6669,6786,
Shot 11:6894,
Shot 12:6912,6957,6930,6903,
Shot 13:7011,6975,6984,
Shot 14:7083,7110,7029,7056,7101,7074,
Shot 15:7119,
Shot 16:7128,
