Shot 0:9,
Shot 1:270,405,369,414,90,396,342,378,387,216,207,324,225,144,315,117,108,360,351,
Shot 2:702,801,639,441,792,630,738,774,666,783,531,891,450,810,675,684,882,729,
Shot 3:1269,1080,1296,1287,1359,900,1089,1377,1314,1251,1008,1350,1242,1206,1368,981,990,909,972,954,1260,918,1305,1197,1323,
Shot 4:1503,1548,1512,1467,1413,1530,1431,1521,1440,1539,1557,1458,1566,1494,
Shot 5:1593,
Shot 6:1611,1620,
Shot 7:1629,
Shot 8:1791,1746,1719,1674,1773,1899,1683,1764,1701,1827,1737,1872,1638,1836,1755,1800,1710,1953,1926,1692,1665,1782,1917,1647,
Shot 9:1962,
Shot 10:2016,1971,1980,2070,1989,2061,2052,2043,2034,1998,2025,
Shot 11:2115,2169,2079,2151,2088,2142,2160,2133,
Shot 12:2259,2313,2295,2178,2187,2304,2205,2277,2196,2223,2268,2241,
