Shot 0:72,135,216,612,540,171,126,81,63,117,
Shot 1:855,675,756,729,810,
Shot 2:963,1017,1080,873,972,
Shot 3:1089,1098,
Shot 4:1143,1413,1521,1107,1386,1332,1593,1161,1134,1566,
Shot 5:1656,1638,1683,1674,1647,1665,
Shot 6:1755,1728,1701,1737,1764,1710,1692,1719,1746,
Shot 7:1773,1782,
Shot 8:1791,1872,1836,1809,
Shot 9:1998,1980,2007,
Shot 10:2061,2034,2052,
Shot 11:2079,2106,2088,2070,
Shot 12:2205,2160,2151,2124,2142,2178,
Shot 13:2241,2448,2421,2601,2385,2628,2520,2313,2304,2331,2403,2277,2376,2259,2286,2268,2295,2511,2457,2250,2232,2538,
Shot 14:2799,2718,2673,2637,2727,2664,2763,2808,2772,
Shot 15:3123,2961,3042,
Shot 16:3294,3339,3465,3447,3393,3141,3402,3267,3177,3321,3357,3285,3456,3312,3366,
Shot 17:3474,
Shot 18:3582,3627,3744,3699,3573,3870,3483,3798,3861,3663,3492,3825,3555,3618,3834,3654,3528,3708,3681,3735,3771,3717,3726,3564,3690,3672,3816,3591,3852,3645,3609,3807,
Shot 19:4248,4041,4149,4059,4338,4392,4446,3987,3915,4113,4356,4185,4293,4311,4266,4518,3933,3951,4212,4509,4005,3978,4500,4329,4086,4275,
Shot 20:5184,5580,5085,4563,4986,5049,4950,5319,4887,5256,4923,4905,4734,4527,5022,4590,4842,5058,4941,4572,5211,5445,5112,5130,5193,5175,5139,5274,5373,4581,5265,
