Shot 0:9,36,27,
Shot 1:45,
Shot 2:54,72,
Shot 3:81,
Shot 4:90,
Shot 5:99,
Shot 6:108,117,
Shot 7:126,135,
Shot 8:171,270,144,252,234,225,153,
Shot 9:315,297,279,324,306,
Shot 10:378,639,864,594,513,810,684,693,531,855,621,342,450,720,954,945,909,540,333,459,891,495,396,774,504,918,729,783,387,567,351,486,765,603,468,441,369,
Shot 11:999,972,1008,963,
Shot 12:1098,1026,1134,1080,1053,1089,1116,1017,1044,1125,1035,
Shot 13:1143,1152,
Shot 14:1161,1170,
Shot 15:1323,1782,1557,1593,1539,1584,1359,1476,1575,1458,1692,1386,1197,1746,1341,1818,1404,1872,1791,1836,1377,1521,1611,1251,1827,1287,1755,1728,1629,1368,1809,1656,1845,1737,1332,1278,1188,1269,1638,1233,1665,
Shot 16:1890,1899,
Shot 17:1908,1917,
Shot 18:1971,1944,1935,1962,1926,2052,1980,
Shot 19:2061,2070,
Shot 20:2331,2385,2088,2079,2124,2367,2106,2403,2448,2097,2295,2169,2349,2322,2412,2421,
Shot 21:2502,2583,2547,2574,2475,2529,2511,2538,2493,2565,2520,
Shot 22:2601,2610,
Shot 23:2619,2628,
