Shot 0:243,63,873,9,612,279,1215,1179,1206,108,504,756,90,36,135,1071,1224,927,792,360,1008,1125,378,81,567,288,18,522,954,54,72,252,27,
Shot 1:1305,1350,1251,1278,1341,1233,1332,1359,1269,1242,1323,1260,1287,1314,1296,
Shot 2:1431,1476,1440,1485,1404,1368,1377,
Shot 3:1512,1503,1530,1494,1539,1521,
Shot 4:1620,1548,2268,1827,1557,2115,2205,1566,2250,2160,1764,1575,1944,2196,1872,2313,2223,1584,
Shot 5:3960,2961,4239,2853,3177,4194,2691,3834,2907,3555,3051,2754,2988,4212,3276,2997,3240,2655,2871,3897,2889,4104,3933,3411,4248,2358,3519,2970,3213,2934,2979,3330,3015,2943,3294,3150,3546,3321,4068,3978,2916,3357,4293,2790,2718,3078,3852,3231,3915,2484,3762,2592,3204,4275,2556,3267,2700,4014,4086,3339,2511,3654,3105,3132,2349,4266,4176,4041,2745,3042,4257,4113,2502,3528,4131,3114,3501,
Shot 6:4320,
Shot 7:4428,4455,4365,4410,4329,4347,4464,4374,4356,4446,4437,4419,
Shot 8:4500,4473,4518,4482,4527,4509,4491,
Shot 9:4635,4536,4716,4599,4590,4572,4671,4707,4608,4662,4680,4725,4698,4554,4617,4689,4545,4644,
Shot 10:4770,4734,4824,4815,4752,4797,4761,4743,4779,
Shot 11:4869,4833,4905,4851,4896,4842,4878,4860,
