Shot 0:27,9,405,216,36,
Shot 1:909,594,1188,1134,1080,963,711,864,1053,1008,612,459,1215,1233,558,576,810,504,
Shot 2:1485,1494,1341,1296,1539,1557,1386,
Shot 3:1593,1647,
Shot 4:1818,1656,1701,1809,
Shot 5:1827,1845,
Shot 6:1854,1890,
Shot 7:2196,2106,2205,2169,2322,2430,2547,2151,2079,1953,2115,2448,2421,2376,2187,
Shot 8:3276,2772,2880,2817,2682,3168,2979,3033,2637,3249,2745,3222,2718,3213,3258,2601,2925,3159,
Shot 9:3564,3717,3663,4383,4338,3609,3870,3510,4410,3429,4086,4212,3843,4194,3321,3951,4275,4221,4203,4248,3582,4464,4302,4059,4185,3555,4113,4491,4473,4140,4122,
Shot 10:4806,4662,4509,4608,4698,4734,4626,4797,
Shot 11:4815,4860,4851,
Shot 12:4995,4896,5022,4959,5058,5004,
Shot 13:5076,
