Shot 0:198,477,612,531,360,72,36,90,513,126,18,495,333,81,279,270,351,585,9,558,144,297,468,99,405,486,252,153,315,225,594,342,432,504,288,117,207,603,576,171,396,180,414,378,369,
Shot 1:621,
Shot 2:639,630,648,
Shot 3:657,
Shot 4:666,
Shot 5:675,
Shot 6:684,
Shot 7:693,
Shot 8:810,909,900,711,963,783,1089,846,927,702,819,1134,1008,1116,765,1044,1071,972,837,1062,891,1035,729,855,936,1080,756,1143,990,
Shot 9:1170,1179,1197,
Shot 10:1251,1224,1260,
Shot 11:1377,1314,1350,1305,1359,1413,1332,1368,
Shot 12:1458,1602,1422,1548,1503,1575,1431,1485,1476,1521,1539,1566,1593,1584,1494,1467,1440,1512,1449,
Shot 13:1728,1647,1773,1620,1674,1800,1692,1746,1656,1710,1638,1791,1683,1665,1764,1629,1719,1737,1782,
Shot 14:1881,1818,1944,1845,1827,1917,1836,1926,1872,1908,1890,
Shot 15:1953,1971,
Shot 16:2502,2106,1980,3051,2358,2052,2214,3357,2007,2277,2448,2133,2421,2034,2196,3294,1998,2367,2376,2574,2655,2385,3330,2322,2664,2331,2394,2340,2403,2313,2628,2565,2583,2601,3249,2205,3339,3276,2466,2286,2646,2556,3240,2610,2520,3042,2592,2547,1989,2484,2511,2475,2979,
Shot 17:3555,3933,3825,3879,3762,3942,3411,3447,3834,3897,3717,3366,3600,3798,3870,3924,3807,3474,3852,3384,3906,3861,3771,3591,3420,3951,3753,3690,3510,3726,3789,3627,3573,3645,3492,3699,3429,3375,3888,3780,3681,3618,3708,3402,3978,3465,3654,3744,3735,3672,3483,3564,3960,3663,3609,3528,
