Shot 0:9,
Shot 1:162,189,171,153,180,
Shot 2:243,279,261,270,252,216,
Shot 3:297,324,288,306,
Shot 4:342,351,333,
Shot 5:387,360,369,378,396,
Shot 6:495,414,459,432,540,468,477,450,504,
Shot 7:585,594,
Shot 8:603,
Shot 9:639,612,675,684,657,621,648,630,
Shot 10:774,918,846,873,828,927,693,819,792,711,729,891,
Shot 11:954,936,945,963,
Shot 12:1098,999,1026,981,972,1008,1062,1035,1017,1080,1089,
Shot 13:1260,1125,1188,
Shot 14:1422,1548,1386,1269,1440,1449,1521,1350,1476,1431,1287,1404,1305,1629,
Shot 15:1773,1674,1863,1899,1710,1800,1737,1845,1665,
Shot 16:1926,
Shot 17:1935,
Shot 18:1962,1944,1953,1971,
Shot 19:2151,2466,2952,2862,2601,2394,2358,2610,2619,2943,2349,2682,2016,2439,2646,2709,2637,2403,2385,2628,2367,2052,2529,2781,2025,2889,2826,2754,2457,2448,2817,2475,2844,2070,2412,2088,2187,2133,
Shot 20:3060,3186,2961,2979,3033,3114,3096,3150,2970,3051,
Shot 21:3195,
Shot 22:3231,3204,3213,3312,3249,3222,
Shot 23:3699,
Shot 24:3735,3708,3717,3753,
Shot 25:3825,3771,3969,3780,3960,3789,3798,3951,
Shot 26:4014,3978,3987,3996,4023,
Shot 27:4068,4095,4041,4086,4059,4077,
Shot 28:4122,4113,4131,
Shot 29:4239,4419,4140,4311,4374,4158,4329,4284,4365,4176,4149,4392,4410,4194,4266,4401,4212,4230,
Shot 30:4518,4437,4464,4644,4617,4473,4482,4500,4455,
Shot 31:4698,4725,4653,4662,4716,4680,4707,
Shot 32:4752,4734,4797,4779,4743,4761,
Shot 33:4968,4806,4833,5094,4896,5040,5112,4887,5067,4860,5004,5049,5076,4842,
Shot 34:5229,5166,5463,5193,5499,5148,5292,5445,5472,5184,5202,5517,5481,5328,5175,5211,5382,5508,5454,5436,5220,
Shot 35:5526,5544,5535,
Shot 36:5859,5994,5553,5949,5571,5652,5913,5562,5940,5670,5967,5589,5706,5958,5688,5895,5724,5877,
Shot 37:6174,6399,6237,6147,6363,6039,6219,6426,6417,6210,6192,6156,6408,6165,6183,6255,
Shot 38:6714,6444,6471,7056,6552,6435,6993,6453,6930,6633,6489,6462,6966,7038,6867,6903,6579,6615,6786,6912,6597,6561,6678,6777,
Shot 39:7308,7200,7065,7209,7191,7335,7155,7101,7218,7110,7299,7092,7119,7263,7173,7317,7326,
Shot 40:7542,7434,7407,7353,7398,7479,7362,7371,7344,7380,7461,7452,7416,7470,7443,7425,7497,7389,7533,
Shot 41:7578,7632,7641,7605,7596,7587,7569,7614,7551,
Shot 42:8595,8694,7659,8361,8487,8658,7650,8622,8469,7929,8541,8514,8631,8415,7668,8604,8586,8559,8496,8703,
Shot 43:9225,8811,9072,8784,9090,8892,8757,8802,9252,8820,8775,9027,9171,9081,9117,9234,9216,9099,
Shot 44:9387,9477,9306,9432,9378,9396,
Shot 45:9486,9495,
Shot 46:9504,
Shot 47:9513,
Shot 48:9549,9522,9531,9612,9603,9558,9540,9567,
Shot 49:9648,9666,9657,9639,
Shot 50:9756,9675,9720,9684,9963,9711,9738,9774,9873,9990,9747,9693,9729,
Shot 51:9999,10017,
Shot 52:10026,
Shot 53:10035,10044,
Shot 54:10080,10053,10062,10089,10071,
Shot 55:10134,10107,10098,10152,10116,10125,10143,
Shot 56:10206,10161,10179,10188,10170,10197,10215,
Shot 57:10242,10260,10224,10251,10233,
Shot 58:10278,10296,10269,10287,
Shot 59:10350,10305,10323,10377,10314,10332,10368,10341,10359,
Shot 60:10422,10395,10440,10413,10431,
Shot 61:10512,10449,10539,10476,10521,10503,10458,10530,
Shot 62:10602,10701,10566,10665,10647,10557,10575,10683,10611,10593,
Shot 63:10755,10782,10737,10773,10764,10719,
Shot 64:10791,11079,10989,11097,10818,10935,11034,11070,11088,10800,
Shot 65:11151,11178,11115,11160,
Shot 66:11250,11304,11196,11268,11232,11241,
Shot 67:11367,11376,11349,
Shot 68:12222,11385,11637,11439,12132,12006,12285,12267,11961,
