Shot 0:297,378,333,144,639,702,576,9,612,441,189,315,567,162,306,153,288,459,
Shot 1:774,873,
Shot 2:1908,1647,1692,2115,2250,1728,1800,1197,1179,2178,1638,1350,1512,1305,1323,1809,1989,1260,1458,2052,1827,2394,1386,1755,1818,1656,2142,1314,1125,1665,945,1440,1251,1764,1791,1962,1233,1881,1917,936,1449,1890,1854,1701,1926,
Shot 3:2403,2466,2439,
Shot 4:3285,2754,3204,2862,3582,3402,2565,3447,3069,3186,3591,2556,2826,3348,3195,2664,2952,3249,2691,3609,3699,3060,2871,2673,3465,2502,2817,3339,3123,2988,3393,3618,3600,3024,3258,3330,2637,2736,3321,2997,3168,3294,
Shot 5:3717,3708,3762,
Shot 6:3780,3798,3771,
Shot 7:3834,3807,3816,
Shot 8:4095,3870,4392,3897,3933,4158,4041,4338,4275,4221,4140,4086,4230,4266,3987,4149,4212,4122,4113,
Shot 9:4689,4581,4833,4572,4770,4860,4725,4824,4752,4716,4698,4563,
Shot 10:4896,4950,4923,
Shot 11:5049,5085,5076,5031,5067,
Shot 12:5130,5193,
Shot 13:5328,5265,5436,5481,5373,5382,5220,5355,5319,5346,5508,5256,5229,5499,5202,5364,5337,
Shot 14:5859,5535,7056,5652,6795,6228,6003,6561,6696,6930,6093,6300,6786,6102,6687,6030,6408,6867,6345,6219,6615,5985,6543,6327,5976,6525,6372,6552,6066,5850,5598,5994,6318,5769,6309,6336,6849,6498,5643,6012,6858,6291,6804,6813,5895,
Shot 15:7101,7119,7155,7110,
Shot 16:7362,7173,7299,7254,7236,7290,7344,7371,7353,
Shot 17:7398,7380,
