Shot 0:369,18,9,36,297,162,90,117,405,333,225,81,306,144,423,396,135,153,414,207,261,351,387,234,
Shot 1:441,
Shot 2:486,450,522,495,477,
Shot 3:540,558,549,531,
Shot 4:567,621,
Shot 5:648,630,639,657,
Shot 6:666,
Shot 7:675,
Shot 8:729,882,819,684,
Shot 9:945,900,1017,909,
Shot 10:1107,1044,1197,1260,1035,1053,1179,
Shot 11:1314,1287,1377,1440,1341,1359,1350,1395,1386,1296,1332,
Shot 12:1773,1962,2277,2241,1656,1944,2223,2142,2340,1647,2187,2313,1665,2232,1638,1953,1980,2205,1674,1467,2268,2286,2178,
Shot 13:2367,
Shot 14:2376,
Shot 15:2403,2556,2538,2529,2466,
Shot 16:2619,2592,2646,2664,2601,2610,
Shot 17:2691,
Shot 18:2844,2745,2700,2862,2835,2826,2763,
Shot 19:3204,3429,3384,3339,2889,3312,3096,3420,3024,2961,3195,3240,3231,3249,3357,3033,3258,3222,
Shot 20:3438,
Shot 21:3447,
Shot 22:3456,3537,3636,3564,3465,3510,3474,
Shot 23:3672,3762,3798,3771,3690,3717,3789,3699,3735,3726,3753,3645,3663,3654,3681,
Shot 24:3807,
Shot 25:3843,3852,
Shot 26:3870,3969,3951,3987,3933,3978,3888,3879,
Shot 27:4005,
Shot 28:4356,4221,4311,4284,4266,4383,4293,4320,4275,4365,
Shot 29:4419,4455,4437,4401,
Shot 30:4500,4509,4482,4473,4464,
Shot 31:4554,4581,4662,4518,4563,4653,4545,
Shot 32:4680,
Shot 33:4689,4842,4734,4725,4707,
Shot 34:4959,
