Shot 0:9,
Shot 1:675,927,1260,225,1170,468,513,855,333,414,252,279,288,747,216,1008,639,1134,981,234,738,918,1017,1116,648,792,684,774,1089,666,693,
Shot 2:1278,1296,
Shot 3:1431,1332,1404,1413,
Shot 4:1467,1611,1458,1503,
Shot 5:1629,1638,1620,
Shot 6:1791,1674,1764,1656,1809,1773,1800,1647,
Shot 7:1818,
Shot 8:1935,1899,1890,1989,
Shot 9:2538,2772,2646,2430,2124,2007,2052,2385,2574,2340,2304,2502,2529,
Shot 10:2853,2817,2826,2799,2835,
Shot 11:3042,2979,2898,2871,2934,
Shot 12:3195,3114,3078,3222,3168,3204,
Shot 13:3447,3645,3330,3582,3267,3618,3663,3357,3546,3654,3276,3456,
Shot 14:3672,
Shot 15:3780,3816,
Shot 16:3924,3870,3942,3888,3906,3897,3915,3933,3879,
Shot 17:3996,3969,3978,3987,3960,4005,
Shot 18:4140,4059,4284,4293,4014,4104,4185,4239,4149,
Shot 19:4491,4671,4626,4482,4572,4536,4365,
Shot 20:4689,4797,
Shot 21:4896,4995,
