Shot 0:117,486,441,387,279,198,477,351,396,450,252,306,414,432,405,369,225,459,423,297,378,9,108,
Shot 1:594,639,504,522,657,549,666,495,648,621,603,612,630,513,
Shot 2:720,756,837,774,828,675,747,783,729,801,693,702,711,
Shot 3:846,855,864,
Shot 4:1062,909,1044,972,990,873,999,954,882,927,1035,1053,1080,891,1017,1098,1071,
Shot 5:1125,1134,
Shot 6:1260,1431,1332,1161,1503,1314,1224,1296,1476,1404,1386,1341,1197,1143,1215,1305,1458,1323,1440,1233,1359,1422,1494,1350,1206,1467,1287,1368,1170,1377,1152,1179,1485,
Shot 7:1521,1548,1539,1530,1512,
Shot 8:1620,1656,1557,1647,1593,
Shot 9:1665,
Shot 10:1674,
Shot 11:1683,
Shot 12:1692,1701,
Shot 13:1710,
Shot 14:1719,1728,
Shot 15:1755,1800,1791,1737,1764,1746,
Shot 16:1863,2016,1809,1818,2106,2088,1935,2079,1989,1971,2025,1980,2097,1836,1998,1881,1926,1962,1845,2061,1899,1854,2070,1917,1872,1827,1944,1890,2034,
Shot 17:2115,
Shot 18:2124,2151,2142,2133,
Shot 19:2160,2169,
Shot 20:2187,2241,2340,2412,2358,2277,2259,2223,2232,2394,2322,2313,2268,2286,2349,2331,2385,2403,2178,2250,2367,2214,2304,
Shot 21:2421,2430,
Shot 22:2439,2448,
Shot 23:2457,2466,
Shot 24:2547,2475,2484,2493,2511,2565,2592,
Shot 25:2862,2673,2700,2826,2817,2808,2736,2772,2799,2727,2682,2835,2745,2691,2763,2871,2844,
Shot 26:2898,2916,2889,2925,2907,
Shot 27:2943,2961,2934,2952,
Shot 28:3105,3186,3321,3348,3240,3258,3312,2970,2979,3267,3303,3168,3330,3195,3177,3150,3051,3339,3069,3123,3231,3204,3132,3078,3015,3294,3213,3006,2988,
Shot 29:3375,3366,3384,
Shot 30:3402,3420,3411,3393,
Shot 31:3429,3447,3438,
Shot 32:3483,3501,3537,3474,3456,3465,3492,3510,
Shot 33:3645,3573,3564,3717,3600,3591,3726,3555,3690,3609,3681,3672,3618,3627,3636,
Shot 34:3753,3735,3762,3744,
Shot 35:3789,3771,4311,
