Shot 0:459,1359,1152,990,1377,1044,1116,972,963,9,1314,765,1089,1368,954,981,1053,999,1404,783,945,1017,1080,792,756,936,702,1386,801,648,927,1071,1323,828,
Shot 1:1485,1557,
Shot 2:1611,
Shot 3:1692,
Shot 4:1773,
Shot 5:2601,2403,2115,1998,2475,2205,2862,2250,2457,2331,2367,1836,2286,2673,2853,2043,2790,2646,1881,2502,2421,2736,2628,2583,2565,2610,2439,2349,
Shot 6:2916,
Shot 7:2961,
Shot 8:3024,2997,3096,3051,3006,2970,3069,2979,3087,3042,3114,3060,3105,3078,3033,
Shot 9:3123,3141,
Shot 10:3195,3213,3204,3150,
Shot 11:3222,3231,
Shot 12:3258,3384,3330,3240,3276,3249,
Shot 13:3393,3420,3402,
Shot 14:3510,3429,3582,3492,3438,3546,3528,3501,3519,3537,3465,3555,
Shot 15:3726,4140,4113,4122,4131,3654,4023,3636,
Shot 16:4176,4149,4185,4158,4167,
Shot 17:4221,4194,4203,4212,4230,
Shot 18:4473,4653,4248,4536,4644,4392,4662,4635,4545,4356,4527,4626,4266,4239,4554,4374,4311,4284,4383,4275,4581,4563,4401,4509,4338,4599,4419,4491,
Shot 19:4680,4671,4689,
Shot 20:4698,4707,
Shot 21:4770,4716,4725,4734,4887,4815,4743,4806,4752,4824,4779,4761,
Shot 22:4941,
Shot 23:4950,
Shot 24:5013,4959,4968,5058,5067,4977,5022,4986,5004,
Shot 25:5076,5085,
Shot 26:5094,5103,
Shot 27:5112,
