Shot 0:9,54,
Shot 1:63,
Shot 2:72,
Shot 3:81,
Shot 4:180,90,117,153,396,261,225,360,135,288,468,315,441,
Shot 5:675,540,774,621,504,711,576,594,639,747,657,
Shot 6:846,783,810,828,801,819,855,
Shot 7:2196,864,1350,1881,1170,1674,1530,2160,1953,1773,2079,2376,1044,2178,2403,1746,1224,927,1917,2088,2322,1836,1062,2052,1485,2025,1071,963,2214,2097,1701,2043,1404,1422,1125,1512,2133,1413,1179,2412,1458,1926,2115,1188,1233,900,1809,1944,1251,
Shot 8:2421,2430,
Shot 9:2448,2502,2511,2466,2484,
Shot 10:2538,2520,2547,
Shot 11:2574,2601,2556,2583,
Shot 12:2610,2619,
Shot 13:2628,2637,
Shot 14:2646,
Shot 15:2718,2655,2763,2700,2673,2736,2709,
Shot 16:2916,2826,2871,3024,3042,2898,3015,2988,2808,2907,2772,2862,3006,2790,3033,2889,2880,2817,2979,2835,2781,2853,2961,2925,2934,
Shot 17:3096,3051,3078,3123,3114,3510,3060,3159,3240,3105,3276,3069,3141,3465,3321,
Shot 18:3528,3555,3546,
Shot 19:3582,3645,3564,3600,
Shot 20:3654,3672,
Shot 21:3708,3762,3771,3807,3798,3690,3789,3699,3726,
Shot 22:3816,3825,
Shot 23:3852,3861,3843,3834,
Shot 24:3906,3870,3888,3879,3897,3915,
Shot 25:3978,3996,3924,3933,3969,3942,3951,3960,
Shot 26:4014,4032,4050,4023,4077,4005,
Shot 27:4086,
Shot 28:4113,4122,4104,4095,
Shot 29:4149,4158,4176,4140,4131,
Shot 30:4203,4185,4194,4212,
Shot 31:4221,
Shot 32:4275,4239,4257,4248,4266,
Shot 33:4329,4302,4347,4311,4320,4284,4293,4338,
Shot 34:4365,4356,4383,
Shot 35:4473,4401,4527,4563,4554,4581,4509,4572,4437,4410,4482,4590,4428,4545,4491,4536,4464,4500,
Shot 36:4599,
Shot 37:4617,4626,4635,4608,4644,
Shot 38:4653,
Shot 39:4662,4671,
Shot 40:4680,
Shot 41:4968,4770,4707,4725,4689,4914,4860,4896,4743,4878,4788,4950,4842,4716,4734,4995,4833,4923,4959,4986,4869,4977,
Shot 42:5004,
Shot 43:5013,5022,
Shot 44:5247,5085,5031,5355,5049,5346,5076,5202,5265,5103,5220,5148,5283,5310,5337,
Shot 45:5445,5364,5382,5373,5526,5400,5391,5481,5463,5418,5472,5454,5517,5427,
Shot 46:5535,
Shot 47:5553,5544,5571,5562,
Shot 48:5580,
Shot 49:5589,5598,
Shot 50:5607,
Shot 51:5616,
Shot 52:5625,5634,
Shot 53:5688,5652,5661,5670,5643,5679,5697,
