Shot 0:9,
Shot 1:225,279,270,162,261,180,252,207,
Shot 2:288,
Shot 3:342,423,495,396,405,387,297,468,414,306,369,324,450,
Shot 4:549,585,504,576,513,531,558,
Shot 5:1134,999,819,594,720,1044,810,666,909,1197,900,657,1053,1035,792,918,675,828,1188,1026,963,684,603,936,1062,1098,1161,
Shot 6:1656,1593,1395,1305,1377,1467,1215,1611,1773,1368,1485,1359,1224,1764,1449,1386,1620,1476,1458,1431,1548,1350,1233,1494,1629,1584,1719,1269,1521,1566,1638,1683,
Shot 7:1935,1881,1782,1998,1791,1989,1809,1908,1890,1980,1863,1953,1917,1836,
Shot 8:2187,2052,2385,2106,2268,2007,2286,2097,2115,2016,2259,2376,2250,2088,2124,2025,2277,2349,2070,2232,2313,2160,2214,
Shot 9:2529,2484,2745,2790,2403,2880,2610,2763,2853,2502,2628,2421,2943,2493,2772,2511,2754,2592,2601,2709,2457,2934,2835,2664,2619,2412,2781,2574,2637,2520,2925,2547,
