Shot 0:9,423,405,567,369,207,81,225,711,153,342,486,504,666,324,162,
Shot 1:720,801,
Shot 2:972,1026,1143,1107,1008,1170,1062,945,
Shot 3:1413,1386,1242,
Shot 4:1890,1602,1953,1845,1854,1539,1773,1872,1926,1944,1818,1863,1908,1881,
Shot 5:1962,2232,
Shot 6:2403,2475,2574,
Shot 7:3168,3294,3276,2628,3123,3267,3384,3285,3303,3339,3078,3312,3015,2916,3321,3150,3366,2664,3114,3195,3204,2871,3177,
Shot 8:3582,
Shot 9:3618,
Shot 10:3879,3654,3717,3960,3825,4023,
Shot 11:4068,4140,
Shot 12:4284,4401,
Shot 13:4752,4707,4680,4815,4644,4887,4671,4914,4743,4833,4734,4779,5058,4860,5067,4770,4851,4653,4725,4788,5004,5040,4716,4761,
