Shot 0:9,18,
Shot 1:549,441,297,288,261,342,387,180,495,576,567,558,
Shot 2:585,594,
Shot 3:702,909,1278,1026,1503,801,1143,1494,1350,1116,1467,900,1152,810,792,
Shot 4:1530,1638,1512,1620,1611,1521,
Shot 5:1746,1836,1827,1737,
Shot 6:2376,1845,2628,2484,2502,2088,2241,1971,2007,1872,2061,1890,1989,2043,1944,1863,2268,2079,2178,2232,2214,2610,2709,2277,2403,2493,2385,2286,2619,
Shot 7:2736,2718,2727,
Shot 8:3240,3033,2745,2943,3348,2781,2835,2880,3015,2925,2907,3132,3258,3024,3141,3150,3249,
Shot 9:3699,3357,3501,3474,3519,3717,
Shot 10:3915,3942,4005,3771,3735,3933,3996,3987,3816,3825,3807,3753,
Shot 11:4113,4122,4104,
Shot 12:4149,4131,4140,
Shot 13:4176,4158,4167,4185,
Shot 14:4365,4392,4383,4203,4257,4275,4356,4212,
Shot 15:4626,4401,4437,4851,4743,4410,4968,4644,4518,4842,4860,4509,4635,4734,4725,4527,
Shot 16:5103,5094,5130,
