Shot 0:45,9,81,27,243,63,108,18,36,54,
Shot 1:315,
Shot 2:549,423,567,324,396,441,387,405,468,432,522,
Shot 3:576,
Shot 4:585,630,
Shot 5:972,684,639,783,1071,
Shot 6:1836,1251,2034,1503,1116,1962,1413,2025,1908,1989,1800,1152,
Shot 7:2124,2250,
Shot 8:2268,
Shot 9:2277,2952,2385,2691,2511,2790,2394,3051,2520,2619,2961,
Shot 10:3213,3645,3285,3717,3861,3843,3384,3060,3924,3582,3879,3762,3258,3519,3186,
Shot 11:3951,3996,
Shot 12:4023,4005,4041,
Shot 13:4059,
Shot 14:4122,4473,4446,4689,4068,4221,4518,4590,4149,4212,4113,4131,
Shot 15:5247,5571,4878,4824,4842,5526,4698,
Shot 16:6111,
Shot 17:6120,
Shot 18:6174,6201,
Shot 19:6282,6219,6291,6264,
Shot 20:6624,6300,6318,
Shot 21:6633,
Shot 22:6732,
Shot 23:6741,7263,7686,7758,7812,6849,7911,7695,7857,7227,7506,6804,6786,
Shot 24:8037,7956,8028,8010,
Shot 25:8046,8496,9567,10305,10242,9801,8991,9369,10206,9756,8631,9549,9774,9585,9693,9126,9891,10566,8955,9288,9648,9108,10143,8343,9720,10224,9189,8163,10017,8334,9738,8208,10125,10161,8505,10683,9468,8217,8424,
Shot 26:10791,
Shot 27:11682,10998,11700,11340,10800,11691,11673,
Shot 28:11790,12105,12177,12447,12699,12465,12276,12087,12123,12474,11754,11763,12114,
Shot 29:12717,12726,
Shot 30:13122,13068,13131,13077,12915,13041,12951,13113,
