Shot 0:99,9,72,189,81,171,90,162,135,153,108,180,
Shot 1:360,207,279,378,342,
Shot 2:702,432,414,621,666,981,684,657,639,405,423,693,603,711,
Shot 3:1404,1593,1467,1512,1107,990,1170,1530,1269,1314,1134,1350,1368,1431,1287,
Shot 4:1809,1881,1683,1719,1854,1701,1791,1872,1827,1845,1800,1818,1863,
Shot 5:2007,2115,2151,2142,2133,2079,1917,
Shot 6:2169,
Shot 7:2214,
Shot 8:2772,2673,2754,2817,2808,2700,2853,2925,2691,2628,2763,
Shot 9:2997,2961,3024,
Shot 10:3159,3213,3060,
Shot 11:3393,3645,3276,3672,3339,3258,3708,
Shot 12:4176,4131,3807,3798,3843,3852,4005,4122,3753,4149,3951,3762,
Shot 13:4230,
Shot 14:4302,4536,4500,4464,
Shot 15:4653,4698,4581,4671,4635,4689,
Shot 16:4770,4707,4743,4725,4761,4788,4734,4779,
Shot 17:5049,5058,
Shot 18:5319,5184,5310,
