Shot 0:639,936,837,819,792,810,927,945,765,756,918,981,747,864,684,729,846,9,711,657,900,882,
Shot 1:1035,1017,1026,1062,
Shot 2:1080,1107,1098,1089,1071,
Shot 3:1152,1125,1134,1116,1161,1143,
Shot 4:1179,1188,1170,
Shot 5:1197,
Shot 6:1224,1215,1206,1233,
Shot 7:1278,1296,1242,1287,1305,1314,1269,
Shot 8:1350,1323,1431,1404,1422,1332,1377,1341,1359,
Shot 9:1440,1449,
Shot 10:1566,1809,1683,1764,1458,1782,1737,1467,1593,1755,1611,1719,1746,1773,1557,1701,1584,1629,1728,1674,1800,
Shot 11:1818,
Shot 12:1827,
Shot 13:1836,
Shot 14:1845,
Shot 15:1854,1863,
Shot 16:1971,1935,1926,1899,2025,1953,1881,2016,1908,1998,1917,1890,1944,
Shot 17:2043,2106,2097,2115,2034,2079,2061,2070,2124,2052,
Shot 18:2133,2160,2151,2142,
Shot 19:2169,2187,2178,
Shot 20:2196,2205,
Shot 21:2214,2223,
Shot 22:2232,
Shot 23:2241,2250,
Shot 24:2349,2259,2376,2889,2268,2367,2304,2853,2286,2277,2880,2295,2340,2358,
Shot 25:2898,
Shot 26:2943,2907,2916,2988,2925,
Shot 27:3042,3123,3033,3132,
Shot 28:3321,3627,3150,4095,3690,4203,3609,3663,3456,3654,3636,4050,3888,3393,3519,4077,3825,4014,3645,3879,3726,3789,3807,3591,4167,4257,3924,3267,3816,3708,4212,3861,3798,3753,3249,3699,3483,3681,3960,3501,3339,3528,4131,3357,3141,3384,3276,3375,3366,3330,3348,3312,
Shot 29:4293,4275,4329,4347,4302,4311,4284,
Shot 30:4509,4446,4365,4545,4437,4428,4473,4383,4410,4401,4527,4455,4518,
Shot 31:4815,4617,4716,4671,5049,4581,4743,4563,4887,4599,5022,4644,4725,4869,4572,4707,4833,4923,
