Shot 0:369,108,549,585,279,558,459,180,234,567,36,531,513,432,45,540,378,207,504,9,162,450,423,72,252,414,306,198,486,225,171,576,468,27,54,360,297,
Shot 1:612,594,603,
Shot 2:621,648,639,
Shot 3:666,684,675,657,
Shot 4:729,774,783,702,756,711,693,747,720,738,765,
Shot 5:792,
Shot 6:819,801,810,
Shot 7:855,900,
Shot 8:972,1062,1044,981,1053,
Shot 9:1377,1170,1278,1314,1116,1269,1404,1323,1080,1134,1233,1161,1431,1422,1296,1386,1071,1332,1413,1215,1179,1350,1251,1395,
Shot 10:1440,
Shot 11:1548,1458,1449,1476,1485,1521,1575,1566,1584,1530,1467,1557,1539,1494,1503,
Shot 12:1602,
Shot 13:1611,1647,1638,
Shot 14:1764,1656,1773,
Shot 15:1845,
Shot 16:1899,2151,2133,1917,2187,2142,2052,2250,2007,1890,2124,1953,2115,1998,2061,1989,2016,
Shot 17:2259,2268,
Shot 18:2277,
Shot 19:2286,
Shot 20:2340,2295,2304,2358,2367,2385,2313,2331,2376,2349,
Shot 21:2475,2583,2457,2556,2511,2484,2403,2439,2529,2619,2574,2466,2565,2592,
Shot 22:2898,3168,2700,3060,2817,3078,2997,2637,3069,2781,3105,3087,2871,2799,2835,2853,2673,3141,3195,3006,2826,2718,2628,2943,3096,2727,3123,3033,2772,3042,2979,2691,3186,2844,2961,2880,2988,2970,2736,
Shot 23:3213,3231,3204,3222,
Shot 24:3240,3249,
Shot 25:3267,3294,3258,
Shot 26:3321,3330,
Shot 27:3339,3348,
Shot 28:3357,
Shot 29:3366,
Shot 30:3411,3375,3384,3429,3420,3393,3402,
Shot 31:3492,3447,3465,3753,3438,3609,3519,3663,3546,3456,3564,3501,3636,3483,3654,
