Shot 0:9,
Shot 1:45,54,
Shot 2:144,171,81,63,99,153,
Shot 3:324,432,180,450,486,225,189,477,369,414,396,423,459,279,216,360,252,405,234,297,288,351,198,243,270,306,342,333,315,
Shot 4:495,
Shot 5:882,1107,846,558,639,1143,1080,540,747,864,945,1125,999,504,522,765,819,585,792,513,1062,828,1044,720,621,576,972,603,549,1026,729,666,801,594,612,855,900,648,756,711,630,738,936,873,918,
Shot 6:1161,1188,1197,1152,1170,1206,
Shot 7:1395,1278,1341,1386,1269,1242,1224,1512,1260,1368,1476,
Shot 8:1548,1620,1575,1638,1530,
Shot 9:1674,1647,1656,1692,
Shot 10:1701,1746,1728,
Shot 11:2313,2133,2574,2214,2052,1962,2277,1863,2178,1773,2043,2412,2556,2034,1989,2457,1881,2385,2088,2169,2187,2142,2259,2250,2070,2538,2106,2286,2124,2520,1935,2493,2547,1782,1872,2295,2196,2511,2205,2529,2016,2358,2376,1827,2466,2304,2484,1818,1998,2475,
Shot 12:2664,2754,2628,2673,2709,2646,2682,2727,2601,
Shot 13:2817,2880,2871,2952,2970,2988,3015,2925,2835,2799,
Shot 14:3195,3105,3213,3249,3051,3168,3078,3204,
Shot 15:3600,3645,3744,3348,3366,3960,3465,3717,3762,3978,4023,3375,3816,3708,3276,3807,3330,3897,3924,3735,3546,3843,3861,3357,3852,3753,3402,3996,3681,3879,3834,3690,3870,3420,3555,3537,3627,3888,3825,3654,3501,3393,3564,3618,3663,3573,3609,
Shot 16:4032,4077,4059,4086,4095,4041,
Shot 17:4338,4239,4509,4446,4122,4149,4203,4275,4482,4590,4185,4212,4419,4320,4158,4140,4194,4311,4329,4176,4257,4230,4356,
