Shot 0:936,603,360,234,909,612,315,972,1017,531,891,828,630,27,1143,108,837,144,684,738,1107,63,1251,9,702,567,927,945,963,
Shot 1:1269,1305,
Shot 2:1431,1530,1368,1404,1566,1314,
Shot 3:1647,
Shot 4:1692,
Shot 5:1728,
Shot 6:1773,1782,
Shot 7:1845,1818,1872,1863,
Shot 8:2187,1881,2124,2313,2196,1917,2106,2043,2061,2079,2088,2169,
Shot 9:2376,
Shot 10:2412,2421,2637,2502,2466,2619,
Shot 11:2853,2754,2772,2709,2790,2907,2655,2871,2844,2862,
Shot 12:3852,3690,3519,3654,3348,3114,3384,3069,3681,3726,3987,3159,3537,2997,3042,3483,3888,3303,3177,3312,3564,3357,3051,3060,3789,2988,2970,2961,3321,2952,3843,
Shot 13:4050,4239,4095,4221,4203,4086,4185,4059,
