Shot 0:9,
Shot 1:81,
Shot 2:153,135,144,
Shot 3:261,252,243,
Shot 4:360,369,270,
Shot 5:378,
Shot 6:387,495,
Shot 7:2070,3006,846,1737,1989,2277,3159,1188,2772,513,1305,3186,3060,1485,2160,945,2898,639,2394,1962,612,1584,819,2952,936,2259,2142,828,1971,2385,1206,2250,1080,2034,2376,2151,3141,2961,2268,621,603,504,1611,2133,1980,2169,837,2844,594,2052,2367,630,3132,2043,1089,2835,2061,2907,1179,
Shot 8:3600,3411,3645,3519,3501,3510,3636,3528,3429,3627,3402,3420,3438,3618,3537,3609,
Shot 9:4374,4617,4482,4320,4491,4302,4365,4311,4500,
Shot 10:4878,4941,4752,4626,4743,4761,4887,
