Shot 0:9,54,36,18,
Shot 1:63,
Shot 2:72,
Shot 3:81,
Shot 4:117,90,144,99,108,135,
Shot 5:153,
Shot 6:171,
Shot 7:207,333,351,360,315,243,180,189,342,270,198,279,
Shot 8:657,495,684,675,810,477,414,720,540,774,693,441,531,513,702,711,630,468,819,648,549,747,432,603,405,738,459,792,612,522,
Shot 9:1521,1611,927,837,990,846,1278,1062,1026,1053,1440,1080,1836,1557,1629,1107,1008,1206,1170,1845,1719,1188,1233,1134,1323,1737,1377,1647,909,1296,1467,1116,1791,1179,1494,1539,963,1674,1701,1476,1413,855,1512,
Shot 10:1854,
Shot 11:1899,1926,1863,
Shot 12:2304,2385,2358,2142,1989,2268,2367,2349,2025,2196,2016,2223,2106,2160,2088,2286,2124,2052,2340,2376,2133,1980,2241,2097,1998,2007,2178,1953,2070,2277,2061,2115,2232,1971,2295,2322,1944,
Shot 13:2403,2412,2394,
Shot 14:2475,2430,2457,2466,2439,2484,
Shot 15:2889,2601,2520,2682,2529,2916,2673,2736,2691,2538,2853,2718,2826,2772,2727,2700,2871,2844,
Shot 16:2943,3006,2988,2970,2934,2952,
Shot 17:3078,3015,3042,3024,3141,3051,3060,3114,3150,3069,3096,
Shot 18:3366,3267,3168,3276,3195,3402,3186,3420,3303,3330,3384,3285,3213,
Shot 19:3483,3474,3501,
Shot 20:3564,3528,3519,3636,3681,3699,3537,3591,3663,3609,3573,3546,
Shot 21:3825,4023,4032,4059,3933,4077,3987,3843,4014,4041,4068,3996,4050,3897,3960,3753,4005,3861,3708,3762,3771,3834,3726,3780,3978,3807,3789,3816,
Shot 22:4095,4113,4131,4086,4104,4122,
Shot 23:4149,4158,4140,
Shot 24:4167,4176,
Shot 25:4185,
Shot 26:4194,
Shot 27:4203,
Shot 28:4212,
Shot 29:4221,
