Shot 0:27,810,333,414,432,459,531,423,558,594,504,288,405,261,756,549,441,342,612,324,495,774,666,450,225,540,279,351,126,306,387,603,99,207,477,153,729,315,297,108,72,90,396,378,9,117,234,252,711,360,45,18,
Shot 1:819,
Shot 2:828,
Shot 3:846,855,837,
Shot 4:1062,1161,1152,1215,873,1170,1080,1098,1188,1035,990,1026,1143,900,927,1179,1053,1206,945,1116,882,936,1008,864,1071,999,891,1089,1044,1125,954,
Shot 5:1413,1242,1224,1260,1377,1269,1233,1350,1395,1386,1323,1440,1359,1368,1278,1314,1467,1404,1449,1305,1431,
Shot 6:1566,1494,1512,1584,1476,1548,1557,1530,
Shot 7:1656,1593,1611,1629,1620,1665,
Shot 8:2070,2259,1953,1890,1944,1962,2205,1827,1692,2385,1872,1710,2178,1800,1728,2223,1899,1683,2241,1809,1755,1782,1926,2214,1674,1701,1773,2187,1845,2232,1989,2016,1818,1746,1971,1836,1908,2295,2133,2250,1863,2025,1998,2088,2097,2376,2052,2106,1719,2322,2007,2061,2277,1737,2079,2268,
Shot 9:2403,2430,2439,2394,2421,2412,
Shot 10:2466,2502,2448,2484,2493,2475,2457,
Shot 11:2520,2547,2538,2511,
