Shot 0:45,117,108,9,63,72,
Shot 1:153,216,126,198,234,207,225,189,135,144,162,171,180,
Shot 2:243,
Shot 3:279,297,315,252,306,288,261,270,
Shot 4:342,468,450,324,333,459,
Shot 5:540,477,585,576,612,486,567,603,504,558,531,513,594,
Shot 6:621,639,
Shot 7:774,810,648,819,711,675,657,666,684,720,693,756,765,
Shot 8:837,909,891,855,900,882,873,846,828,
Shot 9:918,927,
Shot 10:936,
Shot 11:945,
Shot 12:990,963,1017,1008,999,972,981,
Shot 13:1026,1044,1035,
Shot 14:1053,1062,
Shot 15:1071,1080,
Shot 16:1089,
Shot 17:1098,
Shot 18:1107,1116,
Shot 19:1134,1125,1143,
Shot 20:1179,1206,1152,1161,1170,1188,
Shot 21:1224,1386,1305,1341,1260,1359,1278,1296,1368,1215,1242,1251,1332,1269,1350,1233,
Shot 22:1566,1557,1620,1593,1548,1494,1521,1440,1431,1458,1539,1467,1449,1476,1611,1602,1575,
Shot 23:1629,
Shot 24:1647,1656,1638,
Shot 25:1665,
Shot 26:1674,
Shot 27:1782,1737,2034,1926,2025,1989,1746,1890,1854,1728,1944,1800,1971,1899,1917,1836,1755,1719,1683,1692,1764,1962,1773,1791,
Shot 28:2070,2160,2106,2133,2043,2151,2061,2115,2052,2079,2088,
Shot 29:2169,2178,
Shot 30:2187,2196,
Shot 31:2277,2232,2259,2322,2241,2223,2313,2250,2214,2304,2295,2268,2205,
Shot 32:2331,2349,2340,
Shot 33:2376,2367,2358,
Shot 34:2475,2439,2394,2448,2403,2484,2385,2466,2421,2412,
Shot 35:2493,
Shot 36:2547,2511,2520,2529,2538,
