Shot 0:216,990,828,72,9,612,954,1251,342,1134,900,207,855,963,1260,999,225,
Shot 1:1314,1332,1323,1278,1305,1296,
Shot 2:1368,1386,1377,1422,1359,
Shot 3:1557,1566,
Shot 4:1836,1701,1629,1728,1800,1611,1737,1818,1908,1854,1827,1872,1944,1845,1620,
Shot 5:1962,
Shot 6:2358,2142,2259,2385,2331,
Shot 7:3771,2421,2646,3096,2871,3573,3222,
Shot 8:4140,4221,4131,4149,
Shot 9:4383,4788,4230,4518,4833,4689,4311,4401,4815,4293,4374,4797,4257,4392,
Shot 10:4878,4860,4887,4851,4869,
Shot 11:4995,5004,4968,
Shot 12:5067,
