Shot 0:9,63,279,189,180,270,135,
Shot 1:351,297,396,306,315,387,360,
Shot 2:423,405,414,441,
Shot 3:540,1494,1422,1053,621,477,495,1080,1269,576,513,
Shot 4:1647,
Shot 5:1656,
Shot 6:1674,1665,1683,
Shot 7:1989,1863,2016,1944,1728,1746,1899,
Shot 8:2070,2088,2061,2043,2052,2079,
Shot 9:3150,4257,4221,3105,5022,3024,3501,5211,4185,3447,5067,4149,2979,4644,3897,4437,3807,3843,2925,3411,5985,3546,4122,3483,5787,5382,2151,5535,5796,
Shot 10:6408,
Shot 11:6417,
Shot 12:6444,6426,6624,6615,6435,
Shot 13:6867,6840,6651,6831,6633,6642,7047,6849,6858,
Shot 14:7083,7272,7263,7056,7353,7254,7065,7281,7074,
Shot 15:7380,7362,7551,7371,
Shot 16:7560,
Shot 17:7614,
Shot 18:7731,7713,7956,7947,7722,
Shot 19:8118,
Shot 20:8811,8793,9369,9378,8802,9360,8820,
Shot 21:9387,9981,9396,
Shot 22:10080,9990,10728,9999,10737,10251,10179,10269,10008,10296,10035,10377,10143,10197,10125,10107,10017,10215,10359,10116,10323,10278,10350,10287,10260,10305,10332,10161,10314,10098,10341,10170,10242,10044,10233,10134,10089,10071,10368,10206,10224,10152,10188,10026,10062,10053,
Shot 23:10746,
Shot 24:10881,11196,11169,11187,11061,11142,10971,10755,11124,11097,11178,10998,11025,11160,10818,10764,10791,11034,11052,10944,11016,11007,11043,10809,10773,11079,10800,10782,10989,10854,11106,11088,11133,10980,10863,11115,11151,10917,10899,10926,10836,10908,11070,10827,10845,10953,10935,10890,10872,10962,
Shot 25:11205,
Shot 26:11214,11547,11223,
Shot 27:11574,11556,11565,11934,11925,11916,11583,
Shot 28:12294,11943,12303,11952,
Shot 29:12663,12312,12330,12645,12321,12870,12636,12672,12861,
Shot 30:12879,
