Shot 0:9,27,
Shot 1:261,72,315,288,171,99,153,297,207,306,279,162,234,180,135,252,108,270,81,63,
Shot 2:414,333,477,369,351,441,324,432,423,342,486,450,405,468,
Shot 3:495,
Shot 4:504,
Shot 5:513,
Shot 6:522,
Shot 7:531,
Shot 8:540,
Shot 9:549,
Shot 10:594,558,621,576,612,585,603,
Shot 11:963,630,783,738,765,774,684,657,846,702,729,756,909,792,711,747,693,801,648,720,675,1107,666,639,882,927,1044,1116,945,1089,981,810,
Shot 12:1278,1242,1134,1224,1314,1251,1197,1296,1287,1323,1269,
Shot 13:1332,
Shot 14:1341,
Shot 15:1350,
Shot 16:1413,1359,1377,1386,1440,1449,1368,1395,1404,1431,1422,
Shot 17:1458,1476,1467,
Shot 18:1530,1485,1494,1512,1539,1521,
Shot 19:1773,1899,1836,1701,1863,1818,1683,1710,1647,1566,1800,1881,1719,1593,1854,1872,1908,
Shot 20:1917,1989,1971,2016,1944,
Shot 21:2061,2070,
