Shot 0:9,36,
Shot 1:45,54,
Shot 2:126,117,63,72,81,99,108,171,162,153,
Shot 3:243,216,234,225,207,180,189,261,252,198,270,
Shot 4:288,297,279,
Shot 5:378,315,360,423,351,324,405,414,342,396,369,306,432,387,333,
Shot 6:441,
Shot 7:459,450,477,486,468,
Shot 8:684,603,567,630,711,648,504,702,621,639,531,540,594,549,522,576,585,666,513,675,495,693,657,612,
Shot 9:720,729,
Shot 10:783,945,873,936,738,756,846,792,747,819,828,765,855,801,810,918,774,
Shot 11:1035,954,963,1044,990,1017,1008,999,1053,972,981,1026,
Shot 12:1089,1170,1197,1251,1179,1215,1152,1071,1233,1242,1188,1080,1260,1206,1224,1143,1062,1134,1161,1098,
Shot 13:1530,1404,1287,1548,1449,1539,1323,1332,1431,1503,1413,1494,1476,1467,1359,1485,1368,1422,1350,1512,1341,1440,1314,1458,1269,1395,1377,1296,1278,1521,
Shot 14:1584,1620,1647,1602,1593,1665,1557,1566,1611,1638,1575,1656,1629,
Shot 15:1674,1683,
