Shot 0:378,9,1440,1566,18,1395,1503,513,1485,1278,1170,900,1413,1530,639,891,1404,90,1323,1494,1449,117,576,1512,1431,1602,1467,1125,207,333,432,108,414,423,1422,81,396,369,387,
Shot 1:1629,
Shot 2:1737,1827,1638,1674,1755,1782,1863,
Shot 3:2070,2115,2178,2520,2340,2403,1881,1890,1971,1908,2421,2277,2223,2331,1899,
Shot 4:3474,2565,2925,3186,3519,2556,2637,3150,3078,2673,2871,3357,3087,3195,3618,3249,3582,3717,3753,3303,2808,3789,3105,3159,3015,3060,2961,3285,2529,3384,3366,3294,2772,3663,3123,2664,2799,3465,3429,
Shot 5:3870,
Shot 6:3969,4554,4437,4122,4374,4608,4905,4878,4851,4455,4185,4257,3879,4086,4797,4833,4167,4266,4743,4662,4077,4626,4959,4302,4815,4239,4500,4428,3951,4644,
Shot 7:5085,5103,5130,5211,5193,5067,
Shot 8:5265,5220,5319,5661,5499,5310,5625,5292,5283,5526,
Shot 9:5670,
Shot 10:5859,5823,5679,5850,5769,
Shot 11:6048,6237,6363,6390,6660,6741,6354,6696,6408,6138,5868,7056,6498,6966,5976,6939,6300,5913,6687,7074,6345,6021,7002,7137,6903,7047,6678,6777,6435,5922,6372,6615,6831,
Shot 12:7227,7182,7308,7344,7443,7200,
Shot 13:7452,7461,
Shot 14:7533,7470,7497,7542,
Shot 15:7551,
Shot 16:7560,7632,
Shot 17:7641,
Shot 18:7740,7839,7785,7650,7767,7848,7875,7704,7686,
