Shot 0:774,1512,90,891,864,261,1224,9,558,855,297,873,819,693,1422,144,882,846,657,900,747,243,783,
Shot 1:1692,1710,1701,1683,
Shot 2:2223,1746,1800,1719,1917,1998,2079,2367,2160,
Shot 3:2799,2952,3096,2988,3024,2970,3006,2898,3051,2493,2961,2916,2682,2934,2754,3033,2835,
Shot 4:3267,3366,3438,3177,3402,3294,3411,3276,3258,
Shot 5:3474,3456,3492,
Shot 6:4032,3744,3942,3861,4059,3996,3897,3834,3798,4014,3699,4041,4050,4023,3690,
Shot 7:4689,6903,5922,4203,6444,7650,7227,4995,5031,4338,7317,4563,7011,4482,6237,5004,5616,5706,6174,5544,6759,5058,6939,5157,5634,5454,5850,7146,6408,6057,6426,4986,6075,4599,7299,6066,7245,7488,5895,6048,5562,5796,6525,6966,5904,7434,6921,5913,5886,7182,7128,7371,5814,4662,5085,4572,6021,6885,4869,4671,4581,4923,4716,4887,
Shot 8:7668,
Shot 9:8460,8568,8118,8532,7821,8334,8523,8505,8307,8352,8496,8514,8370,8343,8487,8325,8478,8361,8298,8316,8469,8451,
