Shot 0:396,9,153,270,414,360,387,405,
Shot 1:495,432,423,504,558,
Shot 2:1350,711,720,1458,1017,567,576,1071,
Shot 3:1719,1746,1737,1728,1710,
Shot 4:1755,
Shot 5:1764,
Shot 6:1782,1800,1773,1791,
Shot 7:3177,2628,1890,3114,2655,2412,2466,2835,1917,4158,4221,4347,3456,3942,1881,2187,2106,3438,2979,3267,3960,4392,3564,2736,4311,2133,3681,2898,3474,4041,2871,3789,3492,3294,3447,4293,2115,3861,3384,2880,4212,2952,3195,3537,4266,3159,3231,3393,4302,3024,3726,
Shot 8:4743,4455,4626,4869,4527,4446,4491,4797,4788,4581,
Shot 9:5553,5823,5526,5229,5166,5814,4977,5031,5625,5634,
Shot 10:5832,5841,
Shot 11:5859,
Shot 12:5940,5886,5877,
Shot 13:7803,9999,9009,6885,6435,6201,9738,9864,9918,8955,5949,9954,9783,10152,5994,10197,6237,6489,7002,9045,7137,9117,8037,6813,6120,9819,10098,9279,9747,10035,6291,9882,6552,6057,7083,7875,8577,7191,9360,7092,8973,7065,5985,8631,8793,8730,7047,8676,8559,7830,7902,5958,7740,7785,
