Shot 0:9,
Shot 1:306,
Shot 2:315,
Shot 3:378,324,342,333,351,360,369,423,387,
Shot 4:531,
Shot 5:657,684,594,621,675,
Shot 6:945,981,693,810,702,972,765,963,954,936,
Shot 7:990,
Shot 8:1026,999,1008,1062,1017,1044,
Shot 9:1152,1089,1071,1134,1188,1143,1080,1098,1161,
Shot 10:1332,1224,1242,1233,1260,1341,
Shot 11:1359,1548,1503,1539,1467,1350,1377,
Shot 12:1557,
Shot 13:1710,1755,1575,1674,1692,1566,1746,1683,1701,1719,
Shot 14:2034,2646,3492,1872,2484,1989,2565,2277,3240,3321,2466,1764,2700,2178,3060,3024,2088,2511,3573,3384,2358,3438,2745,3006,3285,2916,3591,2448,3204,1890,2889,2169,3456,2268,2079,2799,3528,3069,3474,2259,3555,3510,1998,3420,2367,2502,1881,2691,2844,2619,2709,2457,2187,2124,3231,2493,2673,2376,2871,2520,2070,2817,2007,
Shot 15:3987,3690,3762,4059,3816,3609,3672,3627,3996,3600,3618,
Shot 16:4356,5022,4185,5058,5472,5049,4554,4959,4068,5157,4167,5337,5067,5031,4482,4779,5175,4941,5013,4419,4113,4716,4500,4950,4446,4536,4833,4347,4176,5166,
Shot 17:5508,6003,5796,5490,5589,5697,5742,5850,5922,5517,5499,
Shot 18:6012,
Shot 19:6021,
Shot 20:6075,6030,6048,6039,6066,6084,
Shot 21:6264,6507,6111,6408,6444,6390,6228,6129,6102,6399,6237,6381,6120,6246,6291,6255,6273,
Shot 22:6948,6867,6534,6741,6840,6579,6543,6831,6849,6786,6696,6777,6615,6759,6921,6651,6525,6561,6705,6795,6813,6723,6597,6894,6975,6750,6858,6939,6885,6957,
Shot 23:7020,6993,7029,
Shot 24:7065,7038,7047,7092,7056,7074,
Shot 25:7137,7317,7290,7182,7146,7308,7128,
Shot 26:7506,7371,7434,7452,7650,7569,7425,7326,7461,7560,7443,7605,7551,7335,7470,7542,7632,7488,7524,
Shot 27:7659,
Shot 28:7722,7848,7767,7866,7668,7776,7758,7857,7677,
Shot 29:8019,7902,7983,8001,7929,8163,7875,7947,8559,
Shot 30:8568,8577,
