Shot 0:9,
Shot 1:243,819,351,369,306,558,333,702,288,639,567,279,234,252,
Shot 2:945,981,999,963,909,936,954,
Shot 3:1440,1098,1188,1116,1152,1449,
Shot 4:1476,1458,1467,1485,
Shot 5:3690,2394,2655,1854,4122,2475,2151,1656,2853,2970,3159,3582,2691,3375,3906,1701,4059,2682,3798,3303,2349,2835,3969,2421,1881,3636,1845,1674,3402,3528,1584,4014,3825,3294,2448,3879,3564,3627,3546,2907,2412,3897,3708,3600,3114,3789,1836,1683,2403,2439,3609,1863,2205,3663,1665,2430,2385,1692,
Shot 6:4212,4266,4257,4203,4248,4221,
Shot 7:5598,6129,4815,5094,4644,5715,4752,5427,4860,5643,5229,4977,4698,6147,6138,5634,5571,5409,5625,5580,
Shot 8:6192,6156,6372,6336,6165,6273,6300,6174,6363,6399,6246,6183,6219,6390,
Shot 9:6408,
Shot 10:6417,
Shot 11:6426,
Shot 12:6435,6444,
Shot 13:6453,
Shot 14:6462,
Shot 15:6471,6480,
Shot 16:6489,
Shot 17:6498,
