Shot 0:9,
Shot 1:36,27,18,
Shot 2:90,108,144,126,99,81,135,117,
Shot 3:162,207,198,180,225,189,153,216,171,
Shot 4:684,495,756,315,414,531,234,873,333,621,450,801,612,504,261,540,513,477,657,360,594,891,558,711,576,603,639,666,693,324,306,828,783,396,351,
Shot 5:1602,1053,900,1116,1485,963,999,1107,1152,1521,1449,1071,1035,1638,1719,981,1593,
Shot 6:1818,
Shot 7:2583,2772,3294,2142,3321,3204,3114,2628,2277,2214,2817,3159,3303,2187,2304,3285,3078,3330,2124,2448,2160,3312,2178,2511,2232,2889,2754,2979,2475,3105,2529,2457,
Shot 8:3339,
Shot 9:3348,
