Shot 0:279,315,9,261,
Shot 1:540,828,639,909,720,576,504,441,522,549,
Shot 2:999,1080,
Shot 3:1161,
Shot 4:1251,1503,1395,1296,
Shot 5:1719,1782,1638,1665,1656,1683,1530,1755,
Shot 6:1917,2178,2097,2286,2313,2304,2025,2205,2295,2232,2043,2277,2070,2034,2250,2214,2007,1980,2196,2124,2160,2142,2061,
Shot 7:2331,
Shot 8:2358,2340,2367,2349,
Shot 9:2403,2376,2385,2394,
Shot 10:2439,2421,2430,
Shot 11:2538,2475,2484,2520,2448,2529,
Shot 12:2547,2565,2583,2574,2556,
Shot 13:2637,2592,2610,2619,2601,2655,2628,
Shot 14:2664,
Shot 15:2700,2727,2718,2745,2691,2709,
Shot 16:2799,2844,2754,2826,2790,2808,
Shot 17:2934,2943,
Shot 18:2961,3051,
Shot 19:3213,3177,3168,3231,3222,3204,
Shot 20:3249,
Shot 21:3312,
Shot 22:3564,3690,3402,3942,4041,3789,3978,3537,3960,4095,3501,3888,4014,3627,3636,3798,4050,3816,3681,4077,3996,3609,3528,3807,3969,4023,3987,3699,3546,3510,4032,4059,3645,3465,3780,3825,3951,4005,3618,3915,3933,3897,3591,3834,3555,3573,
Shot 23:4113,4131,4122,4104,
Shot 24:4203,4167,4176,4185,4221,4194,4212,
Shot 25:4266,4275,4239,4257,
Shot 26:4338,4284,4329,
Shot 27:4383,4347,4428,4356,4410,4401,4374,
Shot 28:4437,4455,
Shot 29:4509,4635,4464,4482,4473,4518,4536,4491,4527,
Shot 30:4779,4671,4653,4698,
Shot 31:4842,4878,4824,4833,4860,
Shot 32:4896,
Shot 33:5112,5004,5040,5058,5166,5022,5013,5085,5139,5031,5094,5157,5121,5103,
Shot 34:5229,5175,5202,5238,5301,
Shot 35:5337,5436,
Shot 36:5661,5598,5643,5688,
Shot 37:5715,
Shot 38:5994,6075,5958,6012,6021,5976,6030,6003,5985,
Shot 39:6120,6084,6102,6093,6111,6129,
Shot 40:6165,6183,6138,6174,
Shot 41:6192,
Shot 42:6336,6408,6300,6390,6318,6399,6327,6345,6309,
Shot 43:6426,
Shot 44:6471,
Shot 45:6570,6822,6660,6795,6831,6714,6696,6849,6759,6723,6732,6777,6804,6678,6840,6750,6624,6705,6597,6786,6813,6579,6561,
Shot 46:6966,6912,7002,6876,6903,7020,6984,6858,6975,6948,
Shot 47:7029,
Shot 48:7038,7047,
Shot 49:7083,7128,7056,7119,7065,7110,7074,7092,
Shot 50:7263,7146,7299,
Shot 51:7389,7497,7344,7461,7452,7362,7443,7371,7416,7353,7488,7398,7335,
Shot 52:7506,7542,7524,7533,7515,
Shot 53:7551,
Shot 54:7614,
Shot 55:7803,7839,7704,7686,7668,7776,7632,7830,7677,7641,7785,7650,7794,7731,7722,7812,7695,
Shot 56:7920,7893,7947,7866,7902,7938,7884,7911,7929,
Shot 57:7956,
Shot 58:8667,8100,8370,8388,8046,8325,8748,8127,8487,8730,8280,8757,8478,8109,8352,8334,8253,8505,8703,8469,8181,8496,8343,8712,8064,8082,8640,8136,8118,8406,8721,8604,8694,8631,8028,8523,8676,
Shot 59:8793,8766,8775,
Shot 60:8802,8820,
Shot 61:8847,8838,8856,
Shot 62:8919,8874,8901,
Shot 63:8946,9009,8991,8928,8964,
Shot 64:9072,
Shot 65:9162,9207,9189,9144,9171,
Shot 66:9234,9252,9243,9225,
Shot 67:9270,9297,
Shot 68:9324,9369,9306,
Shot 69:9441,9459,9387,9450,
Shot 70:9468,9486,
Shot 71:9540,9711,9837,9855,9630,9495,9639,9846,9864,9729,9504,9513,9549,9558,9603,9765,9747,9522,9594,9720,9576,9738,9585,9531,9567,
Shot 72:9900,9909,9891,
Shot 73:9936,9927,9945,
Shot 74:9954,9972,10044,
Shot 75:10053,10125,10107,10116,10080,
Shot 76:10143,10152,
Shot 77:10161,10242,10260,10197,10269,
Shot 78:10278,10296,
Shot 79:10512,10458,10431,10494,10539,10503,10521,
Shot 80:10566,10629,10548,10593,
Shot 81:10836,10701,10737,10665,10719,10800,10926,
Shot 82:10962,
Shot 83:11025,11259,11151,11070,10971,11124,11052,11097,11034,10989,11007,
Shot 84:11700,11547,11376,11484,11457,11421,11601,11331,11439,11529,11727,11385,11781,11646,11475,11502,11358,11493,11412,11313,11277,11403,11745,11772,11349,11763,11592,11511,11430,11664,11538,11736,
Shot 85:11817,11826,11790,11799,11808,
Shot 86:11871,11853,11835,11844,11934,11880,11862,
Shot 87:12123,12141,12204,11970,12096,
Shot 88:12627,12438,12600,12276,12672,12294,12222,12420,12393,12663,12312,12546,12654,12258,12231,12321,12348,12618,12429,12609,12375,12564,12456,12591,12636,12537,
Shot 89:12681,
Shot 90:12825,12798,12861,12771,12897,
Shot 91:13095,12933,13176,13023,13140,13077,13113,
Shot 92:13212,
Shot 93:13563,13365,13446,
Shot 94:14814,13986,13950,14472,13815,14445,14418,14184,14454,14652,14436,14427,13689,14895,14148,13581,14301,13905,14886,14382,14274,14841,13977,14067,14463,14544,14292,14400,14499,14310,14247,13923,14265,14607,14805,14049,
Shot 95:14904,
Shot 96:14922,14931,14913,
Shot 97:14940,
Shot 98:15003,14967,14976,14985,14949,15012,14994,
Shot 99:15021,
Shot 100:15174,15057,15138,15075,15147,15084,15129,15039,15156,15030,15165,15192,
Shot 101:15219,
