Shot 0:594,1278,1422,1386,45,243,306,540,171,1170,873,450,963,81,387,558,279,1404,837,468,63,360,324,333,765,1053,9,234,630,414,1071,567,855,351,936,747,72,513,612,1395,27,684,756,729,441,783,405,711,990,162,945,486,603,1143,576,315,36,342,18,54,1152,1413,585,
Shot 1:1431,
Shot 2:1503,1980,1719,1845,1971,1647,1440,1494,1836,
Shot 3:1989,1998,
Shot 4:2016,2196,2241,2007,
Shot 5:2376,2826,2259,2691,2493,2772,2286,2394,2304,2421,2349,2835,
Shot 6:2952,2907,2844,2862,2988,2925,2853,2934,2970,2943,2979,2961,
Shot 7:3024,
Shot 8:3375,3069,3312,3366,3384,
Shot 9:3393,
Shot 10:3411,3699,3852,3627,3672,3771,3681,3429,3861,3402,
Shot 11:3879,4131,4041,3969,4095,4005,3870,
Shot 12:4176,4158,4221,
Shot 13:4734,4275,4563,4239,4248,4725,
Shot 14:4905,4806,4941,4833,4923,4869,4878,4914,4887,
Shot 15:5409,5724,5247,5004,5373,5211,5643,5067,5292,5436,5355,5229,5382,5274,5391,5427,5418,5400,
Shot 16:5751,5841,5796,5742,
Shot 17:5850,
Shot 18:5859,
Shot 19:5895,5868,5931,5958,5877,5904,
