Shot 0:18,45,36,54,27,9,
Shot 1:153,63,234,225,72,279,243,81,189,
Shot 2:711,1278,1404,441,1152,306,963,873,333,531,576,360,558,747,765,855,621,495,837,324,756,603,342,1071,684,891,414,1053,387,783,729,351,468,567,693,1395,540,594,459,450,396,945,315,990,1143,1170,585,
Shot 3:1512,1431,1440,1755,1989,1674,1449,1413,1503,1422,
Shot 4:2025,2007,1998,2016,
Shot 5:2214,2259,
Shot 6:2844,2349,2430,2268,2583,2313,2376,2709,2781,2853,2385,2835,
Shot 7:2862,
Shot 8:2871,
Shot 9:2880,2916,
Shot 10:2943,2934,2952,
Shot 11:2961,
Shot 12:2970,
Shot 13:2997,3024,2988,
Shot 14:3393,3411,3078,3402,
Shot 15:3420,
Shot 16:3429,3726,3888,3699,3798,3627,3708,3456,3645,3591,3879,3438,
Shot 17:3969,4158,4194,4185,4122,4032,4068,3906,3897,
Shot 18:4203,4257,
Shot 19:4770,4284,4599,4329,4266,4752,4743,4806,
Shot 20:4914,4860,4833,4941,4905,4923,
Shot 21:5319,4977,4950,5247,5040,5193,5265,5400,5076,5292,4959,5229,5337,5031,5211,
Shot 22:5418,5427,
Shot 23:5463,5436,5445,5454,5472,
Shot 24:5778,5679,5796,5832,5877,5715,5751,
Shot 25:5886,
Shot 26:5895,
Shot 27:5949,5904,6003,5922,5994,5913,5940,5958,
