Shot 0:369,18,279,90,81,198,63,243,333,27,486,153,252,513,45,9,558,72,450,342,36,504,54,360,
Shot 1:576,
Shot 2:702,657,711,
Shot 3:720,747,
Shot 4:801,1026,774,927,891,1008,882,837,
Shot 5:1062,1098,
Shot 6:1116,1269,1305,1341,1323,1368,1350,1233,1260,1152,1125,
Shot 7:1404,
Shot 8:1737,1872,1476,1683,1989,1611,2007,1557,1926,1710,1746,1512,1665,1629,2016,1827,1764,1719,1485,
Shot 9:2025,
Shot 10:2061,2160,2097,2205,2124,2142,2070,2088,
Shot 11:2241,2259,2250,
Shot 12:2268,2295,2277,2286,
Shot 13:2304,2322,
Shot 14:2448,2331,2340,2484,2376,2358,2349,2367,2394,2439,2457,
Shot 15:2502,
Shot 16:2934,2538,3213,3276,3186,2961,2529,3447,3393,2583,3357,2772,2628,2952,3033,2790,2979,2601,3231,2997,2745,3159,2637,3420,3303,2808,3366,2781,2763,2925,2916,3438,
