Shot 0:18,45,36,27,54,9,
Shot 1:81,342,360,324,306,468,261,540,396,225,63,333,423,351,504,108,270,441,72,315,
Shot 2:711,1287,1404,1269,963,873,567,1071,585,621,558,792,765,855,738,1395,837,756,684,1179,990,603,747,729,1143,945,1152,576,594,
Shot 3:1422,1449,1989,1440,1755,1503,1683,1512,1413,1431,
Shot 4:2025,2007,2016,2079,1998,
Shot 5:2259,2268,2232,2277,
Shot 6:2403,2313,2763,2385,2574,2700,2358,2844,2394,2493,
Shot 7:2853,2862,
Shot 8:2871,
Shot 9:2880,2916,
Shot 10:2943,
Shot 11:2961,
Shot 12:2988,3006,2970,2997,2979,
Shot 13:3042,
Shot 14:3087,3411,3339,3384,3402,3078,3222,
Shot 15:3438,3420,3429,3447,
Shot 16:3681,3654,3672,
Shot 17:3897,3726,3807,3744,3699,3879,3834,3708,3780,3906,
Shot 18:4068,4185,4113,4176,4041,3978,4158,
Shot 19:4221,4257,4203,
Shot 20:4770,4284,4302,4743,4338,4680,4275,4761,4410,4581,4752,4833,
Shot 21:4923,4842,4869,4905,4914,4932,
Shot 22:5292,4977,4950,5247,5040,5400,5337,4959,5094,5319,5274,5256,
Shot 23:5481,5445,5688,5886,5760,5805,5427,5841,5418,5787,5454,5436,5463,5472,
Shot 24:5895,
Shot 25:5904,
Shot 26:5949,5922,6003,5913,5958,
