Shot 0:9,54,18,
Shot 1:162,
Shot 2:495,1062,639,792,270,882,351,747,810,603,819,702,684,189,828,720,1152,837,954,171,1080,972,657,549,1017,1026,648,891,801,774,990,1125,738,864,945,1134,180,261,873,576,729,1044,963,927,1143,513,594,522,504,486,
Shot 3:1161,1170,
Shot 4:1179,1341,
Shot 5:1377,
Shot 6:3564,1530,2808,2412,2259,3258,2142,2376,3141,3681,3501,3213,2511,3393,3339,1647,2052,3384,1449,1989,2484,2016,1908,2178,1917,2709,3276,2925,2403,2754,2277,1854,2268,1809,1782,2214,1548,1665,3177,1422,2628,2646,2106,2880,1863,2826,1584,2088,1800,1620,1998,2673,2934,3321,2448,2079,1836,1701,3456,3249,2916,3357,1692,1827,1404,1737,2736,1386,1719,1413,3267,3231,1881,2799,3483,2529,3663,3312,1566,1602,2817,1539,1611,3492,3591,1845,3546,1656,3330,1683,3447,3573,3582,2394,3528,
Shot 7:3699,3708,
Shot 8:4509,3717,4365,4059,4050,3996,4347,4248,3960,4149,4599,3807,4518,4113,4644,4392,3942,4545,3870,4626,3915,4086,4014,4176,4077,4284,4464,4032,4437,4212,4068,4311,4275,4005,3933,4167,4536,4131,
Shot 9:4698,4653,4743,4788,4662,4923,4716,4905,
Shot 10:4959,4995,5031,4932,4977,
Shot 11:5139,5202,5193,5067,5121,5184,5157,5094,
Shot 12:5220,5391,5256,5328,5400,5301,5265,5436,5382,5319,5418,5463,5283,
Shot 13:5769,5760,5868,5778,
Shot 14:7056,7533,7389,6948,6003,5931,6633,7326,6795,7128,6957,6525,6786,6408,6516,7344,6093,5895,7443,6651,7173,6462,7119,7047,
