Shot 0:9,
Shot 1:99,18,27,117,
Shot 2:603,1377,351,1431,1017,801,1035,1215,630,828,990,612,342,594,
Shot 3:1539,
Shot 4:2115,2421,1647,1728,2007,1800,2178,2448,1548,2097,2133,2232,1890,1926,1809,1746,1683,2394,1755,2430,1584,1836,2025,2250,2205,2151,
Shot 5:2457,
Shot 6:2583,2511,2619,2466,
Shot 7:2628,2637,
Shot 8:4626,3177,3159,3753,3123,3033,2655,4482,4248,3933,2853,4590,2826,3258,3114,4131,3006,3285,4293,2907,2664,4275,4581,2646,3924,3960,2871,3168,3150,4311,4518,2934,4239,3231,3951,4599,3294,2835,2889,2844,4446,2925,4608,4320,3267,3276,3582,4284,2916,2880,3942,4203,4437,4617,4635,4194,
Shot 9:4644,
Shot 10:4752,4734,4653,4698,4725,4743,4662,4761,
Shot 11:4770,
Shot 12:4779,4797,4788,
