Shot 0:45,306,27,252,153,36,297,180,9,18,
Shot 1:342,
Shot 2:387,360,369,405,
Shot 3:1080,567,837,774,738,414,684,1026,513,531,585,990,1152,423,1431,
Shot 4:1692,1611,1683,
Shot 5:1881,1863,1719,
Shot 6:2691,2007,2538,2259,2124,2493,2277,2115,2781,2304,2169,2745,2043,2862,2925,3024,2610,2970,2727,2475,2439,3069,3051,2952,2997,2817,2880,3060,2934,2835,2772,2160,2070,3033,2151,2898,2790,2808,2655,2799,2268,2025,1989,2628,2673,2700,1980,
Shot 7:3177,3285,
Shot 8:3312,3384,3348,3357,3420,3402,3393,3339,3321,
Shot 9:3429,
Shot 10:3474,3510,
Shot 11:3564,3645,3663,3600,3582,3546,3618,3555,3627,3672,3573,
