Shot 0:9,
Shot 1:99,36,72,126,108,
Shot 2:144,
Shot 3:153,
Shot 4:234,342,306,
Shot 5:648,378,738,729,576,612,558,630,567,639,666,
Shot 6:873,954,945,918,909,936,882,891,927,900,
Shot 7:1188,963,1548,1845,2619,1620,2376,1737,2844,2223,1440,2772,1098,1332,1944,2079,1278,2457,2880,1494,2331,1710,1530,1026,2304,1566,2412,2574,1305,1296,1251,1791,2196,1539,1512,1908,2277,1152,1593,1476,2799,1557,2817,1422,2781,2286,1665,2637,1827,1170,1197,1179,2565,
Shot 8:3744,2961,3960,4437,4320,4194,3879,3591,4392,4221,2997,4086,4509,3978,3375,3897,3393,4302,3933,4059,4482,3717,3609,4338,4167,
Shot 9:4536,
Shot 10:4554,4563,
Shot 11:5301,5094,4653,5481,5445,5175,5067,5400,5157,4950,5472,4869,5463,4914,4599,5364,5202,4968,4626,4707,5166,5454,5337,5220,5211,5229,5292,5274,
