Shot 0:18,27,9,
Shot 1:54,36,99,45,63,
Shot 2:216,171,378,
Shot 3:495,612,405,603,468,504,
Shot 4:747,873,792,639,702,657,720,756,
Shot 5:1251,2097,1377,945,1665,1548,2169,1656,1584,1908,1962,2214,1638,2016,2052,2196,2070,1278,1341,1242,1260,1269,
Shot 6:2250,2232,2304,2223,2241,2259,
Shot 7:4455,3006,3546,3078,3024,2925,3303,5067,3672,2538,4725,3600,2853,2718,4833,2808,3555,2916,3042,2601,4824,5085,3339,2349,2835,3204,3132,4113,4797,3726,4887,5040,2826,4896,2313,2556,4554,5049,2484,2610,2961,4806,3150,4032,4320,2907,3384,4446,2997,2934,3015,3222,3033,3321,2637,3888,4266,2574,4482,2817,4545,4437,2475,2358,4050,4788,3618,2592,4284,4464,3879,4374,3114,4014,2520,2529,2547,2502,3312,3330,
Shot 8:5112,
Shot 9:5265,5157,5238,5256,
Shot 10:5346,5427,5274,5301,5373,5283,5292,5310,
Shot 11:5886,5661,5436,5526,5508,6237,5607,6507,6435,6363,6696,5733,6606,5535,6732,6255,5706,6678,6462,5616,5949,6525,5841,5724,5742,6498,5778,5985,6786,5868,5877,
Shot 12:6795,6813,
Shot 13:7470,7902,7749,7758,6840,7659,7425,7677,6876,7884,7929,7398,7632,7551,7461,7911,6894,6822,
Shot 14:7938,
Shot 15:7947,
Shot 16:8046,8001,8028,8010,8037,
Shot 17:8946,8055,8145,8217,8874,8109,8289,8991,8973,8964,8982,8928,8910,8919,8847,8955,8937,8892,
