Shot 0:90,108,9,99,
Shot 1:828,513,801,504,819,837,
Shot 2:855,846,864,
Shot 3:1350,1206,1017,1386,1242,1368,1278,1413,981,1431,963,1440,1152,1197,1314,1161,1224,1071,1395,1305,1233,1179,1251,909,1404,1260,1449,1080,936,
Shot 4:1719,2214,1800,1656,1620,1566,1494,1557,1539,2178,1467,1548,1917,1584,1512,1872,1710,1521,1476,2151,1485,2196,1989,2160,1845,2205,2043,2025,1575,2142,1944,1593,1638,1503,1755,1809,2016,1818,1764,2133,1683,2169,1836,
Shot 5:2241,2286,2223,2295,2250,2259,2268,2277,
Shot 6:2340,2313,2331,2304,
Shot 7:2358,
Shot 8:2367,
Shot 9:2385,
Shot 10:2394,2403,
Shot 11:2412,2421,
Shot 12:2430,
Shot 13:2439,2457,2466,2448,
Shot 14:2475,
Shot 15:2484,
Shot 16:2502,
Shot 17:2511,2520,
Shot 18:2547,2529,2538,2556,2565,
Shot 19:2610,2574,2646,2637,2628,2664,2655,2601,2583,
Shot 20:2673,
Shot 21:2682,2691,
Shot 22:2700,
Shot 23:2844,2727,2916,2709,2781,2772,2898,2754,2880,2736,2808,2817,2826,2790,2835,2925,2853,2871,2799,2934,
Shot 24:2943,
Shot 25:2952,2961,
Shot 26:2970,2979,
Shot 27:3069,3051,2988,3132,3033,3024,3042,3060,3096,3087,3123,
Shot 28:3798,3447,3330,3771,3573,3609,3393,3420,3195,3402,3375,3285,3456,3429,3627,3366,3600,3150,3708,3222,3411,3159,3690,3519,3240,3384,3186,3492,3528,3663,3564,3501,3231,3294,3510,3591,3339,3726,3249,3438,3744,3546,3789,3177,3618,3555,3321,3735,3699,3753,3672,3582,3348,
Shot 29:3807,
Shot 30:3825,3834,3816,
Shot 31:3852,3843,3861,
Shot 32:3888,3960,3978,3870,3942,3933,
Shot 33:3987,3996,
Shot 34:4113,4050,4023,4185,4032,4203,4131,4077,4095,4068,4104,4041,4086,4158,4167,4059,
Shot 35:4221,
