Shot 0:360,9,153,405,324,135,639,531,288,99,270,585,486,
Shot 1:1170,900,693,1026,1098,1188,1350,666,972,1314,1233,1017,783,819,1044,1062,729,1125,
Shot 2:1386,1368,1395,1377,
Shot 3:1755,1539,1638,1503,2151,2664,2628,1404,2205,2052,1458,1944,1926,2331,2178,2304,2808,1575,2691,1683,2844,1557,2367,1980,1593,2520,1431,2601,2484,2277,2709,2124,2034,2079,1899,2016,2097,1917,1629,1746,
Shot 4:2862,
Shot 5:2871,
Shot 6:2889,2898,
Shot 7:2916,
Shot 8:2970,2979,
Shot 9:3024,3060,
Shot 10:3078,
Shot 11:3159,3141,3087,3195,3168,3177,
Shot 12:3249,3231,3240,
Shot 13:3258,3276,
Shot 14:3285,
Shot 15:3294,3321,
Shot 16:3402,3411,3384,3357,3420,3348,3393,3366,
Shot 17:3438,
Shot 18:3474,3564,3492,3501,3483,3555,
Shot 19:3735,3708,3663,3798,3627,3771,3609,
Shot 20:3816,3978,3924,3951,4014,3897,3861,3915,3807,4005,3834,
Shot 21:4086,4023,4041,
Shot 22:4338,4266,4401,4176,4158,4383,4392,4230,4365,4311,
Shot 23:4437,
Shot 24:5004,4545,4572,4770,4500,4833,4878,4797,4626,4698,4527,4446,5067,5013,4932,
Shot 25:5094,
Shot 26:5103,
Shot 27:5130,5139,
Shot 28:5364,5481,5292,5400,5409,5391,5355,5373,
