Shot 0:639,711,729,693,720,756,810,702,801,9,783,675,513,486,558,666,747,792,540,
Shot 1:972,1269,1134,1242,864,1125,945,1152,1143,1260,1224,1305,1287,819,882,837,1233,1314,927,1161,1296,909,1080,1215,1197,936,1188,846,828,1026,1179,1278,954,1053,999,
Shot 2:2268,2673,2403,1566,2628,1368,1917,1989,1476,1359,1458,1881,2637,1341,2421,1575,1557,1602,2088,2394,1521,1953,2655,2025,2610,2007,1656,1935,1782,2583,2241,1611,1899,2565,1377,2475,1746,1386,1350,2385,1548,2520,1584,1629,2016,2151,2430,1449,1692,2124,2223,2646,2043,2574,1845,1467,1764,2592,2664,2106,2502,2187,1971,1431,2376,1800,1512,2556,1530,2169,2205,1494,1791,2160,1998,1413,2097,2367,2340,2295,2250,
Shot 3:2979,3042,2862,2961,3015,2682,2925,2844,3087,2871,2700,2970,3285,2853,3186,3303,2997,3276,3024,2799,2907,3114,3249,2889,3204,2826,3195,2916,2718,2988,3078,3132,3060,3159,2691,2736,2952,3033,3294,3213,2709,2754,3069,3096,2781,2727,
Shot 4:3834,3447,3375,3492,3411,3321,3348,3483,3465,3690,3438,3753,3384,3744,3474,3330,3708,3357,3456,3501,3645,3510,3762,3402,3537,3420,3519,3771,3861,3807,
Shot 5:4536,3888,4086,3924,4023,4437,4167,4473,3879,3906,3969,3870,4266,3996,4554,4419,4194,4203,4239,4320,3933,3897,4563,4482,3915,4050,4014,4491,4383,4311,4185,4338,4104,4149,3987,4005,4032,4131,4500,3951,4068,4365,4158,4410,4572,4329,3942,4392,4140,4509,4518,4545,4401,
Shot 6:4626,4887,4653,4851,4959,4923,5130,4860,5112,4968,4590,4644,4833,4869,4896,5094,4950,4842,4662,4824,5058,4878,4797,4599,4905,5103,4977,4761,4689,5076,4608,4716,4779,4671,4635,4617,4986,4698,4680,
Shot 7:5139,5148,
Shot 8:5175,5292,5238,5157,5211,5310,5202,5301,5184,5166,
Shot 9:5391,5589,5562,5319,5571,5346,5598,5553,5328,5580,5355,5535,5427,5499,5490,5481,5337,5454,5436,5373,5544,5526,5364,5508,5418,5445,5409,
Shot 10:5661,5643,5616,5634,5625,5688,5652,5670,
Shot 11:5724,5751,5742,5733,5715,
Shot 12:5760,
Shot 13:6705,6255,6498,6039,6480,6732,6264,6507,6489,6246,6030,6237,6273,6516,6723,6048,6714,6696,
Shot 14:6741,
