Shot 0:279,117,432,216,315,9,468,162,99,153,
Shot 1:711,873,639,918,1017,522,954,603,882,648,738,513,900,927,729,657,576,936,666,720,693,675,702,684,
Shot 2:1071,
Shot 3:1098,1107,1089,
Shot 4:1125,1116,1188,
Shot 5:2610,2727,2709,1557,1899,2286,2538,1215,1359,1791,1647,2196,2043,1728,2412,2313,1269,2520,2664,
Shot 6:2835,2745,2754,2781,2826,2844,
Shot 7:2880,2853,2871,
Shot 8:2916,3114,3105,3069,2889,2934,
Shot 9:3123,3132,
Shot 10:4284,3726,4122,3672,3141,4221,4338,4068,3600,3249,3987,3186,4554,3150,3366,4239,3204,3213,4518,4248,3258,3321,3303,3447,3654,4329,4266,3717,4302,3735,4311,4194,4140,
Shot 11:4581,4608,4599,4590,
Shot 12:4617,
Shot 13:4644,4635,4626,4653,
Shot 14:4662,
Shot 15:5355,5040,4725,4824,4833,4815,4878,5301,5265,4986,5184,5418,4914,4671,5409,4743,5121,5310,5229,5463,5328,5283,4788,4680,5535,5337,5346,
Shot 16:5553,
