Shot 0:9,45,
Shot 1:153,567,549,639,477,729,666,783,828,126,459,522,432,243,720,135,297,414,342,
Shot 2:882,
Shot 3:891,900,
Shot 4:1368,1323,1161,1422,1278,1332,1350,1305,1485,1341,1287,1314,981,1395,1413,1503,1566,1440,1467,1197,1539,1386,1377,1359,
Shot 5:1575,
Shot 6:1602,1674,1584,1638,1647,1593,1611,1656,
Shot 7:1692,1728,1710,1719,1701,1683,
Shot 8:1737,
Shot 9:1746,
Shot 10:1764,1755,1773,
Shot 11:1827,1800,1782,1809,1836,1818,
Shot 12:1845,1854,
Shot 13:1872,1899,1890,1881,1863,
Shot 14:1908,1917,
Shot 15:1926,1935,
Shot 16:1944,1953,
Shot 17:1962,1980,
Shot 18:2115,2043,2142,2169,2151,1998,2061,2088,1989,2016,2034,2007,2133,2124,2070,2106,
Shot 19:2205,2178,2223,2187,2214,2196,
Shot 20:2232,
Shot 21:2304,2457,2403,2241,2331,2250,2520,2367,
Shot 22:2556,
Shot 23:2565,
Shot 24:2709,2817,2943,2844,2871,2898,2952,2574,2781,2907,2628,2925,2772,2592,2934,2835,2736,
Shot 25:3168,3051,3231,2961,3069,3042,3015,3150,3222,3240,3033,3132,2979,3096,3159,3195,3141,2997,3123,3177,3105,3204,
Shot 26:3249,
Shot 27:3267,3276,3258,
Shot 28:3330,3294,3285,3366,3303,3357,3312,3339,3321,
Shot 29:3411,3447,3384,3429,3375,3438,3393,3402,3420,
Shot 30:3465,3456,3474,
Shot 31:3510,3555,3528,3483,3537,3546,3501,3519,3492,
Shot 32:3573,3609,3591,3618,3600,3564,
Shot 33:3699,3627,3672,3654,3744,3726,3753,3636,3645,3663,3681,3690,3708,
Shot 34:3807,3771,3834,3789,3762,3798,3780,3816,
Shot 35:3843,
Shot 36:3852,
Shot 37:3888,3924,3906,3942,3933,3861,3897,
Shot 38:3987,3969,3951,3960,3978,
Shot 39:4005,4014,4032,
Shot 40:4086,4059,4140,4158,4122,4167,4104,4131,4050,4176,4068,
Shot 41:4185,
Shot 42:4194,
Shot 43:4203,4212,
Shot 44:4221,4266,4248,4230,4257,
Shot 45:4320,4302,4347,4293,4275,4284,4356,4311,4338,
Shot 46:4383,4464,4428,4365,4446,4401,4392,
Shot 47:4518,4482,4509,4527,4500,4491,
Shot 48:4554,4581,4563,4572,4536,4545,
Shot 49:4599,4590,4608,
Shot 50:4698,5265,4959,5193,5139,4860,5247,4752,5049,4707,4905,4833,4671,5256,4617,4653,
Shot 51:5301,
Shot 52:5310,
