Shot 0:63,27,135,180,54,36,9,162,144,
Shot 1:198,
Shot 2:207,
Shot 3:396,378,405,387,
Shot 4:459,414,576,531,549,522,558,
Shot 5:792,729,702,756,621,639,630,783,666,693,675,765,720,
Shot 6:1620,1467,855,1548,1314,1521,1494,1458,810,1242,1485,1566,1476,1305,1539,1665,1575,1611,1449,1557,1647,
Shot 7:1692,
Shot 8:1818,1701,1908,1746,1782,1710,1854,1764,1827,1737,
Shot 9:1971,1917,1944,1989,2025,1926,2070,1962,1935,2016,2052,
Shot 10:2160,2205,2178,2142,2196,2169,
Shot 11:2250,2223,2268,2277,2241,2232,2259,
Shot 12:2295,
Shot 13:2394,2466,2313,2439,2358,2475,2430,2322,2421,2376,2412,2349,2385,2403,2340,
Shot 14:2493,
Shot 15:2511,
Shot 16:2601,2565,2538,2520,2529,2637,2592,2556,2610,2547,2628,2574,
Shot 17:2646,
Shot 18:2655,2664,
Shot 19:2673,
Shot 20:2709,2700,2682,2691,
Shot 21:2718,2736,2745,2727,
Shot 22:2808,2844,2916,2988,2871,2880,2934,2961,3006,2790,2817,2970,2853,2943,2835,2997,3015,2781,
Shot 23:3069,3366,3312,3285,3330,3465,3474,3168,3375,3321,3429,3105,3339,3402,3303,3357,3348,3447,3276,3213,3150,3384,3186,3087,3132,3267,3204,3258,3438,3231,3393,3159,3240,3222,3042,3195,3051,3078,3249,3060,
Shot 24:3501,3483,3546,3492,3510,
Shot 25:3573,3582,
