Shot 0:54,999,1008,9,990,1053,1017,18,801,1026,1062,36,
Shot 1:2232,2349,1188,2007,2322,2304,1854,1818,1989,2070,2025,2133,2196,1206,2250,1530,1557,
Shot 2:2376,
Shot 3:2385,
Shot 4:2394,
Shot 5:2619,2403,2682,2412,2673,2493,2466,2547,2565,2520,
Shot 6:2691,
Shot 7:3177,2700,2709,3051,3231,3087,2880,3042,2754,2889,2844,2781,2718,3222,2862,3168,
Shot 8:3384,
Shot 9:3420,3402,3393,3411,
Shot 10:3438,3465,3456,3429,
Shot 11:3645,3600,3573,3528,3672,3537,3546,3519,3555,3483,3582,3636,3663,3627,3474,3501,3591,3564,3609,3510,3492,3654,3618,
Shot 12:3762,3708,3681,3699,3735,3717,3690,3771,3753,
Shot 13:3870,3852,3789,3861,
Shot 14:3924,3879,3942,3897,3951,3933,3915,
Shot 15:3969,
Shot 16:4581,4653,3978,4644,4392,3987,4095,4023,4527,4005,4203,4149,4635,4338,4563,4599,4617,3996,
Shot 17:4698,4671,4662,4707,4680,4689,
Shot 18:4734,4725,4716,4752,4743,
Shot 19:4788,4761,4797,4770,4806,4779,
Shot 20:4824,4815,4833,
Shot 21:4869,4878,4842,4851,4860,
Shot 22:4887,4896,
Shot 23:4905,4914,
Shot 24:4959,4932,4923,4968,4950,4941,
Shot 25:4995,4977,5022,5013,5004,
Shot 26:5481,5112,5148,5040,5175,5130,5202,5076,5220,5058,5256,5292,5139,5184,5238,5499,5328,5211,5373,
Shot 27:5508,
