Shot 0:270,9,279,
Shot 1:288,297,
Shot 2:594,504,756,333,729,765,711,837,306,747,882,738,360,432,774,720,675,810,396,864,369,450,459,783,351,639,567,792,477,378,657,873,585,648,603,
Shot 3:891,
Shot 4:900,945,927,909,
Shot 5:963,1035,999,
Shot 6:1044,1053,
Shot 7:1062,
Shot 8:1539,1152,1251,2187,2169,1782,1071,1674,1755,1224,1431,1116,1188,2268,2097,1980,1296,1629,1422,2241,1863,1494,
Shot 9:2448,2367,2421,2394,2331,2538,2376,2439,
Shot 10:2682,2961,2835,2736,2772,2889,2862,2718,3015,2664,2700,2673,2691,2754,2988,2880,2709,2970,2727,
Shot 11:3168,3123,3096,3114,3150,3105,3159,3177,
Shot 12:3276,3294,3213,3258,3267,3285,3204,
Shot 13:3321,3699,3654,3789,3870,3771,3357,3663,3312,3303,3843,
Shot 14:3942,3897,3951,3924,
Shot 15:4338,4014,4203,4392,4221,4032,4275,4401,4248,4374,4383,4365,4320,4356,4347,4329,
Shot 16:4410,
Shot 17:4482,4437,4509,4518,4419,4491,
Shot 18:4554,4527,4581,
Shot 19:4590,
Shot 20:4797,4716,4689,4680,4752,4734,4707,4770,4779,4806,
Shot 21:4815,
Shot 22:4824,
Shot 23:4842,4851,4833,
Shot 24:4968,4932,4986,4905,4995,4887,4869,4959,4977,
Shot 25:5022,5103,5031,5013,
Shot 26:5193,5121,5247,5148,5139,5112,5157,5238,5130,5265,5166,5256,5211,5175,
Shot 27:5283,
Shot 28:5319,5346,5391,5310,5292,5328,5301,5400,5337,
Shot 29:5409,5427,5418,
Shot 30:5445,5436,5463,
Shot 31:5508,5553,5472,5580,5562,5481,5490,5499,5517,
Shot 32:5598,
Shot 33:5625,
Shot 34:5652,5670,5679,5634,5661,
Shot 35:5706,5688,5715,
