Shot 0:9,
Shot 1:1152,1089,702,1017,1269,54,990,1296,630,1395,927,1314,729,
Shot 2:1422,
Shot 3:1431,
Shot 4:1440,
Shot 5:1521,1584,1530,1449,1485,1503,
Shot 6:1593,
Shot 7:1602,1611,
Shot 8:1701,1710,
Shot 9:1773,1935,1791,1800,1746,1737,1755,1953,1908,1782,1944,1764,1719,
Shot 10:1962,
Shot 11:2349,1971,2322,2097,2466,2115,2133,2052,2619,2574,2160,2340,2628,2502,2430,2529,2403,2376,2484,1998,2313,2583,
Shot 12:2655,
Shot 13:2664,2826,2727,2781,2871,2745,
Shot 14:3402,3600,3546,2970,3447,3636,3312,3492,3096,3537,3582,3132,3591,3510,3456,2979,3618,3177,3330,3339,3267,2988,3483,3240,3420,3114,3555,2952,3159,3609,3528,3501,
Shot 15:3645,3654,
Shot 16:3762,3681,3717,3780,
Shot 17:3816,3942,3969,3906,3897,3843,4023,3996,3888,3924,3879,3798,3807,
Shot 18:4131,4248,4293,4347,4284,4338,4590,4221,4473,4077,4032,4239,4230,4059,4194,4086,4257,4311,4095,4392,4113,4122,4410,4212,4140,4401,4356,
Shot 19:4770,4788,
Shot 20:5067,5211,4923,5121,5256,5283,4932,5040,4995,5103,5238,5058,5031,4950,4959,5085,4977,5022,4968,5247,5112,5049,
Shot 21:5526,5463,5481,5616,5715,5976,5490,5742,5850,5571,5940,5733,5877,5760,5805,5472,5679,6075,5454,5553,5832,6039,5562,
