Shot 0:1512,9,1575,1395,1485,
Shot 1:1683,1719,1710,1629,1638,1692,1647,1701,1755,1656,
Shot 2:1782,1773,1791,
Shot 3:1800,
Shot 4:1818,1827,
Shot 5:1845,1854,
Shot 6:1863,
Shot 7:1881,
Shot 8:2862,2097,1899,2781,1962,2682,2502,1908,1926,2223,2214,2025,2295,2736,3087,2448,2493,2565,2889,2538,2106,3042,2394,2817,1953,2646,1980,2556,3096,2241,2763,2745,2610,1944,2727,2844,2511,2232,
Shot 9:3105,3114,
Shot 10:3285,3321,3177,3222,3312,3132,3294,3240,3159,3258,
Shot 11:3339,3348,
Shot 12:3357,
Shot 13:3420,
Shot 14:3429,
Shot 15:3924,4554,3915,3447,3438,3645,4221,4140,4032,3465,3555,4041,3681,4257,3519,3717,4077,3474,3456,4131,3978,4005,
Shot 16:4563,
Shot 17:4581,4572,4590,
Shot 18:4608,4599,4617,
Shot 19:4635,
Shot 20:4644,
Shot 21:5805,5499,5652,4743,5400,4707,5445,4653,5490,4716,5616,5193,5517,5715,5436,5832,5094,5139,
Shot 22:5868,5967,
