Shot 0:54,9,18,81,72,36,
Shot 1:144,99,171,162,108,
Shot 2:198,405,279,387,369,225,
Shot 3:612,900,864,981,423,972,909,945,414,1008,792,927,855,882,936,486,450,756,837,693,990,963,540,459,801,954,666,918,504,711,819,567,
Shot 4:1125,1035,1224,1080,1152,1026,1233,1170,1089,
Shot 5:1269,1287,1278,1242,1251,1260,
Shot 6:1332,1296,1305,1314,1341,
Shot 7:1350,1359,
Shot 8:1404,1368,1395,1422,1377,1413,
Shot 9:1539,1431,1485,1512,1521,1494,1440,1566,1548,1449,1557,1575,
Shot 10:1629,1656,1647,1638,
Shot 11:1692,1665,1710,1683,1701,
Shot 12:1719,
Shot 13:1728,
Shot 14:1737,
Shot 15:1746,
Shot 16:1755,1764,
Shot 17:1773,1782,
Shot 18:1791,
Shot 19:1818,1800,1836,1827,
Shot 20:1845,1854,
Shot 21:1863,
Shot 22:1881,1899,1890,1872,
Shot 23:1908,
Shot 24:1935,1917,1926,
Shot 25:1944,1953,
Shot 26:1962,1971,
Shot 27:2007,1998,1980,1989,2016,
Shot 28:2025,
Shot 29:2043,2133,2187,2169,2124,2079,2142,2097,2151,2178,2052,2034,
Shot 30:2196,2205,
Shot 31:2241,2214,2259,2223,2250,2232,
Shot 32:2637,2772,2286,3033,2826,2376,3069,2520,2754,2844,2889,2538,2619,2268,2277,2745,2700,2781,2718,2862,2727,2295,3024,2313,2943,2817,2322,2439,2412,2547,2556,2529,2763,3015,2358,2979,2466,2340,2565,2709,2835,2871,2691,2457,2430,2673,2799,2493,2403,2574,2601,2736,2592,2394,2655,2664,2880,2646,2628,
Shot 33:3078,
Shot 34:3186,3294,3312,3132,3087,3114,3141,3105,3267,3150,3240,3285,3231,3159,3123,3258,3168,3276,3177,
Shot 35:3330,3384,3429,3375,3438,3411,3393,3420,3366,3348,3321,3402,3357,3339,
Shot 36:3483,3456,3465,3474,3447,
Shot 37:3510,3492,3501,3528,3546,3519,
Shot 38:3654,3564,3843,3699,3600,3555,3807,3690,3636,3780,3627,3609,3825,3672,3753,3618,3861,3591,3681,3663,
Shot 39:3906,3915,3897,
Shot 40:3960,3969,3951,3924,
Shot 41:3978,3996,
Shot 42:4005,4023,
Shot 43:4149,4032,4050,4041,4095,4131,4086,4140,4122,4158,
