Shot 0:522,18,162,270,261,378,225,387,450,207,504,513,540,630,432,360,351,405,216,171,288,297,486,252,324,468,333,495,621,243,567,279,603,306,576,549,594,396,198,585,369,459,234,189,612,441,9,639,153,
Shot 1:648,
Shot 2:729,963,765,945,720,657,819,927,684,873,738,900,675,891,774,756,810,936,783,666,711,954,693,909,882,846,828,702,747,792,864,
Shot 3:1035,1008,972,981,999,1044,990,1026,
Shot 4:1449,1125,1170,1350,1368,1467,1116,1458,1287,1071,1107,1314,1143,1305,1485,1098,1440,1089,1377,1413,1422,1080,1062,1215,1386,1260,1296,1053,1359,1323,1476,1152,1134,1395,1404,1197,1494,1341,1278,1161,1179,1242,
Shot 5:1503,
Shot 6:1566,1557,1521,1530,1593,1512,1548,1539,1575,
Shot 7:1602,
Shot 8:1737,1674,1629,1656,1710,1665,1692,1620,1638,1647,1746,1611,1701,1683,1719,
Shot 9:1755,
Shot 10:2178,2214,2160,1890,2511,2268,1863,1899,1791,2187,2556,2007,1980,2349,2070,2439,2259,2313,2115,2043,2151,1809,2421,1908,2232,2430,2106,1989,1944,2277,2358,2079,2133,2367,1782,2484,2250,2385,2061,2097,2052,1827,1971,2295,2457,2169,2034,1935,1917,2205,1962,2664,2016,2394,1800,2223,2025,2403,1764,1818,1998,2241,2196,2304,2502,2124,1926,2565,2286,2529,2592,2376,2574,2547,1872,2088,2448,1845,2475,2538,1773,
