Shot 0:864,639,396,666,684,1080,360,1116,882,846,27,1035,945,621,648,999,729,36,333,711,351,792,855,387,675,783,801,720,819,594,873,369,837,630,693,378,
Shot 1:1593,1332,1503,1449,1296,1161,1242,1188,1539,1278,1458,1287,1485,1611,1584,
Shot 2:1737,1683,1620,1989,1881,1953,1800,1845,1773,1719,1764,1818,1872,1701,1728,
Shot 3:2142,2322,2016,2025,2061,2106,2133,
Shot 4:2727,4518,3528,2349,3447,3240,2430,4410,4158,4572,4680,2565,3609,2817,4293,3942,4392,3762,4473,4248,3870,3510,4671,4185,3555,4230,4050,4275,3825,3627,3915,2655,2529,3015,2448,4446,3861,4203,3303,4383,4689,2979,4221,2889,2970,3420,3888,3582,2493,3780,4554,3654,4239,3159,3087,2412,2799,3060,3141,3969,4257,4428,4338,2754,4176,4014,4500,4095,3501,4419,2916,2619,2484,4032,3285,4527,2961,4284,2385,
Shot 5:4698,
Shot 6:4950,5022,4869,5040,4734,4896,4851,4995,5085,4716,4905,4833,4743,4968,5004,4977,4932,4878,
Shot 7:5112,5139,5094,5130,5103,5121,
Shot 8:5148,5346,5373,5175,5202,5229,5310,
Shot 9:5571,5616,5418,5463,5679,5517,5535,5499,5481,5445,5409,5427,5751,5553,5607,5580,
Shot 10:5769,
