Shot 0:9,117,162,
Shot 1:261,225,243,207,234,279,
Shot 2:504,549,360,459,324,540,
Shot 3:594,693,657,576,639,612,585,
Shot 4:819,909,792,855,
Shot 5:981,972,990,
Shot 6:1026,1044,
Shot 7:1143,1206,1071,
Shot 8:1386,1224,1269,1251,1242,1449,
Shot 9:1476,
Shot 10:1494,1539,1575,1584,1593,1557,1485,1503,
Shot 11:1602,1620,
Shot 12:1629,1647,1692,1638,
Shot 13:1728,1764,1755,1818,1701,
Shot 14:1863,1872,
Shot 15:2331,2196,2250,2592,2160,2115,2457,2628,2052,1962,2763,2502,2799,2430,2790,2448,2421,2475,2610,2232,2637,2619,2259,
Shot 16:2988,2853,2916,3024,2979,
Shot 17:3150,3051,3114,3078,3096,3060,3087,3105,3159,
Shot 18:3366,3204,3357,3402,3276,3240,3384,3375,3231,
Shot 19:3429,3438,
Shot 20:3447,3474,3492,
Shot 21:3582,3501,3519,3618,3609,
Shot 22:3861,3636,3699,3654,3645,3888,3627,3663,3807,3789,3834,
Shot 23:4113,3915,3996,
Shot 24:4167,4230,4194,4158,
Shot 25:4266,4302,
Shot 26:4329,4338,4311,
Shot 27:4590,4563,4437,
Shot 28:4788,5058,4887,5139,5094,4833,5130,4959,4941,4905,4950,5013,4968,4860,5076,5049,5112,4725,5103,4914,4734,4752,
Shot 29:5220,5148,5157,5193,5166,
Shot 30:5472,5373,5544,5310,5292,5463,5346,5517,5301,5481,
Shot 31:5598,5652,
