Shot 0:9,
Shot 1:369,504,108,477,117,837,828,693,459,576,702,522,801,540,684,153,810,378,135,396,387,495,450,
Shot 2:846,
Shot 3:855,864,
Shot 4:972,909,1071,873,891,927,1053,1026,1062,1035,1044,963,999,918,
Shot 5:1107,1089,1098,
Shot 6:1125,1116,1152,
Shot 7:1170,
Shot 8:1242,1179,1197,1224,1206,
Shot 9:1296,1350,1269,1251,1332,1260,1341,
Shot 10:1368,1377,
Shot 11:1395,1386,1431,1413,
Shot 12:1566,1593,1467,1521,1476,1539,1584,1602,1548,1575,1503,
Shot 13:1620,1611,1629,
Shot 14:1674,1728,1764,1665,
Shot 15:1881,1800,1854,1872,1899,
Shot 16:1935,2043,1908,1971,2061,2052,2025,1926,1944,1962,
Shot 17:2070,
Shot 18:2097,2133,2106,
Shot 19:2385,2142,2565,2223,2538,2214,2547,2331,2259,2268,2529,2367,2439,2196,2349,2376,
Shot 20:2574,2583,
Shot 21:2601,2610,2592,
Shot 22:2628,2637,2619,
Shot 23:2718,2673,2655,2700,2727,2682,2709,
Shot 24:2736,2745,
Shot 25:2781,3087,2988,2826,3123,2970,2808,3114,2979,2862,2763,3096,2790,
Shot 26:3132,
Shot 27:3141,3258,3186,3249,3213,3231,3177,3222,3168,3159,3150,
Shot 28:3267,3276,
Shot 29:3294,3285,3303,
Shot 30:3312,
Shot 31:3321,3330,
Shot 32:3411,3429,3384,3420,3402,
Shot 33:3483,3456,3510,3438,3501,3474,
Shot 34:3537,3600,3564,3519,3528,
Shot 35:3618,3735,3636,3681,3699,3861,3726,3843,3708,3627,3609,
Shot 36:3987,3933,3888,3870,3942,3879,3924,4014,3897,3978,
Shot 37:4239,4257,4086,4050,4275,4032,4041,4059,4248,4158,4194,
Shot 38:4320,4383,4365,4284,4329,4374,4338,4293,4311,
Shot 39:4392,4401,
Shot 40:4608,4635,4509,4563,4419,4590,4536,4500,4572,4527,4617,4599,
