Shot 0:27,9,99,
Shot 1:306,162,117,180,144,171,324,243,126,
Shot 2:810,900,891,360,837,738,342,477,441,540,864,684,612,396,513,648,351,630,468,720,576,666,756,846,369,783,693,495,819,603,432,450,675,855,882,
Shot 3:1008,1035,936,981,909,927,1026,918,945,972,954,1017,990,999,
Shot 4:1656,1161,1107,1449,1143,1188,1224,1062,1584,1566,1251,1215,1179,1377,1431,1053,1467,1080,1674,1116,1152,1071,1611,1134,1620,1044,1530,1296,1233,1197,1278,1395,1575,1260,1359,1287,1089,1314,1476,1638,1368,1170,1593,1341,1440,1458,1647,1305,
Shot 5:1710,1683,1746,1728,1692,1755,1701,1719,
Shot 6:2277,1863,2331,1980,1917,2376,2322,2016,2061,1827,2178,1998,1971,2151,1926,1782,1845,2223,2007,2043,2133,1953,1908,2340,1899,1773,2349,1836,2205,1935,1809,2052,2214,2169,2070,2025,2358,2097,1962,2367,2187,2142,2034,2313,1818,2241,2160,2196,2079,2232,2295,2304,2259,2286,2268,
Shot 7:2394,2430,2412,2439,2385,2403,
Shot 8:2466,2484,2475,2448,
Shot 9:2610,2502,2574,2547,2565,2592,2628,2511,2601,2583,2556,2493,2619,
Shot 10:2673,2781,2763,2646,2826,2808,2754,2709,2772,2637,2799,2682,2736,
Shot 11:2907,2880,2871,2925,2889,2916,2898,
Shot 12:2988,2943,2934,3033,3042,2961,2952,3015,2970,3024,2997,3051,3006,
Shot 13:3213,3132,3069,3087,3114,3150,3159,3078,3240,3096,3177,3231,3222,3204,
Shot 14:3249,
Shot 15:3258,3267,
Shot 16:3276,
Shot 17:3285,
Shot 18:3303,3339,3330,3321,3348,3312,3294,
Shot 19:3357,3366,
Shot 20:3402,3375,3384,3411,3420,3393,
Shot 21:3429,3438,
Shot 22:3447,3465,3456,
Shot 23:3654,3474,3924,3483,3519,3834,3744,3627,3843,3690,3861,3609,3537,3492,3510,3807,3852,3870,3501,3582,3753,3897,3636,3825,3717,3618,3672,3699,3735,3600,3564,3681,3645,3663,3708,
Shot 24:3996,3969,3951,3933,3978,4014,4005,4023,3942,3987,
Shot 25:4086,4068,4032,4059,4041,4050,4077,4095,
Shot 26:4104,
Shot 27:4122,4113,4149,4185,4158,4212,4140,4203,4167,4176,4131,4194,
Shot 28:4266,4374,4365,4293,4320,4284,4257,4302,4338,4248,4221,4230,4239,4311,4275,
Shot 29:4383,4392,
Shot 30:4428,4401,4410,4419,4437,
Shot 31:4509,4518,
Shot 32:4527,4644,4590,4635,4608,4545,
Shot 33:4671,4653,4680,
