Shot 0:45,234,189,171,9,207,198,162,18,
Shot 1:270,369,450,522,333,963,738,918,999,1107,1206,1017,1260,468,1026,1134,486,747,1197,594,1242,1251,1143,792,459,1071,1179,882,702,405,
Shot 2:1323,1296,1305,1359,1278,1314,1287,1341,1332,1350,
Shot 3:1395,
Shot 4:1530,1692,1557,1629,1899,1638,1746,1872,1926,1809,2025,1710,1800,1494,1584,1818,1908,1773,1503,1836,1647,1845,2079,1485,1854,1827,1863,1620,1881,1917,1467,1998,1602,1764,1674,2052,1719,1791,1431,1656,2133,1980,1422,1566,1440,1539,1548,2115,1521,1683,1449,
Shot 5:2142,
Shot 6:2268,2259,2187,2205,2331,2169,2349,2304,
Shot 7:2538,2457,2736,2745,2655,2709,2673,2664,2682,2727,2700,2556,2691,2646,2385,2754,2475,2718,2376,2421,2448,2637,2601,2520,2628,
Shot 8:2772,2790,2763,
Shot 9:2826,2808,2799,2817,
Shot 10:3060,3267,3213,2889,3123,2961,3474,2898,3492,3294,3582,3006,3150,3078,3591,3177,3141,3204,2871,3105,3015,2844,3231,2925,2943,3384,2997,3330,2934,3573,2835,3114,3195,3564,3303,3393,3321,3555,3087,3348,3024,2853,2907,2916,3375,2880,3159,3510,3240,2988,3357,3456,2952,3042,3537,2979,
Shot 11:3636,3690,3609,3600,3618,3645,
Shot 12:3708,
Shot 13:3762,3825,3807,3816,3789,3780,
Shot 14:3834,3843,
Shot 15:3870,3906,3960,3933,3942,3924,3888,3879,3951,3852,
Shot 16:3969,
Shot 17:3978,3987,
Shot 18:3996,4014,
Shot 19:4041,4032,4068,4050,4059,
Shot 20:4140,4113,4077,4158,4095,
Shot 21:4194,4221,4167,4230,4203,4185,4176,
Shot 22:4239,
Shot 23:4248,4455,4419,4284,4338,4329,4347,4365,4383,4464,4374,4356,4311,4437,4428,4257,4266,
Shot 24:4473,4509,4491,4518,4500,4536,4482,4527,
Shot 25:4644,4572,4545,4653,4599,4617,4581,4635,
Shot 26:4662,
Shot 27:4671,
Shot 28:4752,4680,4725,4797,4815,4842,4689,4698,4833,4734,4743,4788,4707,
Shot 29:4905,4878,4869,4932,4914,4923,4887,4860,4851,4896,
Shot 30:5013,4968,4977,4986,5031,5040,4995,5022,4950,5004,
Shot 31:5067,5058,5076,
Shot 32:5094,5103,5085,
Shot 33:5112,
Shot 34:5130,
Shot 35:5166,5193,5148,5139,5175,5184,5157,
Shot 36:5301,5274,5202,5328,5310,5238,5229,5319,5211,5247,5256,5220,5265,5292,
Shot 37:5346,5337,5355,
Shot 38:5364,5391,5382,
Shot 39:5733,5463,5427,5778,5517,5643,5535,5400,5508,5715,5454,5544,5490,5499,5481,5418,5769,5526,5553,5409,5796,5562,5805,5679,5580,
Shot 40:5814,
