Shot 0:9,108,36,72,
Shot 1:126,387,360,171,459,423,351,225,135,324,288,180,306,144,486,450,342,333,441,279,468,477,117,
Shot 2:594,621,513,504,585,630,531,567,522,576,
Shot 3:639,657,648,
Shot 4:774,720,846,864,801,702,783,828,684,756,
Shot 5:891,873,909,900,
Shot 6:945,936,954,927,
Shot 7:963,
Shot 8:972,981,1233,1026,1035,1089,1179,1278,1251,1242,1152,1080,1170,1206,1143,1116,1053,1269,1161,1125,1044,1260,
Shot 9:1287,1296,
Shot 10:1386,1368,1431,1314,1350,1305,1377,1359,1341,1323,1404,1332,1422,
Shot 11:1440,
Shot 12:1449,
Shot 13:1863,1791,1647,1611,1710,1566,1476,1827,1458,1521,1557,1674,1485,1845,1854,1584,1602,1467,1764,1503,1593,1692,1665,1719,1548,1629,1530,
Shot 14:1881,
Shot 15:1890,
Shot 16:1899,
Shot 17:1953,1935,1917,1926,1908,1944,
Shot 18:1998,2115,2079,2097,1971,2016,2106,1989,2061,2088,2043,2025,1962,2034,1980,
Shot 19:2196,2142,2259,2358,2151,2214,2277,2187,2169,2250,2268,2304,2124,2178,2286,2133,2295,2232,2223,2241,
Shot 20:2385,2466,2556,2448,2430,2565,2412,2439,2421,2403,2376,
Shot 21:2583,
Shot 22:2700,2610,2664,2628,
Shot 23:2709,2718,2727,
Shot 24:2844,3015,2835,2898,2889,2979,2934,2997,2754,2880,2736,2745,2772,2916,2790,3024,2961,2952,2808,2925,2763,
Shot 25:3051,3123,3042,3087,3132,3078,3096,3069,3060,
Shot 26:4284,3213,4509,4293,3456,3798,3519,3339,3285,3204,3393,4617,4572,3411,3924,3987,3681,4590,4410,4032,4338,3591,4545,4644,4014,4491,3465,4365,4221,4266,3618,4320,3510,4068,3762,3843,3186,4446,3600,3546,3159,4131,3555,3447,4176,4086,4158,3267,4050,4185,3222,3294,4212,3177,4392,3735,4626,3528,3537,3753,3888,4023,4113,4194,4347,4554,3573,3384,3564,3474,4140,4329,3582,4311,3303,3402,4473,4563,
Shot 27:4671,
Shot 28:4680,4707,4752,4797,4689,4734,
Shot 29:4833,4824,4815,4842,
Shot 30:4896,5121,4923,
