Shot 0:99,9,72,117,
Shot 1:126,135,
Shot 2:153,144,162,
Shot 3:324,450,198,432,207,423,531,225,441,216,306,414,
Shot 4:891,558,1188,774,1017,540,648,999,1098,1197,990,873,765,1008,981,1089,1179,882,
Shot 5:1980,1521,1629,1305,1755,1656,1413,1881,1206,1872,1422,1530,1314,1746,1647,1971,2007,1890,1431,1296,1665,1989,
Shot 6:2358,2115,2484,2241,2232,2250,2466,2367,2340,2349,
Shot 7:2574,2583,
Shot 8:2700,2592,2691,2709,
Shot 9:2790,
Shot 10:3024,2808,2799,2997,2898,3006,2889,3105,
Shot 11:3195,3231,3213,3204,3222,3114,
Shot 12:3429,3321,3465,3330,3312,3438,3339,
Shot 13:3645,3528,3780,3537,3762,3546,3753,3771,3744,3555,3654,3636,3663,
Shot 14:3897,4050,
Shot 15:4167,
Shot 16:4176,
Shot 17:4635,4779,4401,4752,4509,4185,4293,4797,4734,4770,4725,4788,4275,4761,4617,4743,4392,4500,4518,4626,
Shot 18:4833,4950,4968,4806,4851,4959,4860,4815,4842,4869,4824,
Shot 19:5067,4977,5058,5076,
Shot 20:5130,
Shot 21:5427,5544,
Shot 22:5634,5553,5661,5652,5643,
Shot 23:5670,
Shot 24:5814,5778,5796,5787,5805,
Shot 25:5976,5931,5940,5949,
