Shot 0:63,81,9,
Shot 1:90,
Shot 2:99,153,108,
Shot 3:180,
Shot 4:234,252,243,189,
Shot 5:405,351,486,396,
Shot 6:603,702,666,630,558,639,612,648,585,
Shot 7:1053,954,819,1215,864,1260,981,999,1098,720,1071,972,1134,1269,1188,1296,936,1026,918,1197,1152,1242,1143,1008,1062,1305,1251,1080,1089,1044,711,
Shot 8:1323,1332,
Shot 9:1341,1602,1503,1566,1719,1647,1746,1422,1575,1773,1458,1620,1674,1755,1530,1764,1701,1593,1467,1539,1737,1521,1665,1485,1350,
Shot 10:1791,1782,1800,
Shot 11:1863,1881,1836,1845,1854,1818,
Shot 12:1980,1890,2016,1998,
Shot 13:2124,2034,2142,2088,2052,2097,2115,2133,
Shot 14:2439,2502,2160,2394,2475,2385,2421,2520,2466,2376,2484,2259,2430,2205,2178,2448,
Shot 15:2529,
Shot 16:2547,2565,2538,
Shot 17:2601,2664,2691,2592,2646,2637,2673,2700,2610,
Shot 18:2709,
Shot 19:2727,2799,2871,2862,2718,
Shot 20:2880,2889,
Shot 21:3060,3096,3042,2907,2925,3024,2961,3069,3015,2997,3051,2898,2916,3078,
Shot 22:3132,3105,3123,
Shot 23:3141,
Shot 24:3150,3258,3249,
Shot 25:3294,3303,3321,3330,3267,3276,
Shot 26:3339,
Shot 27:3357,3384,3348,
Shot 28:3501,3429,3483,3393,3456,3519,
Shot 29:3546,3555,3528,
Shot 30:3564,
Shot 31:3834,3798,3744,3627,3717,3582,3780,3699,3771,3618,3654,3609,3708,3861,3852,3825,3672,3663,3600,3591,3573,3843,
Shot 32:3870,3888,
Shot 33:4005,4068,3951,4041,4086,3915,4113,4023,3978,4032,4014,4077,4050,
Shot 34:4131,4122,4140,4149,
Shot 35:4158,
Shot 36:4167,4176,
Shot 37:4185,4203,4194,4221,4212,
Shot 38:4230,
Shot 39:4266,4239,4257,
Shot 40:4392,4293,4419,4410,4374,
Shot 41:4527,4437,4545,4617,4491,4455,4635,4500,4518,4536,
Shot 42:4644,4653,
Shot 43:4671,4662,4689,
Shot 44:4707,4743,4698,4725,
Shot 45:5400,5319,4824,5337,5238,4752,4851,4896,5373,5292,5274,4842,5229,5265,5211,4968,5220,4905,5067,5004,5184,5139,5040,5454,5085,5382,5355,5283,5022,5301,
Shot 46:5472,
Shot 47:5544,5562,5553,5526,
Shot 48:5571,5580,
