Shot 0:9,27,
Shot 1:63,99,117,81,108,54,90,
Shot 2:198,333,171,252,189,324,207,234,
Shot 3:360,342,351,
Shot 4:369,
Shot 5:405,423,378,414,387,396,
Shot 6:450,432,441,
Shot 7:459,513,495,468,
Shot 8:666,522,549,594,621,648,675,
Shot 9:963,765,1071,729,819,783,927,855,720,936,882,1062,864,945,1053,981,
Shot 10:1080,1089,
Shot 11:1098,1107,
Shot 12:1188,1116,1152,1125,1215,1143,1161,1197,
Shot 13:1332,1260,1305,1296,1287,1359,1314,1278,1341,
Shot 14:1368,1377,
Shot 15:1404,1386,1413,1395,
Shot 16:1422,1440,
Shot 17:1485,1458,1521,1449,1503,1512,1467,1494,1476,
Shot 18:1710,1818,1674,1584,1791,1629,1737,1539,1656,1701,1566,
Shot 19:1890,1827,1989,2052,2007,1863,2034,1917,1935,1881,
Shot 20:2214,2097,2106,2196,2115,2187,2142,2169,2205,2232,2241,
Shot 21:2304,2322,
Shot 22:2394,2349,2430,2376,2358,2331,2403,
Shot 23:2448,
Shot 24:2457,
Shot 25:2475,2484,2493,2466,
Shot 26:2511,2529,2538,2502,2547,2556,2520,
Shot 27:2574,
Shot 28:2583,
Shot 29:3078,3384,3366,3393,2835,2646,2880,2997,3276,2592,3303,2826,2745,3159,2799,2979,3321,2853,3294,3348,3285,3258,2610,3114,2961,2907,2655,3033,2862,2943,3060,3267,2898,2889,3150,3087,3051,
