Shot 0:9,18,
Shot 1:207,72,486,387,27,90,360,135,108,
Shot 2:495,
Shot 3:936,756,891,1107,558,720,567,999,909,1143,1152,747,1116,513,990,666,549,1125,981,531,1134,918,927,945,
Shot 4:1170,1179,1161,
Shot 5:1197,1242,1215,
Shot 6:1251,1260,
Shot 7:1287,1269,1359,
Shot 8:1944,2232,1791,1386,1503,2169,2097,2277,1746,2322,1422,1998,2160,2187,1404,2115,1494,2079,2151,1656,1989,2061,1431,2286,1971,1818,2088,1512,1575,1647,1782,2142,1809,2043,1827,1863,1962,1737,1773,1521,1836,1881,1557,1845,1755,1611,1908,1890,1584,1629,1935,1602,
Shot 9:2331,
Shot 10:2817,2862,2628,2898,2799,2475,2997,2988,2655,2376,2871,2736,2367,2844,2826,2907,2745,2340,2889,2691,2880,2565,2700,2835,2484,3006,2574,2583,
Shot 11:3024,3042,3033,3015,
Shot 12:3051,
Shot 13:3123,3411,3168,3096,3141,3339,3384,3132,3321,3150,3114,3213,3249,3078,3393,3069,
Shot 14:3510,3528,3429,3519,3465,3492,
Shot 15:3582,3591,3555,
Shot 16:3636,3645,3627,
