Shot 0:153,216,198,9,180,144,162,
Shot 1:243,270,252,
Shot 2:279,
Shot 3:1953,1548,1503,396,1845,1332,288,1521,1863,1359,495,333,315,1854,1872,1278,1890,1044,1530,351,2124,1494,1611,603,1296,1512,1539,423,297,1638,1899,522,1917,405,1566,1827,
Shot 4:2511,2574,2466,2340,2448,2403,2457,2358,2547,2376,2430,2502,2484,2520,2439,2538,2367,2349,2331,2475,2556,
Shot 5:3339,3546,4185,3807,3411,4032,3861,4338,2880,4050,3996,2610,2601,3447,3420,4104,4068,3537,3825,4284,3402,3789,2907,2997,3573,2583,4059,4077,3501,2592,3393,3600,4122,3843,3465,3069,4086,2970,2898,3555,4320,3798,3528,4140,4311,2916,2709,3870,4266,4158,2943,3780,4329,4131,4212,2925,2889,4293,3816,3375,3834,3222,3474,3690,2772,4194,
Shot 6:4509,4365,4446,4482,4428,4464,4635,4491,4455,4500,4473,4527,
Shot 7:4824,4734,5112,5085,4797,4806,5130,4680,4788,5049,5067,4716,5058,5103,5121,4671,4698,4725,4779,4743,5094,4662,4833,4815,4653,4968,5076,5040,
Shot 8:5283,5202,5436,5220,5409,5211,5346,5256,5427,5265,5292,
Shot 9:5454,5463,
Shot 10:5472,
