Shot 0:1494,252,45,468,477,972,1035,234,828,369,1701,405,585,1071,1089,909,1908,1773,756,117,711,1413,396,1332,1458,1026,1584,1080,1359,1800,171,729,900,207,243,63,1485,54,
Shot 1:2043,2097,2007,2160,2016,2025,2061,
Shot 2:3186,3168,2574,2295,2745,2358,2421,2943,3393,3366,2853,2673,2241,3024,2502,3375,2790,3294,2763,3357,3114,3384,
Shot 3:3420,3510,3519,3483,3465,3411,3429,
Shot 4:3528,
Shot 5:3537,3609,
Shot 6:3618,
Shot 7:3627,3681,
Shot 8:3699,3789,3744,3690,3708,
Shot 9:3888,4032,4149,4221,4311,3861,3816,4374,4266,3915,4230,3852,3870,3879,3897,4284,
Shot 10:4383,4419,
Shot 11:4464,4527,4491,4509,4446,
Shot 12:4536,4581,
Shot 13:4671,4698,4689,4653,
Shot 14:4806,4878,4914,4734,5031,4770,4887,4716,4824,4779,4896,4797,
Shot 15:5049,
Shot 16:5067,5085,5112,5058,
Shot 17:5247,5184,5130,5175,5157,5229,5166,5139,5238,5265,
Shot 18:5427,5346,5337,5364,5355,5499,
Shot 19:5508,
Shot 20:5526,5517,5562,
Shot 21:5607,5580,5589,5598,5616,
Shot 22:5733,6624,6516,5967,6201,6399,6084,5886,6120,6606,5850,6615,5814,5769,5832,6597,5859,5868,6570,6579,5760,5742,
