Shot 0:504,477,567,351,342,792,126,639,522,1071,918,972,405,729,1044,531,1026,828,756,909,324,468,360,549,486,387,594,369,540,558,513,576,495,414,9,
Shot 1:1188,1107,1197,1134,
Shot 2:1494,1350,1224,1737,1944,1287,1917,1692,1719,1377,1764,1620,1503,1548,1872,1431,1404,1458,1251,1485,
Shot 3:1980,1998,
Shot 4:2106,2061,2016,2178,
Shot 5:2223,2259,
Shot 6:2286,2556,2727,2592,2493,2880,2718,2808,2439,2358,2754,
Shot 7:2997,
Shot 8:3006,
Shot 9:3123,3231,3276,3087,3339,3051,3204,
Shot 10:3384,3393,
Shot 11:3402,3411,
Shot 12:3420,3555,3807,3672,3690,3537,3798,3636,3474,3573,3654,3663,3519,3825,
Shot 13:3843,3834,3879,3861,
Shot 14:3897,3933,
Shot 15:3951,3996,3942,3978,3960,
Shot 16:4581,4959,4725,4140,5310,5544,4392,4005,4806,4176,4770,4131,4203,4059,5265,4050,4086,4824,5481,4860,4068,5103,5445,4662,5436,5319,4509,4545,5562,
