Shot 0:207,9,333,189,135,252,162,315,144,216,198,180,
Shot 1:396,423,387,414,405,378,
Shot 2:432,468,
Shot 3:990,1224,585,531,1296,1197,1206,1287,1260,1242,594,1269,1062,1080,1089,1107,621,1278,1179,540,828,648,801,738,891,846,810,1017,
Shot 4:1395,1305,1323,1314,1404,1359,1332,1386,1350,1377,
Shot 5:1530,1413,1476,1710,1935,1791,1818,1836,1719,1494,1890,1863,1656,1431,1512,1845,1728,1827,1701,1620,1458,1665,1782,1800,1647,1593,1566,1584,1854,1683,1872,1764,1575,1539,
Shot 6:1971,
Shot 7:2295,2358,2115,2016,2043,2097,2340,2079,2331,2205,2007,2232,2322,2259,2133,2268,2025,2304,
Shot 8:3501,2376,2511,2916,3294,2835,3087,2502,3312,2736,3033,3447,2655,2691,2790,2826,2889,3357,2754,3222,2952,2880,3024,3114,3051,3474,3393,2934,2997,2970,3303,2907,3096,2925,3150,2817,3330,3123,3042,3492,3195,3258,2862,2664,2709,3078,3429,2646,2844,3321,2988,3402,3069,3177,3456,3528,3141,2745,3510,3339,3015,3465,3411,3159,3006,
Shot 9:3654,3762,4374,4347,3789,4266,3816,4005,4302,4176,3771,4428,3924,4131,4365,4194,3807,4203,4392,3744,4248,4437,4329,3906,3825,4257,4401,4284,4140,4410,4041,3951,4311,3618,4419,3798,4230,4536,3708,3834,4158,3546,4212,4563,3870,4104,4185,4527,4077,4014,4455,4275,4482,3564,3636,3582,3627,3681,4023,4059,3555,4032,
Shot 10:4590,4644,
