Shot 0:99,9,36,108,45,
Shot 1:675,1683,540,1566,2277,1449,2691,2016,1656,2331,1332,1161,288,1458,2421,1647,1503,1674,2295,225,1692,891,1341,2448,1071,2637,2376,2286,1152,1350,2034,711,2547,1269,1170,1485,2268,1062,2025,2007,567,855,2349,981,1215,756,2061,1512,2205,2079,1143,2133,1395,1251,1296,2043,1278,1476,1998,1530,1440,2187,2430,1629,1494,2403,1098,810,504,1800,1017,2160,1467,351,2106,1602,1557,450,702,1386,1242,918,1107,1593,738,2439,1908,2052,1413,1233,531,1845,747,1521,1323,1080,1539,2619,1206,1980,1188,2682,2070,1224,1953,2457,1548,693,1125,1422,2556,270,1368,765,2250,117,2304,1314,1008,1197,2196,2529,1827,801,1935,1260,2142,486,972,2097,1053,1431,1728,1611,1575,927,1359,594,1620,900,2115,513,612,1944,1026,1917,1836,441,1089,2169,576,2088,2520,1791,2628,1962,1116,
Shot 2:2943,3078,2961,2781,2844,3051,2799,2898,2700,3123,2880,
Shot 3:3132,3141,
Shot 4:3249,3168,3159,3186,3222,3177,3150,3213,3231,3267,3258,
Shot 5:3294,3276,3285,3303,
Shot 6:3375,3321,3348,3312,3402,3339,3357,3330,3384,3393,3366,
Shot 7:3609,3645,3654,3636,3474,3537,3627,3447,3573,3510,3501,3519,3411,3420,3591,3528,
Shot 8:3699,3663,3672,3816,3681,3807,3744,3780,3726,3753,3690,3708,
Shot 9:4878,5355,5274,5193,5328,3825,4338,5220,5382,5346,4392,5202,5175,4347,4563,5184,3933,5337,3834,4329,4545,4914,5238,4932,4311,3951,4923,4068,4401,4374,4410,4662,4554,5103,3915,4356,4302,4626,4941,4257,5364,3861,4437,4698,4905,4014,4275,5112,4428,5094,4419,4500,4167,4743,4293,4284,4986,5130,4266,4320,4095,4608,4122,4644,4959,4455,4572,4365,4851,4050,4734,5157,4527,3879,3942,5022,4077,4032,4671,4752,5076,3960,4779,3897,3924,4806,4473,4590,4824,4104,4140,4509,4842,4689,5121,5049,3969,4131,4761,4599,3888,4158,4005,5139,4869,4887,5040,4797,
Shot 10:5391,5535,
