Shot 0:9,
Shot 1:18,
Shot 2:234,225,243,
Shot 3:333,603,621,477,369,486,351,495,441,360,576,504,531,270,405,450,558,315,567,432,252,297,
Shot 4:666,990,864,783,891,630,873,1089,774,1044,981,972,1062,792,729,765,963,882,1080,909,1026,657,810,837,999,747,936,702,639,675,
Shot 5:1098,
Shot 6:1296,1629,1791,1107,1557,1467,1584,1476,1341,1215,1368,1656,1179,1719,1548,1314,1413,1593,1683,1485,1305,1701,1125,1287,1404,1332,1350,1224,1521,1602,1692,1143,1260,1395,1359,1746,1737,1440,1233,1566,1728,1773,1116,1161,
Shot 7:1818,
Shot 8:1908,1827,1836,1854,1926,1890,1845,1863,
Shot 9:2196,2223,2025,1935,2439,2340,2430,2331,1944,2052,2322,2520,2565,2061,2043,2268,2097,1962,1953,2502,2403,2142,2160,2070,2178,1980,2475,2007,2124,2412,2556,2286,2547,2304,2376,2205,2079,2349,
Shot 10:2601,2574,2583,2619,2700,2691,2592,2637,2664,
Shot 11:2772,2709,2835,2745,2727,2799,2817,
Shot 12:3060,2844,2898,2943,3069,2871,2952,2997,3042,2916,3006,2961,3015,2970,2853,
Shot 13:3114,3249,3213,3204,3078,3312,3231,3276,3294,3087,3123,3186,3159,3096,3132,
Shot 14:3330,3339,
Shot 15:3492,3348,3474,3384,3465,3591,3402,3519,3483,3366,3357,3546,3447,3582,3555,3564,3420,
Shot 16:4284,3708,3942,3600,3825,3654,3726,3843,3870,3978,3636,3969,3717,4158,3888,3960,3618,3753,3681,3951,3780,3915,3852,3807,3987,4095,4338,
Shot 17:4347,4428,
