Shot 0:9,
Shot 1:468,612,432,540,153,441,459,
Shot 2:657,621,639,630,648,666,
Shot 3:684,
Shot 4:1008,819,1287,864,1278,738,963,1323,1197,1134,765,1350,1170,702,909,720,1242,1098,783,1071,1044,1080,1026,1161,1107,936,711,999,756,
Shot 5:1836,1467,1368,1557,1719,1422,1386,1440,1566,1620,1413,1521,1377,1485,1827,1863,1602,1845,1449,1854,1458,
Shot 6:2151,1881,2214,1971,2079,2169,2097,2232,2034,1953,1989,2070,2241,2106,2223,2196,2160,2133,
Shot 7:2313,2322,2268,2277,
Shot 8:2376,2349,2385,
Shot 9:2601,2466,2682,2394,2412,2538,2646,2700,2430,2637,2493,2403,2691,2673,2421,
Shot 10:3141,2853,3375,2961,2718,3249,2943,2844,3204,2898,2934,3168,2727,3276,2817,2889,2709,2772,2880,2970,3240,2925,3006,3312,3150,3060,3024,3114,
Shot 11:3384,
Shot 12:3897,3582,3933,3402,3420,3393,3447,3537,3789,3843,3618,3411,3780,3465,3915,3627,3609,3654,3438,3861,3906,3771,3663,3600,3888,
Shot 13:3951,4374,4311,4257,3987,4203,4482,4239,4302,4068,4122,4140,4419,4356,4473,4221,4437,4410,3969,4383,3942,
Shot 14:4608,4509,4527,4599,
