Shot 0:432,9,531,765,648,504,459,729,
Shot 1:801,810,
Shot 2:900,945,882,
Shot 3:1080,1008,990,1062,
Shot 4:1107,1089,1179,1188,1098,
Shot 5:1215,
Shot 6:1224,
Shot 7:1233,
Shot 8:1287,1323,1242,1368,1296,1314,1278,1305,1350,
Shot 9:1386,
Shot 10:1395,1413,
Shot 11:1512,1548,1494,1557,1539,1503,1521,
Shot 12:1575,1566,1584,
Shot 13:1818,2034,1728,1755,1890,1773,1908,2079,1593,1881,1935,1629,1719,1863,1746,2061,1899,2043,1692,1737,1710,1782,
Shot 14:2097,
Shot 15:2106,
Shot 16:2115,
Shot 17:2331,2430,2385,2412,2637,2286,2349,2124,2187,2493,2151,2502,2403,2223,2592,2394,2439,2259,2376,2142,2214,2556,2520,2358,2295,2304,
Shot 18:2727,2682,2736,2709,
Shot 19:2745,
Shot 20:2898,3168,3204,3069,2754,3150,2853,3222,3186,3087,3195,2997,2970,2934,3177,2880,2889,3213,2781,3024,2871,2916,2907,3141,
Shot 21:3231,
Shot 22:3249,3303,3240,3285,3321,3330,3312,3294,3276,3258,
Shot 23:3348,3357,3339,
Shot 24:3366,
Shot 25:3384,
Shot 26:3393,
Shot 27:3429,3492,3537,3402,3519,3465,3564,3510,3411,3546,3555,3456,3438,
Shot 28:3573,3582,
Shot 29:3591,3627,3618,
Shot 30:3636,
Shot 31:3699,3672,3645,3654,3726,3690,
Shot 32:3915,3744,3735,3753,3816,3879,3762,3843,3834,3861,3798,3897,3942,3825,3888,3870,3906,3771,3933,3852,3924,
Shot 33:3951,3960,
Shot 34:3969,
Shot 35:3978,3987,
Shot 36:4023,4005,4050,4041,4068,4014,4032,
Shot 37:4113,4293,4311,4563,4131,4401,4491,4500,4617,4347,4239,4464,4257,4518,4077,4509,4437,4194,4599,4572,4095,4149,4104,4122,
Shot 38:4635,4644,
Shot 39:4680,5094,4878,4914,4923,4986,4905,4968,4797,4941,5067,4761,4833,4815,5022,4707,4743,4734,4851,4671,4779,4662,4698,4977,4959,
Shot 40:5166,5175,5157,
Shot 41:5184,
Shot 42:5193,5202,
Shot 43:5292,5211,5319,5238,5256,5274,
Shot 44:5427,5328,5490,5409,5481,5355,5382,5454,5391,5499,5400,5418,5445,
Shot 45:5544,5562,
Shot 46:5607,5625,5706,5661,5589,5616,5733,5598,
Shot 47:5985,5751,5796,
