Shot 0:198,9,225,234,216,
Shot 1:909,432,369,396,594,738,486,576,657,450,495,378,477,567,873,621,630,675,891,585,927,405,603,666,702,441,612,792,639,387,720,783,945,747,
Shot 2:1737,1377,1665,1755,1764,
Shot 3:1800,2295,2367,2322,1926,2682,2601,2493,2250,2394,2628,2727,2763,2313,2745,2223,2358,2610,2070,2331,2484,2412,2538,2403,2133,2430,1917,2565,2268,2664,2619,2736,2421,2439,2259,2466,2754,2448,2511,2772,1782,2241,2592,2475,1791,2583,2547,1809,2529,
Shot 4:2934,2862,2817,2799,2880,2781,2835,2907,2790,2898,2808,2925,2826,2853,
Shot 5:2979,3042,3015,3006,3024,2952,2997,2970,
Shot 6:3105,3087,3096,
Shot 7:3150,3222,3168,3186,3204,3123,3132,3159,
Shot 8:3366,3276,3285,3258,3321,3303,3312,3384,3339,3294,
Shot 9:3429,3447,3393,3438,3420,3402,
Shot 10:3492,
Shot 11:3501,3510,
Shot 12:3546,3789,3744,3672,3726,3771,3528,3537,3519,
Shot 13:3852,3825,3834,3843,3816,3861,
Shot 14:3906,3924,3870,3897,3915,
Shot 15:3969,3951,3960,3978,
Shot 16:4221,4032,4023,3996,4131,4005,4059,4068,4194,4077,4140,3987,4185,4275,4239,4203,4212,4248,4230,
Shot 17:4311,4401,4347,4383,4320,4302,4356,
Shot 18:4428,4455,4437,4419,4410,4446,
Shot 19:4554,4464,4491,4545,
Shot 20:4671,4635,4599,4707,4698,4653,4680,4626,
Shot 21:4716,
Shot 22:4833,4977,4725,4770,4905,4941,4887,4734,4923,4824,4878,4842,4950,
