Shot 0:594,423,873,774,855,477,117,810,837,756,162,405,396,486,864,720,792,783,441,9,567,198,666,747,459,576,693,657,
Shot 1:891,900,882,
Shot 2:909,
Shot 3:918,927,
Shot 4:945,
Shot 5:954,
Shot 6:963,
Shot 7:972,
Shot 8:1143,1035,999,1044,990,1017,1548,1071,981,1053,1026,1089,1629,1008,1746,1656,1422,1287,1134,1206,1233,1305,1692,1098,1215,1431,
Shot 9:2043,2133,1764,2088,2070,1791,2124,1773,2061,2007,2115,1899,1989,2106,
Shot 10:2142,
Shot 11:2160,2178,2151,2169,
Shot 12:2205,2187,2223,2196,2214,
Shot 13:2232,2241,
Shot 14:2250,2286,2277,2259,
Shot 15:2295,
Shot 16:2322,2394,2304,2385,2340,2313,
Shot 17:2511,2718,2763,2736,2727,2754,2601,2412,2610,2682,2700,2592,2547,2529,2745,2628,2619,2709,2493,2646,2475,2583,2772,2457,2538,2403,2421,
Shot 18:2907,2862,2925,2817,2835,2808,2853,2898,2790,2889,2880,2844,2916,
Shot 19:2952,2970,2943,
Shot 20:2988,3015,2997,3006,2979,
Shot 21:3069,3033,3042,3024,3051,3078,3060,
Shot 22:3087,
Shot 23:3222,3240,3096,3105,3114,3123,3141,3159,3213,3231,
Shot 24:3303,3330,3366,3384,3258,3357,3348,3321,3249,3375,3276,3312,3294,
Shot 25:3582,3402,3591,3564,3501,3519,3420,3537,3411,3528,3474,3456,3429,3483,3447,3573,
Shot 26:4239,3744,3600,3618,3906,3780,3762,3951,3636,3735,3915,3969,3807,3852,3933,3987,3753,3672,3879,3789,3897,4491,3690,4437,4338,4419,3942,4221,3816,3870,3978,3609,4050,4275,3771,4293,4095,3888,4473,3708,3825,4374,4482,3996,4068,4446,3645,4014,3798,4356,4257,4077,4266,4203,3843,4176,4167,4320,4005,4032,4401,3861,3699,
