Shot 0:252,9,108,27,261,99,180,198,135,243,
Shot 1:279,297,
Shot 2:351,324,360,
Shot 3:450,423,459,
Shot 4:513,
Shot 5:846,531,765,927,891,576,864,
Shot 6:945,963,936,
Shot 7:1107,981,1179,1224,1017,1062,1008,1161,1125,1098,
Shot 8:1251,1377,1287,1314,1359,1305,1269,
Shot 9:1404,1467,1386,1458,
Shot 10:1521,1575,1476,1512,1494,1566,1548,
Shot 11:1809,1692,1620,2016,2124,1710,1836,1908,2007,1737,1953,1998,1719,1863,1818,2061,1782,1629,1665,1800,
Shot 12:2358,2151,2214,2349,
Shot 13:2385,2502,2448,2511,2430,2520,2394,
Shot 14:2538,2565,
Shot 15:2601,2583,2610,
Shot 16:2619,2682,2637,
Shot 17:2718,2736,2745,2727,2700,
Shot 18:2772,2817,2754,2790,2781,
Shot 19:3402,3456,3132,3348,2961,3168,3204,2826,3285,3177,3258,2907,2925,3339,3150,2835,2943,3123,3159,3393,3420,3141,
Shot 20:3465,3474,
Shot 21:3555,3492,3609,3483,3546,3582,
Shot 22:3798,3663,3708,3654,3672,3762,3744,3753,3735,3699,3771,
Shot 23:3933,4221,4050,3825,3843,4167,4203,4131,4113,4068,4140,4095,3996,3816,4257,4185,3897,3852,3888,4104,3834,4149,3879,4077,3978,3906,4230,4059,3942,4212,3924,
Shot 24:4293,
Shot 25:4311,4302,4320,
Shot 26:4356,4338,4347,
Shot 27:4392,4365,4374,4428,4383,4410,
Shot 28:4464,4482,4437,4473,4446,
Shot 29:4491,
Shot 30:4518,4527,4509,
Shot 31:4563,
