Shot 0:9,
Shot 1:36,72,27,54,45,
Shot 2:198,315,324,333,342,270,351,153,135,261,306,180,162,99,288,360,225,243,
Shot 3:387,468,369,513,378,477,585,450,414,522,
Shot 4:846,882,612,657,963,675,630,783,909,801,810,945,792,603,954,918,666,936,819,873,774,729,855,837,639,828,684,
Shot 5:981,999,
Shot 6:1161,1008,1782,1656,1620,1638,1701,1809,1755,1053,1719,1647,1764,1017,1629,1791,1026,1665,1341,1800,1548,1242,1530,1557,1602,1215,1071,1269,1584,1512,1089,1377,1611,1233,1179,1467,1134,1539,1116,1386,1152,
Shot 7:1818,1827,
Shot 8:1836,1881,1899,1872,1890,1854,
Shot 9:2700,2376,2457,2835,2520,2232,1962,2628,2205,2556,2475,2178,2331,2088,1917,2430,2466,2601,2565,2619,2547,2484,1971,2196,1908,2583,2754,2592,1926,2277,2646,2304,2160,2385,2412,2448,2187,2349,2493,2538,2142,2745,2439,2673,1953,1998,2250,2124,2664,2727,2682,2709,2691,
Shot 10:2853,2889,
Shot 11:2916,2898,2925,2907,
Shot 12:2943,2952,
Shot 13:2979,2988,
Shot 14:3150,3024,2997,3006,3042,3051,3240,3069,3060,3087,
Shot 15:3285,3357,3267,3339,3447,3312,3321,3330,3393,3429,3276,3303,
Shot 16:3582,3537,3501,3546,3474,3483,3600,3555,3573,
Shot 17:3645,3618,3609,3654,
Shot 18:3789,3663,3861,3834,3843,3717,3672,3708,3798,3807,3735,3816,3780,
Shot 19:3879,
Shot 20:3906,3924,3888,3915,3897,
Shot 21:3978,3933,3942,3996,3951,
