Shot 0:9,765,
Shot 1:918,900,909,
Shot 2:1152,1170,1179,1206,1188,1161,999,1143,
Shot 3:1251,1224,1242,1233,1260,
Shot 4:1422,1269,1278,1296,1449,1368,1314,1332,1404,1413,1287,
Shot 5:1458,
Shot 6:1494,1593,1557,1548,1584,1539,1566,1467,1530,1521,1512,
Shot 7:1602,
Shot 8:1647,1656,1638,1611,
Shot 9:1692,1665,1674,1683,1710,
Shot 10:1737,1719,1746,1728,
Shot 11:1782,1764,1755,1773,1809,
Shot 12:1881,1890,
Shot 13:1998,1908,2034,1944,1899,1971,1926,1935,1917,2025,1953,1980,2016,1989,2007,
Shot 14:2169,2286,2052,2043,2277,2295,2079,2061,2205,2214,2178,2160,
Shot 15:2322,2304,2313,
Shot 16:2349,2331,2340,2376,
Shot 17:2403,2394,2412,
Shot 18:2430,2457,2421,2448,2439,
Shot 19:2475,2466,2484,
Shot 20:2493,2502,
Shot 21:2511,2520,
Shot 22:2556,2529,2547,2574,2538,2565,
Shot 23:2628,2610,2592,2583,2673,2637,2619,2664,2646,2601,
Shot 24:2700,2691,2682,
Shot 25:2745,2754,2718,2736,2727,2763,2790,2772,
Shot 26:2799,2808,
Shot 27:2880,2997,2943,2826,2817,2988,2961,2952,2934,2907,2970,2835,2844,2853,2889,2925,2862,
Shot 28:3015,3042,3033,3006,
Shot 29:3141,3132,3123,3150,
Shot 30:3672,3528,3195,3483,3762,3609,3339,3519,3276,3303,3168,3330,3222,3636,3537,3213,3465,3258,3348,3555,3546,3231,3627,3177,3753,3420,3591,3618,3726,3744,3402,3429,3393,3717,3411,3384,3375,3645,
Shot 31:3771,3780,
Shot 32:3789,
Shot 33:3798,3807,
Shot 34:3834,3816,3825,
Shot 35:3843,3852,
Shot 36:3861,3870,
Shot 37:3879,3888,
Shot 38:3906,3924,3942,3897,
Shot 39:3996,3951,4104,4077,3960,4068,4059,4032,3969,4005,3987,3978,
Shot 40:4122,4185,4131,4203,4212,4149,4230,4194,4113,4176,
Shot 41:4284,4239,4257,4275,4311,4293,
Shot 42:4356,4392,4347,4374,
Shot 43:4401,
Shot 44:4536,4491,4410,4500,4437,4464,4509,4419,4482,4446,4608,4518,4455,
