Shot 0:234,9,279,171,
Shot 1:414,324,558,468,513,369,495,450,549,576,405,
Shot 2:774,684,711,639,738,603,693,747,657,729,792,
Shot 3:828,891,873,855,864,810,
Shot 4:1035,900,981,1026,1053,
Shot 5:1098,1107,1080,
Shot 6:1224,1242,1215,1206,1233,
Shot 7:1251,1260,
Shot 8:1269,
Shot 9:1314,1287,1296,1305,1278,1323,
Shot 10:1422,1332,1395,1440,
Shot 11:1449,
Shot 12:1458,1467,
Shot 13:1476,1485,
Shot 14:1521,1539,1503,1530,1512,1494,
Shot 15:1548,1575,
Shot 16:1593,1602,
Shot 17:1719,1638,1656,1611,1827,1701,1665,1647,1854,1728,
Shot 18:1935,2016,1989,1953,1998,1917,
Shot 19:2160,2034,2106,2115,2142,
Shot 20:2223,2178,2196,2187,2214,
Shot 21:2322,2376,2394,2241,2385,2286,2367,2259,2304,
Shot 22:2448,2484,2403,2412,2475,2430,2466,2439,2457,
Shot 23:2592,2493,2601,
Shot 24:2646,2610,2628,2637,2655,
Shot 25:2790,2682,2718,2772,2727,2709,2799,
Shot 26:2871,2817,2835,2808,2907,2898,2889,2826,2844,2880,2853,
Shot 27:2925,2934,2916,
Shot 28:2943,
Shot 29:2952,
Shot 30:3069,2970,3006,3051,2961,3060,
Shot 31:3078,3087,
Shot 32:3096,
Shot 33:3150,
Shot 34:3159,3168,
Shot 35:3231,3177,3204,3186,3267,3213,3258,3240,3249,3222,
Shot 36:3348,3303,3321,3330,3294,3285,3339,3366,3276,3357,3312,
Shot 37:3798,3915,3654,3897,3600,3465,3888,3870,3951,3393,3879,3906,3699,3537,3420,3555,3924,3672,3861,3780,3501,3825,3942,3591,3717,3384,3843,3438,3663,3519,3933,3447,3852,3546,3807,3816,3645,
Shot 38:3969,3960,3978,
Shot 39:3987,4005,3996,
Shot 40:4023,4014,4032,
Shot 41:4068,4095,4122,4041,4104,4059,
Shot 42:4257,4194,4230,4248,
Shot 43:4293,4365,4311,4347,4275,4302,4329,4356,4338,4320,4284,
Shot 44:4464,4383,4473,4455,
Shot 45:4500,4545,4491,4527,4563,4518,4536,4572,4509,
Shot 46:4914,4878,4869,4941,4824,4743,4671,4860,4590,4896,4716,4932,4923,
Shot 47:5373,5067,5355,5283,5193,4977,5022,5238,4950,5076,5490,5157,5319,4968,5229,5004,5256,5409,5049,5427,5346,5220,5391,5112,5292,5364,5175,4959,5454,5121,5310,5058,
Shot 48:5526,
