Shot 0:567,9,1170,882,954,1251,1080,1053,1134,720,1017,846,486,792,1161,504,594,
Shot 1:1278,
Shot 2:1287,
Shot 3:1305,
Shot 4:1314,
Shot 5:1368,
Shot 6:1377,
Shot 7:1386,1395,
Shot 8:1440,
Shot 9:1458,1566,1467,1602,1575,1449,
Shot 10:1611,1629,
Shot 11:1638,
Shot 12:1647,
Shot 13:1809,1656,1773,1665,1818,1800,
Shot 14:2250,1854,1971,2160,1827,2430,1989,2349,2484,2196,1944,2493,1863,2385,2286,2151,2007,2475,2214,2466,2457,2205,1908,1845,2241,
Shot 15:3366,3492,2808,3456,3411,3339,3393,2853,2583,3474,3348,2844,2826,3276,3312,3195,2970,2511,3294,3033,3096,3258,2682,2988,3177,3330,2772,2673,2952,3168,3429,2835,2637,3438,3123,3447,3402,2727,2997,3465,2601,3483,2520,3384,3375,3357,
Shot 16:3501,3510,
Shot 17:4032,3744,4167,4086,4230,3627,3573,4140,3780,3654,3852,3690,4104,4536,3762,3708,4446,3825,3879,3753,4266,3951,4617,4095,4077,3618,3924,4500,3681,3546,4149,3996,4113,3906,4194,4068,3807,4320,3933,3969,4014,3663,4005,3672,4050,3987,4203,3564,4212,4257,3537,4221,4248,4329,
Shot 18:4788,4716,4635,4779,4797,4626,
Shot 19:4905,4815,4941,4896,4842,4824,4932,4959,4914,4860,4923,4806,
Shot 20:4968,5049,
Shot 21:5121,5085,5112,5103,
Shot 22:5310,5247,5319,5130,5301,
Shot 23:5328,
Shot 24:5409,5337,5472,5346,5544,5526,5427,5571,5562,5553,5382,5418,
Shot 25:5760,5706,5796,5922,5652,5607,5886,5733,5832,5769,
Shot 26:6138,
