Shot 0:81,108,90,99,9,
Shot 1:639,216,261,738,288,405,549,324,576,594,657,630,342,
Shot 2:756,765,
Shot 3:774,
Shot 4:1206,837,783,882,819,972,1215,1197,
Shot 5:1350,1332,1341,1359,
Shot 6:1836,1917,1647,1521,1593,1962,1890,
Shot 7:2241,2196,2160,2205,2214,2250,2232,2223,
Shot 8:2520,2259,2952,2583,2430,3141,2412,2916,2439,2349,2421,
Shot 9:3150,
Shot 10:3402,3159,3168,3276,
Shot 11:3915,3456,4455,4509,4275,4131,3978,4104,4266,3951,4005,4356,3501,3780,4158,4149,4176,4230,3474,4302,4203,3609,4311,3447,4167,3672,4473,4284,3987,3924,3654,3798,3519,3537,3906,
Shot 12:4518,4527,
