Shot 0:9,72,
Shot 1:414,162,684,360,657,171,153,387,234,423,639,459,468,711,594,279,252,666,603,198,576,450,369,693,225,288,630,189,729,180,243,261,495,216,432,396,513,270,477,81,405,
Shot 2:864,801,900,873,774,855,747,846,927,810,972,
Shot 3:981,
Shot 4:1251,1539,1305,1017,1719,1323,1512,990,1611,1134,1548,1386,1485,1791,1728,1683,1026,1071,1080,1260,1440,1197,1413,1098,1890,1152,1287,1368,1530,1809,1467,1044,1521,1629,1188,1107,1161,1449,1935,1854,1917,1746,1314,1062,1773,1125,1035,1881,1656,1089,1296,1566,1692,1431,1926,1278,1818,1269,1620,1665,
Shot 5:1989,2160,2277,2187,2115,2250,1953,2169,2232,2106,2133,2268,2259,2124,2052,2088,2196,1962,
Shot 6:2286,2295,
Shot 7:3096,3744,3447,3789,3060,2691,3456,3384,2430,3591,3141,2484,2628,3168,2925,3321,3348,2997,3240,3258,3357,3294,2601,2700,3411,3519,3330,2961,3546,2943,2367,2448,3609,3708,3753,2457,3717,2898,3465,2727,3078,2763,3150,3438,3303,3393,2826,2592,2529,2313,3528,3429,3564,3726,2394,2673,3366,2988,2412,3771,2979,3600,3636,3312,3276,3114,2511,3573,2466,2871,3249,2583,3033,3780,2493,2781,2682,3654,2439,2637,3690,2853,2619,2610,2835,3186,
Shot 8:3798,3870,
Shot 9:3915,3924,
