Shot 0:396,666,612,657,639,585,648,675,630,594,576,63,603,684,540,9,495,45,207,423,117,279,234,405,378,513,
Shot 1:693,
Shot 2:702,
Shot 3:711,
Shot 4:2709,1530,1629,2250,3672,1692,720,1098,1512,1647,1044,1557,1278,2205,738,3132,1620,1638,1548,3645,3663,1494,2619,1134,1242,3519,3186,1467,1449,936,1305,2259,2781,3501,3078,1341,2304,1782,1593,3114,1296,1719,1062,2817,1926,1377,1269,1566,855,1989,1521,3168,801,3555,3285,2376,1485,1611,1026,3096,2745,1440,1656,1683,2457,1161,1071,2637,1116,1476,2808,1359,3411,3249,3222,1575,2286,2853,1764,2241,1953,1602,963,3546,2115,2268,2187,3564,1260,1422,1179,729,1332,1503,1224,2178,3510,2682,2484,2835,1674,819,2385,2421,2583,3060,3006,3087,3195,2871,1908,1314,756,2754,1971,1107,2439,2970,2727,1980,1170,1017,2646,2664,2907,2016,2529,1350,792,1962,2628,2565,1710,810,
Shot 5:3681,3690,
Shot 6:3699,
Shot 7:3717,3708,3726,
Shot 8:3744,
Shot 9:3753,
Shot 10:3762,3771,
Shot 11:3789,3798,3780,
Shot 12:3816,3852,3807,3834,3843,3825,
Shot 13:3861,3924,
