Shot 0:54,9,18,72,27,36,63,45,
Shot 1:81,90,99,
Shot 2:216,108,369,306,351,153,279,117,
Shot 3:414,378,513,486,387,468,504,396,450,432,
Shot 4:531,612,522,
Shot 5:648,
Shot 6:765,810,657,846,819,801,666,828,684,747,675,774,
Shot 7:3645,2592,1242,909,5247,4644,2655,1944,2664,864,945,4761,5040,2601,4347,1080,1332,3906,954,2646,2574,1611,4095,2988,1269,927,2304,1719,2124,3762,4626,1584,2403,4284,4464,3834,2628,3420,4608,3726,1629,3951,1935,1314,2673,4383,1449,3861,5139,4149,3933,963,3015,1602,1395,3888,4806,4320,1665,3240,855,1953,2187,4257,5229,1737,3654,5238,
Shot 8:5283,5454,5427,5445,5418,5265,5436,5274,5292,
Shot 9:5742,5517,5643,
Shot 10:5913,5751,6003,5994,5841,5895,5931,5814,
Shot 11:6057,6111,6021,6084,6030,6102,6039,6066,6048,6075,
Shot 12:6120,6138,
Shot 13:6345,6282,6246,6318,6336,6363,
Shot 14:6417,6453,6444,6372,
Shot 15:6516,
