Shot 0:351,9,792,639,918,1044,531,36,720,
Shot 1:1350,1521,1215,1062,1512,1251,1098,
Shot 2:1683,
Shot 3:1728,1701,2781,3033,2826,2187,2583,2763,1710,
Shot 4:3420,3438,
Shot 5:4689,5319,3699,5220,3447,3591,4761,3528,3726,5085,3663,
Shot 6:5346,7362,
Shot 7:7794,7371,7380,7389,7569,7650,
Shot 8:9036,9171,8919,8091,8262,9270,8451,9135,9189,8883,8766,
Shot 9:10188,10341,9423,10161,9675,9441,9657,10332,10152,9666,9450,
Shot 10:10845,10575,10854,
Shot 11:11160,10872,10935,11574,11511,11061,11439,11619,11268,11547,11097,10980,
Shot 12:12708,
Shot 13:12933,12942,
Shot 14:13077,12951,14355,12960,14427,13149,14310,13230,13068,13095,
