Shot 0:27,
Shot 1:297,36,63,90,441,108,81,360,72,189,306,54,270,45,99,423,342,279,252,333,378,225,117,414,315,126,288,
Shot 2:450,
Shot 3:567,1170,693,513,630,468,1206,1053,684,639,477,666,729,540,657,612,702,1179,1143,621,522,495,1080,603,648,945,675,558,1062,549,486,585,576,531,1017,
Shot 4:1359,1224,1215,1449,1395,1269,1233,1350,1386,1476,1368,1413,
Shot 5:2124,1521,2232,2007,2367,1989,1872,2259,1539,1962,2034,1746,2322,1557,1944,2223,1575,2115,1584,1530,2061,1998,1566,1620,2016,1971,2340,1602,1548,2025,1899,1935,1818,2268,1629,2043,2349,2304,2178,2070,2313,2169,2133,2358,
Shot 6:2376,
Shot 7:2457,2601,2592,2493,2502,2385,2574,2412,2439,2475,2466,
Shot 8:2898,2628,2682,2655,2610,3033,2691,2727,2700,2637,2709,2673,2970,2934,2718,2619,3006,2736,2880,2835,3042,2889,2943,2916,2664,2862,2907,2988,2925,
Shot 9:3060,
Shot 10:3159,3078,3123,3150,3096,3132,3087,3168,3195,3186,3114,3177,
Shot 11:4050,3771,3294,3240,3825,3213,3258,3699,3276,3222,3789,3960,4131,3231,3663,3249,3339,3834,3843,3762,3816,3978,3897,3267,3303,3582,3996,4122,3780,3312,3672,4005,3969,3285,3753,4014,4077,3627,4059,3879,
Shot 12:4680,4869,5103,4608,4842,4149,5049,4356,4995,4140,4986,4554,4194,4491,4635,4167,4977,4590,4788,4644,4185,4176,4626,4203,5085,4239,4878,4158,4743,5022,5076,4950,4698,4212,4230,4617,4563,4428,4545,4653,4671,5004,4707,4599,5067,4959,5031,4734,
Shot 13:5184,5112,5193,5121,
Shot 14:5202,5211,
Shot 15:5220,5229,
