Shot 0:4527,3654,3429,4122,171,5787,828,3267,522,27,3852,3600,5769,4986,3663,837,3672,3906,4698,567,3393,585,4716,3285,207,3501,5652,3897,5805,54,3384,4707,3249,2052,3492,5013,3510,3699,90,288,5751,4995,4455,45,648,3744,9,3969,540,243,3681,846,4977,3366,3312,3465,4635,3636,486,5373,558,3888,126,3618,4959,4689,3537,72,3276,1089,4725,3411,180,3798,3645,5085,3717,774,4680,4428,3924,3690,3870,4473,819,162,3519,225,36,504,18,5022,3726,3762,198,4482,4770,4500,
Shot 1:5814,
Shot 2:5823,5832,
Shot 3:5841,5850,
Shot 4:5859,
Shot 5:5868,
Shot 6:5877,5886,
Shot 7:5904,5949,5931,5895,5958,5940,5967,5913,
Shot 8:5976,5985,
Shot 9:5994,6003,
Shot 10:6012,
Shot 11:6021,6030,
Shot 12:6039,6048,
Shot 13:6057,6066,
Shot 14:6075,6084,
Shot 15:6093,
Shot 16:6102,
Shot 17:6111,6120,
Shot 18:6129,6138,
Shot 19:6147,6156,
Shot 20:6174,6165,6183,
Shot 21:6219,6228,6201,6210,
Shot 22:6237,6246,
Shot 23:6255,
Shot 24:6264,6273,
Shot 25:6282,
Shot 26:6291,
Shot 27:6300,
Shot 28:6327,6309,6318,6336,
Shot 29:6345,
Shot 30:6381,6354,6390,6363,
Shot 31:6408,6399,6417,
Shot 32:6426,
Shot 33:6462,6471,6444,6435,6453,
Shot 34:6921,6597,6480,6543,6786,6714,6831,6534,6642,6858,6723,6606,6516,6615,6570,6741,6768,6876,6849,6525,6552,6498,6894,6489,6624,6588,6669,7047,6912,6939,
