Shot 0:81,144,171,153,9,135,45,162,180,117,90,
Shot 1:450,189,711,270,225,207,333,306,243,297,288,558,261,702,198,234,621,720,405,279,360,612,468,531,
Shot 2:819,855,882,927,783,936,864,909,765,918,
Shot 3:972,981,945,954,
Shot 4:1206,1404,1062,1125,1386,1359,1413,990,1089,1116,1017,1395,1422,999,1134,1071,1296,1035,1377,1170,1053,1008,1098,1341,1188,1269,1251,1233,1305,1332,1215,
Shot 5:1458,1476,1431,1440,1449,
Shot 6:1485,1494,
Shot 7:1530,1503,1521,
Shot 8:1548,
Shot 9:1593,1611,1557,1602,1575,1584,1566,
Shot 10:1620,1629,
