Shot 0:135,171,9,162,153,108,
Shot 1:387,270,414,
Shot 2:459,423,468,
Shot 3:585,
Shot 4:648,630,711,639,
Shot 5:738,747,
Shot 6:927,783,936,855,
Shot 7:954,945,963,
Shot 8:1152,981,999,1287,1080,1008,1314,1035,990,972,1296,1125,1233,1017,1044,1278,1134,1260,1170,
Shot 9:1323,
Shot 10:1863,1971,1548,1944,1494,1746,1404,1692,1521,1368,1899,1926,1764,1782,1386,1935,1431,1917,1953,1512,1467,1674,1881,1530,1836,1503,1773,1755,1908,1827,1872,1800,1962,1890,1683,
Shot 11:2061,1998,2088,2079,2052,
Shot 12:2169,2097,2187,2142,2151,2178,
Shot 13:2358,2295,2250,2286,2268,2376,2349,
Shot 14:2502,2394,2484,
