Shot 0:72,135,36,9,117,18,99,27,45,63,90,
Shot 1:900,153,207,1233,189,270,657,990,513,225,1170,684,423,729,756,252,1044,639,504,666,378,1242,1215,315,1008,711,612,783,630,954,342,531,432,
Shot 2:1251,
Shot 3:1260,1269,1287,1278,
Shot 4:1512,1683,1314,1620,1296,1638,1377,1350,1467,1656,1494,1395,1575,1440,1404,1368,1476,1332,1557,1305,1530,1323,
Shot 5:1692,1701,
Shot 6:1710,
Shot 7:1737,1764,1719,1773,1755,1746,1728,
Shot 8:1800,1845,1827,1809,1818,1782,1791,
Shot 9:1854,1872,
Shot 10:1899,1980,1989,1926,1962,1881,1917,1935,1908,1890,
Shot 11:2016,2034,2025,2007,1998,
Shot 12:2052,2079,2070,2061,2043,2088,
Shot 13:2745,2232,2124,2448,2349,2466,3123,2628,2547,2709,2898,2619,2475,2151,3060,3033,2439,3087,2565,3114,2880,2385,2421,2592,2637,2277,2934,2169,2511,2241,2997,2493,2808,2970,2673,2376,2961,2187,2142,2772,2916,2268,2160,2754,2736,2862,
Shot 14:3132,
Shot 15:3141,
Shot 16:3186,3222,3150,3231,3159,3168,3213,3177,3195,
Shot 17:3240,
Shot 18:3249,3258,
Shot 19:3357,3267,3285,3330,3339,3375,3294,3366,3321,3276,3348,
Shot 20:3519,3420,3465,3456,3474,3564,3438,3501,3384,3573,3537,
Shot 21:4032,3672,3996,3582,4122,3807,4086,3654,3699,3852,3825,3888,3969,4113,3600,3771,3690,3726,3591,4041,4023,4131,
Shot 22:4518,4221,4275,4491,4338,4464,4158,4311,4500,4257,4239,4194,4473,4365,4545,4509,4185,4527,
Shot 23:4572,4563,4581,
Shot 24:4878,5004,4995,4824,4590,4608,4680,4959,4725,4770,4851,4914,4986,4626,4833,4869,4968,4815,4887,
Shot 25:5013,
Shot 26:5112,5058,5085,5049,5184,5067,5094,5220,5040,
Shot 27:5832,5238,5697,5508,5553,5589,5301,5418,5346,5616,5742,5850,5247,5823,
Shot 28:5913,5877,5886,5868,5940,6030,5904,
Shot 29:6093,6039,6048,6066,6057,6129,6075,6111,6084,6102,
Shot 30:6138,
Shot 31:6147,
Shot 32:6327,6174,6192,6156,6408,6228,6183,6390,6165,6273,
Shot 33:7191,6435,7524,6534,7155,6687,6903,6993,7677,7452,7020,7470,7497,7425,7245,7434,7353,6984,7227,7632,6561,7146,7443,6750,7461,7596,7479,7704,6489,6714,7515,6957,7002,7488,6732,6885,7218,6696,7065,7173,6912,7209,
Shot 34:7731,7740,7722,
Shot 35:7758,
