Shot 0:27,72,45,9,18,
Shot 1:117,99,81,108,90,126,
Shot 2:162,171,144,135,180,153,
Shot 3:189,216,207,198,
Shot 4:225,234,
Shot 5:297,252,270,261,306,288,
Shot 6:387,360,342,414,396,405,378,
Shot 7:441,450,432,
Shot 8:459,468,
Shot 9:486,
Shot 10:495,
Shot 11:504,513,
Shot 12:522,
Shot 13:1062,810,648,549,558,837,1395,576,585,720,567,702,1251,711,828,675,756,1260,1233,612,747,846,729,792,666,1368,531,819,927,738,639,882,594,684,891,990,954,1089,1071,981,1026,801,972,900,540,
Shot 14:1863,1467,2736,1980,2061,2565,1674,2637,1701,1620,1440,1521,2439,1962,1908,1512,1449,2025,2007,1431,1485,2367,1476,2394,2682,2412,1998,2547,
Shot 15:2745,
Shot 16:2754,2763,
Shot 17:2772,
Shot 18:2781,
Shot 19:2790,
Shot 20:2799,
Shot 21:2808,
Shot 22:2925,3015,2979,3024,2952,3042,2997,3114,2961,3060,3006,2817,2943,2889,2907,2916,
