Shot 0:414,9,171,36,198,126,162,234,
Shot 1:594,477,567,585,648,
Shot 2:783,720,756,
Shot 3:873,981,945,927,954,837,
Shot 4:1062,990,999,1008,1017,1197,1170,1035,
Shot 5:1215,1224,
Shot 6:1296,1269,1287,1314,1332,1278,
Shot 7:1431,1386,1404,1350,1440,
Shot 8:1512,1530,1467,1458,1494,1521,1476,1503,
Shot 9:1674,1575,1557,1782,1809,1746,1593,1548,1836,1611,1737,
Shot 10:1881,1872,1953,2016,1998,1917,1971,1890,1899,
Shot 11:2043,2025,2034,2052,
Shot 12:2133,2079,2097,2187,2106,2142,2115,2124,
Shot 13:2268,2313,2196,2214,2286,2277,2304,2232,2223,2250,
Shot 14:2385,2322,2376,2394,2349,
Shot 15:2412,2493,2430,2403,
Shot 16:2502,2520,
Shot 17:2556,2610,2565,2538,2601,2583,
Shot 18:2619,2628,
Shot 19:2637,
Shot 20:2646,
Shot 21:2691,3186,2655,2799,3132,2898,3087,3222,2664,2871,2754,2772,3042,3123,2673,2718,
Shot 22:3366,3510,
Shot 23:3546,3519,3573,3528,3537,3564,
Shot 24:3591,3681,3690,3717,3699,3645,3708,3672,3618,3600,3582,3654,
Shot 25:3771,3798,3807,3726,
Shot 26:3816,3933,3825,
Shot 27:3942,
Shot 28:3951,3969,
Shot 29:3978,3996,
Shot 30:4140,4005,4023,4185,4104,4176,4086,4041,4014,4068,
Shot 31:4212,
Shot 32:4221,4239,
Shot 33:4257,
Shot 34:4266,
Shot 35:4356,4518,4482,4437,4275,4428,4320,4509,4401,4527,4293,4338,
Shot 36:4671,4878,4590,4545,5004,4896,4860,5103,4824,4905,4572,4968,4536,4563,4887,4932,4797,4833,4995,4653,4617,4779,4635,5067,4689,4950,4662,4599,4725,5121,5022,
Shot 37:5148,5184,5139,5202,5175,5193,5157,5166,
Shot 38:5229,5211,5247,5220,
Shot 39:5337,5283,5292,5301,5310,5265,
Shot 40:5364,5382,
Shot 41:5400,5409,
Shot 42:5454,5526,5517,5499,
Shot 43:5544,5562,5553,5571,5535,
Shot 44:5625,5589,5580,5652,5670,5643,5607,5616,5634,
Shot 45:5697,6282,5868,6417,5679,5814,
