Shot 0:369,108,153,198,99,9,171,135,387,252,207,225,162,180,261,90,189,243,27,297,342,18,
Shot 1:432,405,396,414,423,
Shot 2:450,
Shot 3:549,459,738,468,504,477,576,720,612,
Shot 4:819,783,774,801,792,765,828,
Shot 5:837,846,
Shot 6:873,999,900,1062,1035,1071,927,1089,855,1017,936,882,1044,1026,954,909,972,981,864,
Shot 7:1134,1107,1098,1125,
Shot 8:1215,1197,1269,1179,1251,1206,
Shot 9:1278,
Shot 10:1296,1287,1305,
Shot 11:1314,
Shot 12:1323,
Shot 13:1629,1728,1386,1602,1332,1521,1557,1620,1422,1359,1377,1467,1404,1575,1440,1674,1341,1593,1638,
Shot 14:1737,1746,
Shot 15:1755,
Shot 16:1782,1791,1764,1773,1809,
Shot 17:1827,
Shot 18:1890,1836,1944,1854,1845,1917,1872,1899,
Shot 19:1962,1971,1953,
Shot 20:2097,2025,1980,1998,2034,2079,2106,
Shot 21:2133,2124,2142,
Shot 22:2520,2223,2628,2394,2241,2493,2160,2151,2232,2403,2421,2466,2538,2169,2376,2511,2286,2178,2385,2268,2196,2610,2475,2367,2583,2619,2502,
Shot 23:2646,2664,
Shot 24:2673,2709,2844,2727,2799,2781,2862,2718,2835,2682,2736,
