Shot 0:18,
Shot 1:144,45,180,162,
Shot 2:234,207,288,441,243,
Shot 3:954,486,783,1233,1179,1197,1125,1071,1152,1080,909,639,1161,1107,972,945,
Shot 4:1242,1314,
Shot 5:1341,1350,
Shot 6:1359,1395,1368,
Shot 7:1728,1836,
Shot 8:1944,2025,
Shot 9:2097,
Shot 10:2331,2358,2241,2367,2349,
Shot 11:2529,2538,2430,2457,2475,2385,2403,2394,2466,2493,2511,2574,2412,2484,2520,2376,2502,
Shot 12:2583,
Shot 13:2655,2790,2898,2907,3060,2700,2916,2799,2736,2934,2808,3006,2691,2619,2871,2709,2943,2682,2925,2952,2826,2880,2979,2889,2718,2673,2646,2664,
Shot 14:3069,
Shot 15:3132,3087,3078,
Shot 16:3924,4608,3366,4383,3231,4599,3213,4230,3798,4176,3375,4500,3159,4401,3150,4347,4059,3663,3618,4194,3438,3762,3717,4185,3744,3186,3933,3222,4410,3564,4329,3726,3168,4122,4491,3771,3951,4095,4212,4419,4446,3177,3906,3636,3699,3195,4005,4482,4311,4554,3447,3870,3204,3600,3582,4023,4536,3879,3591,3321,3978,3843,
Shot 17:4635,4653,
Shot 18:4698,
Shot 19:4941,4878,4950,4806,4905,
Shot 20:4959,
Shot 21:5283,5364,5130,5157,5391,5625,5067,5247,5193,5337,5049,5211,5031,5184,5553,5715,5265,5274,5301,5346,5310,
Shot 22:5814,5949,5877,
Shot 23:6030,6003,5994,6021,
Shot 24:6318,6120,6075,6498,6615,6381,6363,6129,6273,6453,6444,6192,6345,6228,6057,6156,6561,6624,6201,6093,6183,6048,6534,6282,6435,6291,
Shot 25:6660,6642,6741,6669,6732,6633,6651,6696,
Shot 26:6750,
Shot 27:6759,
Shot 28:6768,6777,
Shot 29:6840,6786,6813,6831,
Shot 30:7254,7092,7281,6948,6975,6912,6876,7155,7038,6921,7218,7137,6849,7191,7299,7236,7065,7110,7227,6858,6867,6894,6903,7173,6885,7128,6993,7200,7047,7164,7209,7074,7119,7290,7002,7308,6966,6984,7245,7263,
Shot 31:7344,7371,
Shot 32:7542,7488,7443,
Shot 33:7605,7650,7704,
Shot 34:8037,8001,7929,7848,8019,7866,7740,7821,7812,8028,7803,8046,
Shot 35:8055,
Shot 36:8064,8127,8118,
Shot 37:8154,8136,8145,
Shot 38:8163,
Shot 39:8172,
Shot 40:8217,8226,8208,
Shot 41:8325,8460,8280,8352,8487,8307,8442,8298,8289,8271,8433,8451,8235,8343,8316,8424,8262,
Shot 42:8532,8541,
Shot 43:8712,8559,8550,8748,8595,
