Shot 0:36,9,27,
Shot 1:45,54,63,
Shot 2:90,108,72,81,
Shot 3:162,117,135,126,144,153,
Shot 4:342,720,495,783,504,666,738,432,621,549,801,180,612,693,279,459,684,297,639,531,648,387,792,315,594,477,630,657,513,702,360,567,171,
Shot 5:873,945,819,846,927,909,828,855,837,810,891,936,864,954,882,
Shot 6:981,1008,963,
Shot 7:1152,1278,1242,1287,1269,1053,1215,1260,1251,1116,1170,1134,1197,1161,1188,
Shot 8:1296,
Shot 9:1305,1314,
Shot 10:1737,1368,1404,1809,1764,1863,1755,1611,1350,1323,1647,1728,1629,1719,1746,1458,1377,1332,
Shot 11:1872,2754,
Shot 12:2763,2772,
Shot 13:3312,3087,3843,2817,3366,2790,3006,3789,3510,3618,2826,3465,2835,3483,3402,2808,3357,3438,2781,3348,3546,3267,3537,3501,3663,3339,2844,3726,3393,3321,3303,
Shot 14:3852,
Shot 15:3861,
Shot 16:3870,3879,
Shot 17:4113,3897,3960,4059,3888,3951,4131,4005,4122,4104,
Shot 18:4158,4257,4221,4140,4167,4149,
Shot 19:4581,5211,5067,4950,4437,4734,4878,4329,4788,5103,4536,4968,4635,5202,
Shot 20:5625,5337,5238,5292,5562,5220,5265,5310,5598,5382,5229,5319,5580,5301,5400,5283,5652,5616,5643,5328,
Shot 21:5661,
Shot 22:5859,5670,5679,5688,5823,5697,5841,5715,5850,5706,
Shot 23:6426,5913,5895,6201,5922,5904,6111,5940,6444,6408,
Shot 24:6507,
Shot 25:6561,6606,6624,6588,6552,
Shot 26:6633,6642,
Shot 27:6786,6876,6939,6732,6894,6867,6903,6759,6885,6750,6768,6849,6858,6723,6777,6831,6930,6804,6795,
Shot 28:6957,
Shot 29:6966,
Shot 30:6975,
Shot 31:7056,6984,7002,7092,7020,6993,7011,7074,7029,7038,7047,
Shot 32:7146,7110,7128,7191,7182,7164,7137,7155,
Shot 33:7200,
Shot 34:7326,
Shot 35:7371,7614,7335,7434,7596,7488,7560,7344,7416,7353,7362,
Shot 36:7641,7632,7803,7668,7839,7623,7785,7794,7866,7776,7821,7767,7857,7659,7677,7758,7686,7650,
Shot 37:7938,7902,7884,7893,7911,8136,7956,7947,7920,7929,
Shot 38:8199,
Shot 39:8262,
Shot 40:8496,
Shot 41:8595,
Shot 42:8757,
Shot 43:9324,9108,9099,9351,8865,9126,9090,9162,9081,9153,9207,9135,9342,9252,9117,9225,9144,9072,
Shot 44:9378,9360,9369,9396,9387,
Shot 45:10125,9495,9738,9702,9720,10152,
Shot 46:10629,10485,10440,10260,10611,10656,10458,
Shot 47:10917,
Shot 48:11079,10962,11124,11115,11097,11088,
Shot 49:11133,11142,
Shot 50:11160,11169,11151,
Shot 51:11196,11178,11241,11187,11223,11205,
Shot 52:11313,11259,11268,11277,11286,11304,
Shot 53:11853,11322,11349,11871,11367,11943,11340,11448,11403,11484,11520,11790,11826,11862,11817,11781,
Shot 54:11961,
