Shot 0:9,
Shot 1:378,360,180,522,342,513,369,387,
Shot 2:612,531,567,657,549,540,630,585,603,
Shot 3:666,
Shot 4:684,720,675,
Shot 5:729,873,828,819,837,792,738,846,
Shot 6:1134,936,954,945,963,1098,1161,981,1071,1035,1116,
Shot 7:1386,1431,1206,1422,1287,1413,1323,1215,1350,
Shot 8:1440,1449,
Shot 9:1458,1485,1494,1476,1467,
Shot 10:1503,
Shot 11:1512,
Shot 12:1539,
Shot 13:1548,
Shot 14:1611,1557,1566,1584,
Shot 15:1881,1971,2016,1701,1998,1791,1899,1908,1728,1773,1980,1863,1746,1755,1782,1917,
Shot 16:2034,2205,2151,2052,2124,2025,
Shot 17:2223,2232,2214,
Shot 18:2241,2250,
Shot 19:2259,2277,
Shot 20:3447,2655,3159,3078,2448,3051,2538,3690,2403,2808,2889,2295,2988,3357,3465,3501,2358,3132,2385,3456,3042,3015,3546,3348,3330,3420,2763,2484,3429,3492,2439,2313,3141,3402,3375,2907,3474,2529,2682,3438,2322,
Shot 21:3825,3843,
Shot 22:3879,4392,4068,4437,4230,4419,4311,3933,3870,4158,4428,4275,4446,4266,4365,4140,
Shot 23:4734,4491,4626,4725,4743,
Shot 24:4959,5076,4779,5013,
Shot 25:5103,5121,5094,
Shot 26:5130,5139,
Shot 27:5391,5148,5175,5220,5373,5598,5526,5562,5193,
Shot 28:5814,5706,5625,5760,5913,5652,5850,5778,
Shot 29:6075,6129,6048,
Shot 30:6183,6138,6192,
Shot 31:6237,6372,6255,6327,6273,6264,6219,6246,
Shot 32:6381,6453,6579,6561,6588,6390,
Shot 33:6768,6606,6741,6723,6750,
Shot 34:6786,6795,
Shot 35:6804,6876,
Shot 36:7362,6903,7137,6894,6948,7416,7020,7119,6912,7227,7524,7146,7452,7299,6930,7344,7191,7380,
Shot 37:7596,7767,7821,7560,
Shot 38:7830,
Shot 39:7848,7866,7839,
Shot 40:8010,7875,7884,7893,7902,8145,7974,
Shot 41:8154,
Shot 42:8163,
Shot 43:8244,
Shot 44:8334,8505,8685,8784,8460,8487,8442,8703,8586,8397,8712,8640,8631,8496,8289,8478,8451,8514,8307,8325,
Shot 45:8802,8829,8811,
Shot 46:8883,
Shot 47:8892,
Shot 48:8910,8919,8901,
Shot 49:9270,9378,8982,9486,9306,9036,9504,9153,9315,9180,8946,9000,9018,8928,9342,9324,9279,9477,8937,9333,9261,9081,9144,
Shot 50:9549,9693,9522,9513,9585,9639,9684,9540,9558,
Shot 51:9900,9810,9990,9720,9999,9981,9954,9783,9882,9729,9918,
Shot 52:10161,10314,10179,10008,10080,10278,10170,
Shot 53:10350,10323,10359,
Shot 54:10485,10440,10368,10539,10566,10386,
Shot 55:10818,10665,10683,10872,10611,10809,10827,10584,
Shot 56:10881,10908,
Shot 57:10962,10971,
Shot 58:11052,10980,11034,11061,
Shot 59:11070,
Shot 60:11133,11115,11106,11088,11151,
Shot 61:11313,11169,11187,11394,11223,11403,11412,11250,11340,11286,
Shot 62:11439,11493,
Shot 63:11556,
Shot 64:11574,11583,
Shot 65:11610,11781,11682,11691,11745,11763,11592,11700,11601,11628,
Shot 66:11808,11790,11880,11799,11835,11907,
Shot 67:11934,11970,11997,11925,12015,11979,11943,
Shot 68:12033,12042,
Shot 69:12087,12123,12105,12069,
Shot 70:12267,12249,12204,12258,12186,12222,12213,12285,12231,12276,12240,12195,
Shot 71:12366,12600,12591,12582,12294,12411,12510,12609,12393,12303,12555,12312,12474,12384,12348,12357,
Shot 72:12672,12618,12681,12654,12636,
Shot 73:13077,13032,13122,13095,13059,
Shot 74:13257,13194,13527,13455,13230,13446,13356,13536,13383,13374,13185,13365,13428,13221,13203,13293,
Shot 75:13545,13554,
Shot 76:13626,
Shot 77:13635,
Shot 78:13653,13662,13644,
Shot 79:14013,14049,13824,13968,13941,14058,14121,13770,13734,14085,14229,13671,13752,13689,14247,13806,14067,13788,14076,14022,13725,13680,14004,
Shot 80:14382,14301,14256,14265,14427,14283,14436,14328,14292,
Shot 81:14472,14517,14463,14481,
Shot 82:14643,14562,14724,14697,14625,14661,
Shot 83:14733,14742,
Shot 84:14904,14823,14751,14913,
Shot 85:14958,15021,14931,15012,
Shot 86:15057,15066,
Shot 87:15093,15102,
Shot 88:15228,15183,15111,15282,15129,
Shot 89:15354,15435,15525,15462,15426,15408,15606,15561,15570,15327,
Shot 90:15624,15651,
Shot 91:15705,15714,
Shot 92:15795,15723,15786,15804,
Shot 93:15894,15822,15849,15876,
Shot 94:16056,15912,15939,15921,16146,16137,15993,15966,15948,16083,16029,
Shot 95:16155,16236,16281,16191,
Shot 96:16299,
Shot 97:16317,16326,
Shot 98:16353,16425,16434,16335,16443,16344,16380,
Shot 99:16623,16533,16713,16497,16668,16722,16542,16758,16695,16578,16650,16551,16740,16677,16515,
Shot 100:16776,16785,
Shot 101:16830,16866,16848,16803,
Shot 102:17010,17001,16992,16947,16929,16974,16956,17019,16938,16983,
Shot 103:17109,17154,17064,17226,17145,17289,17136,17127,17253,17028,
Shot 104:17343,17334,17325,17352,
Shot 105:17379,17433,17361,17451,17370,17397,17415,
