Shot 0:9,
Shot 1:216,108,72,225,
Shot 2:252,
Shot 3:531,
Shot 4:585,540,666,
Shot 5:720,675,684,738,693,729,
Shot 6:963,747,819,864,873,837,855,774,900,846,882,909,927,981,891,801,
Shot 7:1035,1053,1161,1071,1098,1008,1107,1152,1143,1026,999,1017,1044,
Shot 8:1170,
Shot 9:1260,1467,1296,1251,
Shot 10:1476,
Shot 11:1602,
Shot 12:2232,1881,2196,1926,1944,1710,2394,2043,2322,1737,1917,1611,1701,2133,1773,2349,1890,1755,1854,1791,1863,1728,1935,1746,1638,2358,1962,1620,1665,2430,2313,
Shot 13:2502,2583,2601,2538,
Shot 14:2709,2619,2610,2637,2673,
Shot 15:3024,2979,3150,2880,2961,2907,3249,3276,3051,2997,
Shot 16:3321,
Shot 17:3330,
Shot 18:3339,3411,
Shot 19:3483,
Shot 20:3510,
Shot 21:3564,3789,3699,3519,3537,3753,3582,3618,3735,3744,3609,3717,3681,3780,
Shot 22:4050,3834,3960,4239,3798,3897,3807,3969,4230,
