Shot 0:27,9,45,
Shot 1:63,72,
Shot 2:144,162,90,
Shot 3:297,324,261,
Shot 4:432,459,450,387,405,369,468,414,351,396,
Shot 5:486,531,477,540,
Shot 6:558,549,567,
Shot 7:576,594,585,
Shot 8:621,648,603,630,612,
Shot 9:720,783,765,774,675,693,702,747,
Shot 10:828,792,810,837,846,819,801,
Shot 11:1008,1071,855,927,1044,882,891,954,1062,873,1035,1053,900,864,990,
Shot 12:1080,1089,
Shot 13:1098,1107,
Shot 14:1134,1116,1224,1206,1143,1125,
Shot 15:1314,1242,1269,1386,1287,1368,1332,1251,1377,1323,1350,1305,
Shot 16:1395,
Shot 17:1404,1413,
Shot 18:1422,1431,
Shot 19:1530,1467,1440,1458,1539,1557,1476,1449,
Shot 20:1818,1692,1638,1863,1710,1611,1593,1701,1575,1674,1773,1845,1602,1647,1854,1836,1719,
Shot 21:1998,2259,1899,1953,1908,1962,2124,2214,2079,1917,2241,1926,1935,1980,2169,2286,2151,1971,1881,1944,2115,2223,2178,2034,2277,1989,
Shot 22:2322,2331,2313,
Shot 23:2340,
Shot 24:2349,2358,
Shot 25:2367,
Shot 26:2376,
Shot 27:2385,2394,
Shot 28:2403,
Shot 29:2565,2673,2412,2700,2646,2493,2664,2448,2628,2520,2709,2682,2691,2421,2466,2484,2610,2619,2556,2439,2502,2430,2655,2511,2601,2583,2637,2574,2547,
Shot 30:2853,2772,2727,2808,2718,2763,2799,2745,2736,2781,2826,2835,2862,2817,
Shot 31:2889,2898,
Shot 32:2943,2925,2934,
Shot 33:2961,2970,2952,
Shot 34:3294,2997,3222,3132,3060,3033,3051,3195,3042,3024,3123,3168,3204,3159,2979,3087,3186,3357,3015,3330,3312,3177,3231,3303,3141,3267,3078,3150,3321,3258,3348,3276,3096,
Shot 35:3375,3402,3393,3366,3384,
Shot 36:3519,3465,3681,3564,3429,3627,3672,3411,3573,3492,3690,3510,3438,3447,3537,3420,3591,3474,3555,3501,3546,3528,
Shot 37:3708,3717,3699,
Shot 38:3798,3933,3960,3870,3906,3888,3753,3879,3852,3825,3897,3735,3924,3861,3807,3789,3834,
Shot 39:3987,4023,4032,4014,3969,4005,3996,3978,
Shot 40:4059,4077,4185,4122,4149,4167,4095,4131,4176,4068,4158,4086,4041,4050,
Shot 41:4302,4239,4194,4338,4347,4329,4275,4230,4248,4356,4293,4311,4284,4203,4320,
Shot 42:4419,4374,4455,4401,4428,4392,4437,4410,4446,
Shot 43:4464,4473,
Shot 44:4536,4500,4563,
