Shot 0:9,
Shot 1:108,459,432,360,306,414,405,450,207,423,333,441,288,261,198,216,117,
Shot 2:495,567,630,558,468,522,549,531,486,513,504,
Shot 3:657,
Shot 4:666,
Shot 5:909,990,873,819,837,954,801,891,945,855,918,828,882,900,846,
Shot 6:1008,1071,1161,1035,1044,1125,1143,1080,1134,999,1026,1017,
Shot 7:1170,
Shot 8:1179,
Shot 9:1224,1332,1440,1206,1278,1521,1395,1296,1494,1368,1413,1242,1260,1323,1197,1467,1359,1530,1287,1377,1305,1269,1233,1341,1215,1350,
Shot 10:1548,
Shot 11:1557,1719,1737,1809,1602,1584,1701,1575,
Shot 12:1827,
Shot 13:1836,2043,2034,
