Shot 0:9,
Shot 1:774,3474,3411,3303,63,3402,3618,90,234,36,558,3519,315,3528,3420,3240,846,585,522,3438,27,3366,252,144,657,3636,189,1854,108,3312,72,855,3555,2403,621,504,576,540,207,54,3537,882,738,171,675,198,
Shot 2:3672,
Shot 3:5121,4698,5832,3699,3897,5796,3924,5004,4140,5805,4716,4734,3690,3744,5769,3915,3681,4995,4482,4986,5823,4005,4383,5598,4284,3708,4689,3933,4491,5013,4743,3870,5724,4626,4473,5022,4545,3735,5670,3816,4707,4725,3717,4446,3780,3951,5031,5058,4788,3753,3888,4509,
Shot 4:5850,5859,5841,
Shot 5:5868,
Shot 6:5877,5886,
Shot 7:5895,
Shot 8:5922,5985,5913,5976,5904,5949,5967,5958,5931,
Shot 9:5994,6003,
Shot 10:6012,6021,
Shot 11:6030,
Shot 12:6039,
Shot 13:6048,
Shot 14:6057,
Shot 15:6075,6066,6084,
Shot 16:6093,6102,
Shot 17:6111,6120,
Shot 18:6129,6138,
Shot 19:6147,6156,
Shot 20:6174,6183,6165,
Shot 21:6210,6219,6192,
Shot 22:6246,6255,6228,6264,6237,
Shot 23:6273,
Shot 24:6282,
Shot 25:6291,6300,
Shot 26:6309,
Shot 27:6318,
Shot 28:6345,6327,6354,6336,
Shot 29:6363,6372,
Shot 30:6381,6417,6408,6399,6390,
Shot 31:6435,6453,6426,6444,
Shot 32:6462,6471,
Shot 33:6525,6597,6570,6588,6489,6552,6498,6561,6543,6606,6507,6516,6534,
Shot 34:6939,6651,6624,6804,6858,6732,6750,6633,6615,6822,6894,6876,6741,6642,6786,6867,6912,7065,6930,6957,
