Shot 0:81,126,72,
Shot 1:153,135,198,144,
Shot 2:306,216,288,387,297,261,396,378,252,270,207,315,
Shot 3:423,414,495,
Shot 4:648,594,684,513,639,630,603,585,666,504,
Shot 5:693,738,729,756,711,
Shot 6:1143,810,855,891,1251,819,864,927,999,1017,1224,900,1053,1125,936,1134,1062,1233,1035,873,945,1026,1170,1071,
Shot 7:1449,1971,1980,1701,1782,1854,1728,1944,1584,1737,1953,1647,1386,1899,1332,1287,1926,1809,1593,1548,1656,1638,1872,1395,2016,1791,1494,1710,1476,1836,1755,1503,1296,1260,1557,1341,1683,1629,1413,1431,1314,1863,1512,1269,1350,
Shot 8:2061,2025,2088,2034,2070,
Shot 9:2097,2313,2187,2223,2169,2367,2250,2214,2259,2178,2196,2331,2133,
Shot 10:2385,2376,2466,2457,2394,
Shot 11:2610,2664,2502,2601,2565,2511,2475,2736,2574,2673,2493,2646,
Shot 12:2871,2808,2745,2943,2916,2781,2925,2754,2817,2790,2844,2853,2934,2862,
Shot 13:3249,2970,2952,3330,3060,3069,3006,3240,2997,3015,3294,3114,3258,3384,3195,3285,3033,2979,3339,3267,3312,3177,3132,3357,
Shot 14:3591,4329,4194,4446,4437,4140,4383,3879,4131,4293,4356,4095,3393,3978,3420,4203,3825,4086,4014,4392,3744,3933,3789,3726,3717,3870,3492,3402,3546,4023,4104,3924,4302,4005,3555,3465,3645,3951,3654,3510,3888,3735,3771,3834,4176,3663,3573,3987,3753,4410,3429,3411,3474,3672,3942,4032,3609,3501,4212,
Shot 15:4491,4527,4455,
Shot 16:4536,
