Shot 0:45,702,360,1008,207,522,1080,468,108,1062,1206,315,801,585,1242,945,639,918,1053,972,1044,1071,1026,1143,27,162,54,36,
Shot 1:1728,2205,2034,1422,1746,1683,2106,1323,2259,1953,1485,1656,2214,1575,1674,1278,1377,1701,1827,1638,1665,1530,1647,1458,2196,1719,2160,
Shot 2:2394,2484,2556,2547,2313,2322,2340,2367,
Shot 3:2565,
Shot 4:2592,2583,2601,
Shot 5:3492,3663,2799,2745,3771,2610,3240,2727,2898,2664,3438,3006,2934,2763,2817,3870,2970,3591,2628,3672,3420,3339,2844,2754,2781,3132,
Shot 6:3951,4023,
Shot 7:4122,
Shot 8:4635,5058,4968,4752,4788,4905,4509,5076,4176,4734,4770,4401,4689,
Shot 9:5274,5184,5166,5130,5103,5220,5247,
Shot 10:5445,5292,5355,5463,
Shot 11:5733,5787,5499,5778,5760,5742,
Shot 12:5823,
Shot 13:6003,5850,6183,5940,6138,
Shot 14:6282,6345,6399,
Shot 15:7164,6561,7182,7038,7128,6921,6867,6813,6993,7209,7065,7254,7101,6633,6543,6525,7146,7263,6588,6642,7155,7173,
Shot 16:7281,7299,
Shot 17:7326,7362,7335,7308,
Shot 18:7380,7389,7371,
Shot 19:7578,7461,7542,7488,7434,7497,7605,7479,7587,7623,7596,7398,
Shot 20:7641,7731,7686,
Shot 21:7794,
Shot 22:7875,
