Shot 0:9,
Shot 1:216,
Shot 2:225,234,
Shot 3:261,315,252,306,270,
Shot 4:387,450,351,423,342,369,378,396,360,
Shot 5:459,
Shot 6:468,486,
Shot 7:495,
Shot 8:504,513,
Shot 9:522,
Shot 10:549,531,567,558,540,
Shot 11:612,585,621,603,
Shot 12:648,666,639,
Shot 13:819,684,936,756,720,909,873,675,927,891,855,810,828,
Shot 14:1134,999,954,963,972,1026,1305,981,1053,1224,1080,1143,1116,1152,1098,1062,1071,
Shot 15:1449,1665,1359,1602,1638,1647,1413,1503,1656,1566,1485,1512,1611,1467,1593,1404,1530,1422,1431,
Shot 16:1692,1710,
Shot 17:1800,2016,1719,1935,1845,2160,1728,2061,1755,1872,1953,1899,1737,1746,1926,1944,1962,1782,1917,1827,2079,1890,1809,2034,2052,1971,2187,2088,1791,1908,
Shot 18:2232,
