Shot 0:9,27,54,117,
Shot 1:189,144,198,171,
Shot 2:243,297,342,315,333,360,225,252,234,
Shot 3:405,
Shot 4:441,432,423,477,
Shot 5:504,522,612,513,495,
Shot 6:621,639,
Shot 7:666,657,648,675,
Shot 8:693,729,
Shot 9:765,774,
Shot 10:810,819,873,792,900,846,864,837,801,
Shot 11:963,
Shot 12:981,999,
Shot 13:1386,1269,1449,1179,1476,1044,1683,1080,1134,1656,1602,1026,1260,1620,1332,1161,1206,1188,1350,1674,1404,1287,1071,1278,1089,1008,1098,1431,1341,1530,1242,1548,1323,1395,1359,
Shot 14:1701,1710,
Shot 15:1908,1719,1782,1800,1818,1917,1791,1899,
Shot 16:1944,1953,
Shot 17:1971,1989,1962,
Shot 18:2025,
Shot 19:2061,2070,
Shot 20:2106,2187,2115,2088,2160,2142,2133,2097,
Shot 21:2259,
Shot 22:2295,2304,2277,
Shot 23:2331,2367,2322,2358,
Shot 24:2385,2484,2430,2457,2475,2502,2376,2394,
Shot 25:2547,2565,2556,2538,
Shot 26:2997,2979,2637,2574,2763,2835,2817,2583,2952,2853,2862,3051,2619,3042,
Shot 27:3177,
Shot 28:3222,3249,
Shot 29:3960,5112,4662,3339,4446,4356,3942,3573,4014,3825,5049,3663,4383,4860,3906,4221,4734,4752,4671,3843,4473,3879,3312,4563,4077,4581,4329,4905,4824,4113,4788,3951,4239,4779,3618,4689,3393,4275,4626,4806,4266,3438,5085,3402,3924,4086,3384,4968,3897,4842,4194,3276,3429,4914,5004,5094,3420,3915,5067,4518,4572,3933,4095,4005,4500,4320,4554,3528,3996,3447,3654,4527,3627,
Shot 30:5184,
