Shot 0:45,360,576,306,468,639,999,522,171,945,207,918,693,801,1044,1062,1053,1017,909,1026,27,99,36,54,
Shot 1:1143,1206,1071,1242,1080,
Shot 2:2187,1674,1323,1485,1449,2034,2106,2259,1269,1575,1737,1368,1944,1638,2214,1746,1656,1827,1692,1710,1530,1422,1719,2169,2196,2205,
Shot 3:2385,2304,2331,2313,2358,
Shot 4:2484,2547,
Shot 5:2556,2565,
Shot 6:2592,2583,2601,
Shot 7:3483,3762,2781,2727,2754,3654,3240,2898,2772,3870,2610,2817,2925,3006,3411,2979,2664,2628,3663,3339,3438,3582,2844,2745,2799,3132,
Shot 8:4770,4500,4734,4635,4122,3942,4176,4023,4752,4788,4689,
Shot 9:5256,5058,5184,4905,5166,4968,5103,5220,5076,5238,5121,
Shot 10:5355,5292,5445,5463,
Shot 11:5751,5787,5499,5769,5733,
Shot 12:5823,
Shot 13:6138,5850,5940,6003,
Shot 14:6642,6399,6993,6345,6867,6282,6813,6921,6597,6525,6543,6633,6183,
Shot 15:7038,7065,
Shot 16:7164,7101,7146,7155,7173,
Shot 17:7272,7182,7209,7254,
Shot 18:7326,7335,7281,7308,
Shot 19:7371,7470,7452,7389,7362,7380,7434,
Shot 20:7578,7542,7488,7497,7479,7587,
Shot 21:7632,7686,7641,7731,7596,7614,
Shot 22:7794,
Shot 23:7875,
