Shot 0:135,27,162,45,108,117,9,126,153,
Shot 1:171,
Shot 2:180,189,
Shot 3:540,306,324,315,342,630,333,459,351,612,
Shot 4:657,639,648,666,
Shot 5:675,693,684,
Shot 6:711,720,702,
Shot 7:1233,909,729,1116,864,747,882,1143,738,1134,891,1152,1269,1053,756,1026,801,1161,873,1260,900,1125,765,1170,1251,1179,1008,846,1098,1071,1242,972,1044,1188,1224,
Shot 8:1683,1287,1386,1278,1764,1467,1296,1350,1746,1593,1656,1719,1530,
Shot 9:1782,
Shot 10:1791,1800,
Shot 11:1818,1827,
Shot 12:1863,1836,1962,1845,1890,
Shot 13:2115,2151,2061,2142,
Shot 14:2160,2169,
Shot 15:2250,2349,2178,2187,2340,2286,2214,
Shot 16:2358,
Shot 17:2367,2376,
Shot 18:2457,2385,2502,
Shot 19:2979,3267,2844,3141,3015,
