Shot 0:90,360,108,
Shot 1:1017,999,1134,1008,1026,
Shot 2:1179,
Shot 3:1260,1332,
Shot 4:3546,2448,5184,1710,1521,4608,2943,3780,1476,2061,4536,3213,1575,5796,4248,4158,5517,5553,3348,5526,1503,3150,1467,2385,1692,1674,5454,2628,3105,1548,3042,1368,4716,1701,1683,4707,1647,4572,5265,4590,1737,2502,2421,3870,4752,1728,4320,1791,2151,2466,2412,2403,2430,3654,
Shot 5:6093,5958,6120,
Shot 6:6183,6201,6147,6129,6156,6138,6192,
Shot 7:6282,6318,
Shot 8:6435,
Shot 9:6525,6543,
Shot 10:6579,6624,
Shot 11:6732,
Shot 12:6813,6840,
Shot 13:6948,6966,
Shot 14:6975,
Shot 15:6984,
Shot 16:7002,7443,7227,7560,7236,7299,7029,7056,7128,7191,7011,6993,7632,
Shot 17:7794,7659,7803,
Shot 18:8073,7812,8253,8091,
