Shot 0:99,9,54,216,126,234,225,207,117,81,153,45,72,108,90,36,63,
Shot 1:261,306,324,297,243,315,279,288,252,270,
Shot 2:333,342,
Shot 3:369,360,351,378,
Shot 4:405,468,495,486,513,459,423,387,432,441,477,504,414,
Shot 5:576,522,531,558,549,567,
Shot 6:585,
Shot 7:603,612,594,
Shot 8:1044,1215,666,1188,855,837,936,711,747,621,1233,630,990,1206,891,783,1017,1179,729,801,1224,918,1026,720,846,963,774,1170,639,792,981,1080,765,828,954,900,675,810,702,1152,1062,972,1035,1053,
Shot 9:1278,1251,1296,1260,1269,1287,
Shot 10:1305,1323,
