Shot 0:144,9,90,99,72,81,234,117,153,
Shot 1:252,270,
Shot 2:315,414,387,279,405,297,423,378,
Shot 3:495,441,567,549,432,576,477,531,459,558,468,486,540,504,
Shot 4:612,702,594,684,585,666,675,603,621,648,
Shot 5:711,
Shot 6:963,900,765,819,747,909,774,882,720,801,729,855,945,918,990,972,738,954,
Shot 7:1062,1197,1188,1134,1017,1089,
Shot 8:1260,1206,1314,1215,1305,1224,1251,1287,
Shot 9:1359,1386,1323,1332,1341,1377,1350,1368,
Shot 10:1404,1422,1449,1413,1395,
Shot 11:1494,1458,1485,
Shot 12:1845,1548,1503,1755,1683,1629,1665,1881,1611,1593,1719,1620,1647,1809,1818,1512,1575,1602,1692,1764,1521,1557,1710,1539,1854,1701,1746,1728,1863,1530,1827,
Shot 13:1926,1935,1917,
Shot 14:2115,2187,2304,2385,2331,1971,2241,2016,2349,2277,2286,1944,2313,2160,2295,1998,2214,2151,1962,2079,2367,2268,2034,2205,2169,2250,2376,2403,2259,1980,2124,2097,2133,
Shot 15:2457,2484,2412,2493,2430,2475,2421,2466,2448,
Shot 16:2574,2502,2565,2637,2556,2619,2682,2520,2511,2538,2628,2610,2583,2655,
Shot 17:2754,2781,2772,2763,2691,
Shot 18:2934,2853,2817,2808,2961,2889,2988,2907,2844,2916,3015,2799,2835,2952,2871,2925,2943,2979,3006,2790,
