Shot 0:234,612,504,477,594,441,522,387,558,342,315,9,
Shot 1:630,639,621,
Shot 2:675,648,693,657,666,684,
Shot 3:1512,729,2169,3204,1413,3240,3258,1377,2826,702,2844,2475,2952,2322,2835,2529,3231,1395,2574,3078,3285,2187,3276,2295,2124,2997,1386,3105,2511,2592,1404,2547,927,3267,3042,1665,1638,1071,2916,2268,2943,2790,2862,2430,2466,1422,900,756,2853,3168,2349,3222,2565,2880,1719,1998,1224,2502,3024,1557,1440,711,2088,2304,2286,3195,1575,1026,3069,1602,1872,2214,738,1890,2412,1908,3096,1503,720,819,2556,1692,2358,963,882,3249,2538,2385,990,2934,3132,2484,1944,783,1629,837,
Shot 4:3456,3294,3330,3555,3357,3303,3654,3312,3582,3402,3699,3375,3672,3726,3600,3627,3411,3465,3438,
Shot 5:3771,3753,3744,3762,
Shot 6:3933,3825,3897,3780,3888,3915,3951,
Shot 7:4194,4887,4518,4311,4788,4293,4572,4860,4374,4482,4977,4320,4932,4275,4653,4131,4356,4833,4590,4554,4734,4770,4140,4806,4536,4644,4950,4869,4896,4122,4698,4167,4626,4446,4914,4104,4239,3960,4842,4455,4473,
Shot 8:4986,
Shot 9:5085,5157,4995,5049,5058,5112,
