Shot 0:9,54,
Shot 1:63,
Shot 2:72,81,
Shot 3:153,234,207,225,189,198,90,216,180,171,162,
Shot 4:243,
Shot 5:270,252,549,261,315,279,
Shot 6:657,
Shot 7:702,
Shot 8:756,801,729,711,
Shot 9:936,1233,1008,1053,981,1026,954,873,990,1161,1062,972,963,945,1017,1044,1035,927,909,999,900,918,891,
Shot 10:1557,1440,1530,1584,1575,1548,1566,
Shot 11:1647,1710,1593,1728,1692,1602,1629,1719,1611,1701,1656,1674,1620,1638,1683,1665,
Shot 12:1800,1737,1854,1764,1881,1755,1827,1836,1908,1773,1863,1899,1746,1782,1845,1818,1809,1872,1890,1791,
Shot 13:1926,2052,1917,
Shot 14:2187,
