Shot 0:99,207,54,198,9,
Shot 1:243,306,288,297,270,225,252,279,261,234,
Shot 2:360,315,333,324,342,387,351,369,
Shot 3:567,441,432,504,585,414,
Shot 4:639,729,684,864,666,774,693,801,621,900,702,657,675,648,720,
Shot 5:999,918,936,1017,
Shot 6:1080,
Shot 7:1179,1386,1089,1287,1134,1341,1269,1242,1323,1215,1296,1152,1278,1251,1305,1260,1368,1170,1107,1197,1125,1188,1377,1206,
Shot 8:1593,1476,1395,1665,1620,1503,1566,1638,1629,1458,1557,1404,1611,
Shot 9:1764,1800,1818,1782,1701,1737,1746,1791,1773,1809,1755,
Shot 10:1926,1845,1980,1863,1962,1890,1872,1854,1971,1944,1953,1881,1908,1935,1917,
Shot 11:1989,
Shot 12:2160,2007,2088,2061,2133,2079,2016,2178,1998,2151,2169,
Shot 13:2196,2205,2187,
Shot 14:2277,2214,2259,2286,2250,2268,
Shot 15:2304,2295,2313,
Shot 16:2520,2349,2466,2556,2565,2502,2493,2547,2484,2529,
Shot 17:2673,2574,2610,2628,2592,2646,2637,2583,2700,2601,2682,
Shot 18:3105,3213,2781,2934,2808,2898,3024,3069,2835,3150,3195,2817,2790,3006,2799,3087,2853,2880,3222,2988,2736,3078,3204,3141,3060,3096,2970,3114,
Shot 19:3258,3294,3303,3285,3348,3249,
Shot 20:3384,3366,3411,3456,3402,3429,3393,3375,
Shot 21:3465,
Shot 22:3798,3636,3897,3474,3951,3690,3708,3861,3483,3609,3564,3519,3933,3915,3852,3762,3834,3780,3870,3771,3807,3816,3843,3789,
Shot 23:4023,4302,4167,4428,4212,4356,3960,4320,4329,3996,4113,4239,3978,4014,4158,4176,4032,
Shot 24:4527,4599,4554,4500,4536,4518,
Shot 25:5157,4680,4887,5031,4923,4635,5076,4842,5004,4932,5094,5139,5166,
Shot 26:5211,5184,5265,5193,5175,5238,5202,
Shot 27:5337,5373,5283,5391,5310,5346,
