Shot 0:36,72,9,45,27,54,
Shot 1:216,342,297,306,351,198,261,270,99,288,324,234,252,126,243,315,279,189,333,135,108,153,225,207,
Shot 2:360,
Shot 3:495,423,549,576,432,387,531,369,441,540,468,513,378,405,585,396,450,414,558,522,567,477,459,
Shot 4:603,639,648,612,630,621,594,
Shot 5:765,711,657,729,693,675,666,720,738,702,684,747,774,756,
Shot 6:918,810,945,828,819,792,990,981,900,837,855,846,927,972,864,963,873,801,909,882,954,
Shot 7:1017,1107,1179,1161,999,1143,1053,1062,1152,1125,1170,1089,1026,1071,1116,1188,1044,1008,1134,1035,1098,1080,
Shot 8:1197,1206,
Shot 9:1233,1269,1278,1341,1332,1314,1287,1242,1251,1368,1305,1296,1350,1359,1260,1323,1215,1224,
Shot 10:1575,1476,1458,1431,1413,1377,1512,1467,1539,1530,1557,1494,1602,1422,1449,1548,1386,1503,1566,1584,1593,1440,1404,1521,1395,
