Shot 0:36,45,
Shot 1:144,162,99,
Shot 2:171,
Shot 3:945,423,216,378,522,261,585,801,540,738,864,459,630,306,900,990,846,882,873,909,972,936,981,
Shot 4:999,1017,
Shot 5:1089,1035,1044,1062,1053,1071,1080,1098,
Shot 6:1170,1233,1332,1116,1278,1287,1296,1197,1350,1386,1305,1143,1161,1179,
Shot 7:1413,1422,1431,1440,
Shot 8:1467,1530,1449,1458,1476,1494,
Shot 9:1602,
Shot 10:1629,1611,1638,1620,
Shot 11:1683,1647,1656,1674,
Shot 12:1818,1701,1719,1710,1773,1836,1845,1809,1800,
Shot 13:1854,1899,
Shot 14:2034,2250,2196,2304,2340,2277,2322,2295,2232,2331,2286,2178,1944,2259,2313,2115,1962,1971,2070,2052,
Shot 15:2403,2349,2385,2439,2367,2448,2376,2412,2430,
Shot 16:2538,2745,2457,2520,2655,2574,2547,2601,2493,2484,2592,2556,2502,
Shot 17:3006,2853,3042,3024,3051,2826,2844,3033,2862,2871,2880,2952,2907,2898,2979,2943,2988,2997,2889,3015,
Shot 18:3060,
Shot 19:3096,3141,3132,3078,3069,3087,3114,3150,3105,
Shot 20:3168,3204,3186,3195,3159,
Shot 21:3213,3258,3222,3231,
Shot 22:3285,3321,3303,3312,3330,3276,
Shot 23:3339,
Shot 24:3456,3384,3474,3402,3510,3429,3438,3375,3465,3447,3483,
Shot 25:3546,3582,
Shot 26:3645,3690,3672,3627,3654,
Shot 27:3834,3852,3798,3843,3789,
Shot 28:3879,3924,3897,3906,3861,3915,3888,
