Shot 0:45,306,198,270,180,153,225,108,9,135,288,387,324,63,
Shot 1:432,414,441,405,423,
Shot 2:513,486,450,477,495,459,468,504,
Shot 3:522,540,549,567,531,
Shot 4:603,585,576,594,
Shot 5:621,
Shot 6:819,747,774,711,693,756,666,720,1107,729,738,639,765,675,783,684,1152,630,1125,1080,702,1026,648,1089,792,990,1062,1098,1008,918,972,801,1044,
Shot 7:1179,1233,1215,1224,1206,1188,
Shot 8:1242,
Shot 9:1251,1260,
Shot 10:1287,1305,1269,1278,
Shot 11:1350,1341,1323,1332,1368,1314,1359,
Shot 12:1422,1395,1386,1404,1377,1458,1440,1413,
Shot 13:1476,1485,
Shot 14:1512,1494,1503,1521,
Shot 15:1539,1557,1530,
