Shot 0:441,333,108,9,216,243,
Shot 1:477,
Shot 2:855,945,1224,1278,1332,999,1188,1386,1251,657,1404,1323,729,1296,891,909,1098,
Shot 3:1512,1422,1692,1494,1458,1566,1701,1629,1485,1557,1530,1521,1503,1665,
Shot 4:2160,1791,3078,2529,2781,1863,1737,1782,2601,2421,1719,2835,2448,1836,2817,2052,2115,1755,2142,1890,2124,2097,2754,2358,2367,2151,2178,2763,
Shot 5:3303,
Shot 6:3438,3330,3339,3357,3384,3321,3348,3366,3420,3456,3312,3429,3393,
Shot 7:3609,3537,3636,
Shot 8:3690,3699,3645,3654,3672,
Shot 9:3888,3780,4014,3717,3735,3969,3870,3852,3753,3942,3789,3906,
Shot 10:4032,4023,4041,4068,4059,4050,
Shot 11:4203,4230,4167,4140,4113,4122,4077,4185,4104,4131,4221,4194,
Shot 12:4266,4239,4275,4257,
Shot 13:4428,4365,4284,4293,4302,
