Shot 0:18,72,45,9,
Shot 1:468,189,1134,1314,324,882,252,981,765,207,1296,162,405,117,297,846,909,648,936,1098,603,387,1071,1188,738,333,675,234,504,1305,711,1008,1044,1260,864,900,450,585,279,315,558,1179,477,
Shot 2:1422,1341,1368,1440,
Shot 3:1485,
Shot 4:1494,
Shot 5:1530,1512,1503,1539,
Shot 6:1665,1728,1593,1692,1719,
Shot 7:1737,
Shot 8:1746,
Shot 9:1755,1764,
Shot 10:1791,1818,1773,1809,1782,
Shot 11:1836,2178,2142,2151,2016,1827,
Shot 12:2313,3519,2682,3249,2925,4122,3843,2367,3312,3699,2997,3672,2475,3024,2988,3825,2952,2223,2763,2403,3888,2268,3177,2619,2835,3510,2727,2781,3681,3501,2295,2331,3132,4086,3240,
Shot 13:4554,4140,4338,4167,4662,4185,4311,4581,4149,4329,4518,4194,4221,4428,4572,4590,4536,4383,4626,4563,
Shot 14:4734,4689,4698,4923,4833,4887,4932,4995,4707,4959,4806,4851,4716,4761,4788,4743,4725,
Shot 15:5022,5004,5013,
Shot 16:5094,5031,5040,5157,5049,
Shot 17:5193,5184,5328,5202,
Shot 18:5607,5382,5733,5688,5841,5499,5706,5670,5760,5472,5535,5589,5517,5391,5634,
Shot 19:5976,5868,5877,5922,6012,5949,
Shot 20:6264,6120,6048,6354,6084,6057,6219,6300,6318,
Shot 21:6903,6624,7407,7947,7758,7695,6417,7164,7272,7461,8073,7749,7002,6831,7470,7983,6507,6660,6651,7254,6399,7029,6588,7443,7560,7011,6777,6669,7731,7533,6741,7668,6939,7596,6696,7218,6849,6795,
Shot 22:8262,8118,8082,8316,8253,
Shot 23:8460,8433,8541,8442,8505,
Shot 24:8946,8676,8631,8793,9027,8640,8910,8721,9054,8838,8892,8901,9000,
Shot 25:9333,9081,9126,9882,9576,9072,9855,9171,9099,9801,9540,9306,
Shot 26:10071,10332,9918,10170,10026,10107,10242,10197,10080,
Shot 27:10584,11160,10836,10458,10764,11043,11124,10872,10521,10422,10710,10944,10665,11142,10485,
Shot 28:11295,11691,11529,11826,11619,11196,11556,11601,11439,11574,11367,11223,11250,11637,11547,11484,11214,11664,11394,11331,11421,11610,11286,
Shot 29:11835,11862,11853,
