Shot 0:279,666,594,504,144,567,135,468,630,558,657,126,360,603,459,495,648,549,369,162,522,378,180,36,612,153,540,621,342,9,
Shot 1:693,684,675,711,
Shot 2:954,720,891,1026,999,1008,729,927,981,801,810,936,873,738,783,756,792,945,972,963,1017,990,
Shot 3:1062,1071,
Shot 4:1089,
Shot 5:1098,1116,
Shot 6:1152,1125,1170,1134,1143,1161,
Shot 7:1179,
Shot 8:1188,1197,
Shot 9:1206,
Shot 10:1215,
Shot 11:1224,1242,1251,1233,1260,
Shot 12:1269,
Shot 13:1368,1278,1467,1431,1305,1332,1287,1314,1296,1341,1395,1359,1350,1413,1422,
Shot 14:1872,2106,1899,1485,1503,1494,1476,2034,1710,1602,2097,1701,1647,1962,1683,1944,2079,1782,2007,1746,1845,1638,1548,1719,1737,2052,1584,1728,1674,1656,1818,1971,1854,2061,1665,1773,1998,1917,1836,2016,1593,1800,1809,1764,1980,1881,1908,1890,
Shot 15:2214,2115,2313,2412,2295,2358,2151,2124,2232,2403,2340,2304,2331,2394,2277,2133,2349,2142,2178,2196,2241,2286,2205,2169,
Shot 16:2421,
Shot 17:2475,2538,2601,2448,2547,2502,2439,2520,2430,2466,2457,2556,
Shot 18:2610,2619,
Shot 19:3069,2637,2844,2763,2682,2943,2727,2709,2808,3006,2736,3303,3222,2718,2673,2781,3132,2898,3042,2889,2754,3015,3285,2745,2790,2979,3195,2997,3033,3186,2907,3294,2952,2835,3123,3150,2799,2871,3231,2934,2880,3177,3159,3141,3204,2862,3024,3087,2826,3168,3060,3096,3078,3114,3105,2817,
Shot 20:3312,
Shot 21:3321,
Shot 22:3375,3330,3348,3339,3366,3384,3357,3393,
Shot 23:3402,
Shot 24:3411,
Shot 25:3420,3456,3492,3474,3483,3429,3447,3465,3438,
Shot 26:3528,3609,3627,3582,3537,3618,3591,3555,3546,3501,3600,3519,3636,3510,3573,
Shot 27:3699,3654,3663,3645,3789,3744,3717,3681,3735,3753,3708,3771,3726,3780,3672,
Shot 28:3807,3798,3816,
Shot 29:3825,
Shot 30:3834,
Shot 31:3843,3852,
Shot 32:5283,3861,5436,3960,4122,3870,4050,4860,4230,3942,4311,4374,3906,4806,4221,5040,3951,4275,3996,4995,4005,4158,3978,5346,4212,5445,4095,5031,4779,4833,5220,4077,4248,5175,4041,4797,5022,4113,4932,3915,5193,4104,3933,5166,4689,4131,4059,4788,4014,4032,5148,4284,4257,4527,5427,4752,4608,5067,4086,4140,4635,4023,4185,4194,3924,4671,5301,5247,4203,5265,4653,4176,5418,4293,4302,4581,5409,5310,4563,3888,5364,5328,4590,5382,4320,5337,4491,4545,5391,5373,4509,4419,4536,5400,4167,4365,4383,
Shot 33:5463,5472,
Shot 34:5481,
Shot 35:5490,
Shot 36:5598,5499,5508,5526,5535,5571,5544,5589,5580,
Shot 37:5697,
