Shot 0:18,27,
Shot 1:513,
Shot 2:522,
Shot 3:630,990,1134,999,1008,1026,1458,531,540,558,1017,765,576,1116,1368,594,945,1044,603,1449,
Shot 4:1503,1935,1530,1467,1521,1917,1557,1476,1863,1512,1485,1494,
Shot 5:1962,1971,1953,
Shot 6:2277,2376,2367,1980,2034,1989,2358,2259,2007,2268,
Shot 7:2520,2853,2880,2862,2385,2871,2439,2493,2835,2403,2565,2511,2502,2547,
Shot 8:4365,3825,4545,3006,4536,2916,3816,3834,2961,3843,3906,4563,4599,3285,2898,4527,4581,4266,2889,2907,3852,3861,4626,4590,4014,4554,3069,3987,4428,4572,4320,4374,3627,3879,4356,3015,3042,
Shot 9:4707,
Shot 10:4716,
Shot 11:4725,4734,
Shot 12:4761,4860,
Shot 13:4896,
