Shot 0:18,27,9,
Shot 1:54,36,45,63,
Shot 2:72,
Shot 3:81,90,
Shot 4:108,126,99,
Shot 5:378,324,540,171,144,180,630,351,603,162,216,522,189,468,648,252,198,495,567,306,405,342,585,477,360,612,333,387,369,396,558,
Shot 6:693,675,702,684,
Shot 7:1314,2358,2133,2493,2430,729,2277,2205,2232,1071,918,837,1125,2043,2259,2475,2520,1584,2547,2070,1431,2421,2376,963,1251,891,1980,756,2052,1656,2457,2817,2484,1377,2448,1647,1575,
Shot 8:2871,2826,2844,2889,
Shot 9:3033,2907,2925,4293,4455,4221,3321,3942,2934,3195,3744,3141,4041,3240,3600,2988,3555,4401,4545,3501,3159,3879,3456,3204,3222,3150,3249,4302,3051,3168,3483,4284,3015,
Shot 10:4554,
