Shot 0:9,
Shot 1:162,225,117,243,198,144,207,189,180,153,108,
Shot 2:441,351,576,297,333,387,270,531,540,549,495,414,513,477,315,360,324,306,423,288,558,396,432,261,405,450,342,486,378,
Shot 3:594,603,
Shot 4:675,864,810,909,756,657,891,846,729,774,738,693,666,792,
Shot 5:972,1098,1008,1053,1089,936,1026,990,1035,918,963,981,
Shot 6:1179,1152,1107,1197,
Shot 7:1521,1359,1287,1314,1584,1413,1224,1395,1305,1377,1233,1566,1269,1323,1368,1386,1341,1449,1467,1422,1440,1242,1548,1332,1350,
Shot 8:1593,1656,
Shot 9:1692,1746,1665,1674,1764,1728,1710,1701,1755,1683,
Shot 10:2241,1836,2034,1872,1926,2079,2151,2187,1962,1791,2115,1935,1899,1980,2052,2061,1998,2160,1845,1881,2259,2250,2178,1953,1863,2106,2196,2133,2232,2088,1890,2205,
Shot 11:2286,
Shot 12:2295,2358,
Shot 13:2529,2637,2646,2610,2493,2394,2583,2565,2430,2601,2547,2484,2448,2412,2502,2520,2556,2385,2475,
