Shot 0:9,
Shot 1:1116,117,1179,1098,1062,1143,1071,1188,1161,1107,
Shot 2:1233,1332,1377,1296,1260,1215,1197,1224,
Shot 3:1710,1440,1548,1611,1458,1863,1386,1476,1647,1503,1521,1872,1422,1800,1575,1836,1593,1674,1566,1449,1539,1620,1782,1431,1665,1818,1485,1512,1638,1845,1413,1683,1773,1584,1809,1764,1737,1746,1701,1719,
Shot 4:2007,1908,1971,2115,2151,1935,1890,2133,2088,2106,2061,2142,1917,2034,1953,2070,1944,2052,2016,1980,2043,1998,2079,1881,
Shot 5:2259,2178,2340,2268,2223,2160,2250,2304,2286,
Shot 6:2484,2367,2421,2403,2529,2385,2511,2358,2448,2439,2430,2466,2475,2376,2502,2520,2412,2538,2556,2394,2493,
Shot 7:2664,2574,2727,2637,2565,2655,
Shot 8:2799,3096,2961,3051,2970,2925,2907,2988,3060,3033,3087,2934,2952,3105,2871,2943,2997,2781,2979,2754,2826,2853,2862,2835,2880,2844,2763,2772,2898,2808,
Shot 9:3402,3573,3663,3645,3519,3690,3231,3501,3465,3141,3528,3654,3591,3537,3492,3474,3456,3600,3285,3708,3564,3555,3420,3681,3366,3699,3357,3393,3438,3429,3375,
Shot 10:3717,3744,3726,
Shot 11:3807,4149,4131,4050,4140,3888,3852,3978,3870,3762,3780,3951,3753,3789,3843,3915,4014,4068,3897,3969,3798,4041,4023,
Shot 12:4158,
Shot 13:4167,4176,
Shot 14:4185,
Shot 15:4257,4338,4194,4221,4293,4212,4266,4284,
Shot 16:4383,4365,4347,4356,4410,4374,4392,
Shot 17:4446,4491,4500,4482,4473,4419,4455,4437,
Shot 18:4509,
Shot 19:4536,4518,4545,
Shot 20:4590,4563,4626,4572,4608,4581,4554,4617,4599,
Shot 21:4851,4950,4968,4653,4995,4932,4941,4869,4923,4959,4635,4761,4977,4905,4716,4743,4644,4914,4986,4815,4680,4752,4725,4842,4671,4806,4770,4824,
Shot 22:5013,5022,5004,
Shot 23:5139,5049,5346,5067,5040,5130,5076,5157,5085,5103,5031,5058,5148,5319,
