Shot 0:99,9,180,144,135,117,108,162,90,
Shot 1:216,198,225,234,
Shot 2:243,
Shot 3:396,252,306,333,414,351,279,261,378,
Shot 4:513,441,432,423,459,450,549,486,522,504,
Shot 5:684,603,639,567,630,648,657,666,585,675,693,
Shot 6:954,999,1044,810,990,774,1134,1197,1017,981,1071,1152,792,1053,936,972,1026,
Shot 7:1242,1206,1269,1215,1260,1224,1251,
Shot 8:1494,1278,1296,1566,1575,1413,1287,1557,1431,1386,1548,1422,1458,1305,1476,
Shot 9:1674,1935,1602,1881,1629,1620,1593,1638,1917,1854,1863,1764,1926,1809,1647,1944,1728,1656,1872,1701,
Shot 10:1971,1989,1953,1962,
Shot 11:1998,
Shot 12:2016,2007,2025,
Shot 13:2043,2034,2052,
Shot 14:2088,2124,2115,2061,2106,2133,2097,2079,
Shot 15:2142,2205,2151,
Shot 16:2214,
Shot 17:2223,
Shot 18:2241,2268,2277,2259,2232,2250,
