Shot 0:27,171,99,144,180,90,72,108,126,63,135,45,54,36,9,
Shot 1:189,198,207,252,
Shot 2:270,279,261,
Shot 3:612,567,468,369,387,522,576,513,288,531,450,324,540,585,423,378,504,621,315,486,603,
Shot 4:630,639,
Shot 5:675,684,648,693,657,666,
Shot 6:972,1314,1089,819,792,1161,1080,1269,1188,1134,1242,1152,1107,1143,702,1053,711,1179,1197,810,1233,1170,1251,1071,1098,783,1260,1125,837,1062,801,927,918,846,945,1224,1278,855,828,774,747,909,1305,864,981,1008,
Shot 7:1404,1323,1422,1332,1413,1431,1341,1440,1467,1494,1458,1350,1449,1476,
Shot 8:1503,
Shot 9:1746,1539,1791,1629,1512,1701,1719,1611,1602,1665,1674,1683,1620,1566,1773,1530,1710,1692,1647,1755,1836,1656,1521,1548,1584,1800,1818,1575,
