Shot 0:27,216,207,234,9,54,
Shot 1:1233,909,459,828,315,819,1314,405,540,684,801,288,1287,378,792,954,531,837,1143,504,612,252,972,594,1179,756,666,558,900,1071,1260,441,1278,414,1251,1089,1008,567,
Shot 2:1332,1359,1323,1341,
Shot 3:1395,1494,1566,1449,1476,1539,1377,1413,1386,
Shot 4:1593,1638,
Shot 5:1719,1755,1746,1665,1692,1683,
Shot 6:1773,1764,1782,
Shot 7:1836,1791,2124,2196,2214,1809,2160,2187,1863,1800,2205,2007,1818,1845,
Shot 8:2268,2241,2286,2250,2259,
Shot 9:2322,2376,2358,2349,2313,
Shot 10:2448,2385,2412,2430,2403,2439,
Shot 11:2610,2466,2871,2484,2556,2682,2538,2511,2727,2574,2853,2772,2736,2817,2781,2835,2637,2844,
