Shot 0:162,99,126,81,27,9,72,117,63,36,144,108,135,171,
Shot 1:387,441,207,234,369,351,450,225,360,198,180,405,432,342,261,378,
Shot 2:486,576,531,459,549,468,567,585,504,540,522,477,
Shot 3:594,
Shot 4:630,657,603,648,639,612,
Shot 5:747,792,810,801,666,720,783,693,729,774,738,
Shot 6:819,891,855,873,837,882,846,864,828,
Shot 7:918,909,927,900,
Shot 8:945,936,954,
Shot 9:963,
Shot 10:1035,990,972,981,1017,999,1053,1026,1008,1044,
Shot 11:1062,
Shot 12:1071,
Shot 13:1080,
Shot 14:1089,1098,
Shot 15:1125,1179,1107,1134,
