Shot 0:90,9,63,
Shot 1:162,
Shot 2:486,837,1044,198,1035,252,171,891,1053,288,711,1026,333,720,234,270,189,882,918,513,594,405,324,954,297,639,423,585,729,990,549,612,279,468,
Shot 3:1152,1062,1071,1134,1143,1161,
Shot 4:1359,1449,1656,1908,1917,1215,1872,1431,1584,1485,1395,1404,1854,1863,1467,1233,1593,1692,1899,1386,1350,1332,
Shot 5:1926,
Shot 6:2295,2214,2007,1971,2025,2106,2034,2466,2016,2718,1935,2484,2043,2682,2637,2115,2655,2664,1944,2691,2790,2439,1998,2511,2475,2646,2097,2493,2673,2709,2727,2286,2061,1953,1962,2367,1989,
Shot 7:2808,
Shot 8:3375,2898,3636,3402,3483,2817,3060,2880,2925,2853,3456,3393,3411,3384,3087,3312,3222,
Shot 9:3771,3735,3690,3699,3708,3816,3654,3753,3726,3681,3672,3762,3780,
Shot 10:3852,3825,3870,3843,
Shot 11:3951,3888,3933,3942,3960,
