Shot 0:9,
Shot 1:153,
Shot 2:423,549,342,306,405,531,540,369,351,513,450,333,378,459,477,315,432,387,
Shot 3:567,603,558,576,
Shot 4:900,648,828,612,693,657,747,765,675,738,711,621,891,909,630,
Shot 5:1035,954,981,972,918,1008,1152,990,1017,1080,
Shot 6:1377,1323,1422,1386,
Shot 7:1755,1557,1521,1620,1503,1638,1674,1692,1710,1548,1602,
Shot 8:1836,1827,1845,
Shot 9:1890,1854,1863,1926,1881,1917,1872,1899,
Shot 10:2043,2025,2115,2088,1944,2106,1971,1935,2007,2097,2070,2016,1989,2052,2061,1998,1953,2079,2034,
Shot 11:2142,2205,2169,2124,2160,2178,2187,2151,2133,
Shot 12:2475,2331,2250,2421,
Shot 13:2988,2817,2745,2853,3042,2808,2781,2889,2835,2763,2871,3033,2943,2907,3015,2970,2862,2997,
Shot 14:3114,3060,3096,3150,3078,3132,
Shot 15:3285,3168,3231,3645,3609,3204,3510,3213,3186,3636,3474,3366,3195,3402,3267,3303,
Shot 16:3654,3726,3825,3834,3708,3672,3663,3699,3690,3681,
Shot 17:3843,3852,
Shot 18:4050,3933,3861,4095,3915,4122,4104,4113,4068,3978,3942,
Shot 19:4176,4257,4266,4248,4185,4239,4140,4158,4203,4131,
Shot 20:4275,4617,4464,4347,4311,4725,4356,4383,4662,4365,4338,4401,
Shot 21:4734,
Shot 22:4995,5085,4914,5049,4878,5058,4977,4950,5067,5013,
