Shot 0:9,
Shot 1:18,
Shot 2:27,36,
Shot 3:45,
Shot 4:54,63,
Shot 5:270,234,261,585,927,891,639,1377,1071,630,1089,1422,405,1431,720,153,1350,81,909,666,1053,387,738,747,1062,198,711,1359,900,1296,783,837,936,972,702,504,1260,477,603,765,135,1116,558,1152,171,1206,207,612,918,1080,1008,1314,1161,990,1287,1278,423,567,846,1107,189,108,1332,306,981,1098,774,288,1233,225,1026,252,1188,675,657,
Shot 6:1440,
Shot 7:1449,1458,
Shot 8:1467,
Shot 9:1476,1485,
Shot 10:1494,
Shot 11:1503,
Shot 12:1512,
Shot 13:1521,
Shot 14:1530,
