Shot 0:54,9,72,27,63,45,
Shot 1:405,513,135,252,180,279,351,450,
Shot 2:585,603,594,549,576,531,558,522,612,567,540,
Shot 3:648,711,720,693,738,756,621,729,657,675,
Shot 4:792,774,783,
Shot 5:855,801,828,873,846,
Shot 6:1107,918,1197,999,1053,1179,909,891,1188,954,963,981,1044,1026,1071,936,1152,1062,1089,1134,
Shot 7:1386,1395,1692,1206,1233,1683,1314,1215,1224,1251,1278,1296,1260,1242,1332,1350,
Shot 8:1728,1746,1764,1737,1719,
Shot 9:1800,1818,1773,
Shot 10:1836,1845,1854,1827,
Shot 11:1881,1899,1890,1872,
Shot 12:2178,2565,1917,2574,2547,2385,2214,1935,2367,2421,2313,2502,2268,2016,2043,2088,1998,2196,
Shot 13:2592,2601,
Shot 14:2718,2610,2664,2682,2637,2700,2745,
Shot 15:3015,3060,3222,3249,2880,3033,2853,3195,2763,2799,2781,3213,3114,2943,2871,2790,3240,3024,2970,
Shot 16:3357,3465,3267,3285,3411,3483,
Shot 17:3492,3753,3600,3771,3762,3726,3546,3564,3735,3519,3591,3501,3582,3744,3681,
Shot 18:3897,3789,3798,3780,3969,3870,
Shot 19:4041,4014,3987,
Shot 20:4176,4365,4266,4059,4302,4248,4284,4149,4185,
Shot 21:4419,4455,4437,4428,4401,4446,
Shot 22:4464,4473,
Shot 23:4491,4482,4500,
Shot 24:4509,4572,
Shot 25:4626,4644,
Shot 26:4662,4671,4653,
Shot 27:4806,5031,4725,4761,5022,4680,4968,4887,
Shot 28:5184,5076,5148,
Shot 29:5202,
Shot 30:5211,5220,
Shot 31:5229,
Shot 32:5238,
Shot 33:5247,5256,
Shot 34:5265,5274,
Shot 35:5337,5355,5283,5319,5292,5346,
Shot 36:5391,5418,5364,5409,5373,5400,5382,
Shot 37:5472,5517,5760,5715,5688,5499,5436,5508,5598,5571,5490,5454,5850,5463,5724,5445,
Shot 38:6030,
Shot 39:6075,6156,6039,
