Shot 0:234,9,36,279,90,162,270,
Shot 1:468,
Shot 2:1215,1044,1188,1269,1242,738,
Shot 3:1305,1674,1566,1485,1404,1377,
Shot 4:1692,1701,1683,
Shot 5:1710,
Shot 6:1728,1737,1719,
Shot 7:2079,2286,2430,2205,2466,2340,2376,2358,2349,2457,2241,2151,2313,2322,1890,2052,2070,
Shot 8:2475,2493,2484,
Shot 9:2502,
Shot 10:2529,2520,2538,2511,
Shot 11:2547,2556,
Shot 12:2619,2565,2628,2583,2610,2601,
Shot 13:2664,2646,2655,2781,2673,
Shot 14:2952,3204,3114,3267,3141,2799,3069,3258,3087,3285,3231,3276,3195,2826,3078,2997,
Shot 15:3294,3339,3303,
Shot 16:3519,3528,
Shot 17:3564,3546,3582,3537,
Shot 18:3600,3618,3591,3609,
Shot 19:3681,3636,3717,3654,3699,
Shot 20:3735,3753,
Shot 21:3861,3906,3924,3978,4023,3897,3951,3942,3996,3780,4005,3879,3852,4032,
Shot 22:4284,4122,4536,4068,4176,4356,4554,4086,4491,4437,4239,4383,4212,4329,4041,4167,4527,4302,4257,4509,4311,
Shot 23:4572,
Shot 24:4581,
Shot 25:4815,4842,
Shot 26:5193,
Shot 27:5211,5256,5265,5202,5220,
Shot 28:5283,5310,5274,5301,
Shot 29:5337,5319,5481,5463,5373,5364,5382,5490,5436,5391,5409,5472,5454,5427,5445,5355,5328,
Shot 30:5508,5499,5517,
Shot 31:5544,5607,5526,5553,5598,5580,5535,
Shot 32:5679,5616,5724,5706,5625,5715,5634,5661,
Shot 33:5751,5733,5814,5823,5832,5742,5778,5805,5769,5760,
Shot 34:5850,5877,5841,
Shot 35:5886,
Shot 36:5895,
Shot 37:5922,5904,5913,
Shot 38:5931,
Shot 39:5940,5949,
Shot 40:5958,5967,
Shot 41:6030,6003,5985,5976,6012,5994,6021,
Shot 42:6039,
Shot 43:6048,6057,
Shot 44:6093,6084,6111,6066,6102,6075,6120,
Shot 45:6129,
Shot 46:6156,6183,6174,6147,6165,6138,
Shot 47:6192,
Shot 48:6201,
Shot 49:6210,
Shot 50:6219,6228,
Shot 51:6237,
Shot 52:6588,8055,7749,6444,6813,6255,7047,8037,6912,6732,6651,6984,7875,8073,7272,8001,7731,7578,6777,6939,6561,7938,8046,7155,7785,7020,6894,6246,6273,6849,8064,6615,7740,7254,6723,6462,7128,6948,6768,6534,6489,6264,6453,6525,6282,6570,7929,6471,6597,6300,6435,
Shot 53:8082,8091,
Shot 54:8280,8595,8811,8370,8667,8640,8550,8514,8604,8442,8577,8766,8568,8199,8829,8793,8478,8235,8415,8325,8226,8802,8622,8820,8262,8631,8586,8388,8343,8289,8316,8298,8649,8271,
Shot 55:8892,8838,8856,8946,8847,8928,8865,8910,8901,8874,8883,8937,8919,
Shot 56:9099,8955,9234,9018,8964,8973,9216,9054,9081,9225,9162,9036,8991,9198,9108,
Shot 57:9270,9387,9288,9279,9261,
Shot 58:9405,9423,9414,
Shot 59:9432,
Shot 60:9441,9450,
Shot 61:9495,9468,9459,9477,9486,9504,
Shot 62:9531,9513,9585,9549,9567,9522,9540,
Shot 63:9729,9639,9801,9693,9720,9603,9819,9747,
Shot 64:10269,9936,9846,10359,9981,9999,9900,9945,9990,9927,9918,10350,10278,10251,
Shot 65:10422,10386,10368,10440,
Shot 66:10449,
Shot 67:10458,10476,
Shot 68:10485,
Shot 69:10494,
