Shot 0:9,171,162,90,81,117,
Shot 1:270,207,342,333,234,351,189,198,306,225,243,324,252,
Shot 2:378,360,387,369,
Shot 3:405,396,414,
Shot 4:441,423,432,
Shot 5:450,504,477,
Shot 6:837,792,720,738,729,783,513,801,765,747,810,819,828,
Shot 7:1035,1062,891,909,972,981,873,936,963,1008,918,990,1053,
Shot 8:1071,
Shot 9:1233,1422,
Shot 10:1638,1431,1611,1782,1440,1701,
Shot 11:1800,1944,1791,1881,1863,
Shot 12:2691,2880,1971,2178,2844,1980,2835,2322,2079,2871,2664,2043,2124,2538,2817,2790,2007,2385,2853,2718,2655,2745,
Shot 13:3177,2907,3150,2889,3258,3006,
Shot 14:3411,3429,3267,3420,
Shot 15:3447,3645,3519,3636,3627,3438,
