Shot 0:9,126,
Shot 1:252,
Shot 2:279,270,297,261,288,306,
Shot 3:324,315,342,
Shot 4:486,360,603,585,432,414,540,378,477,351,459,441,405,531,576,369,423,513,495,549,558,567,504,
Shot 5:648,612,621,639,
Shot 6:675,765,810,711,729,756,693,792,702,657,747,
Shot 7:855,819,837,828,864,846,
Shot 8:873,
Shot 9:1044,1161,1278,1233,1224,882,954,1197,1188,936,1314,945,1206,1260,891,1098,918,1035,1143,981,1125,1170,909,1008,990,1053,1323,1269,972,1089,1080,1062,1296,1305,1026,
Shot 10:1332,
Shot 11:1404,1377,1494,1485,1458,1386,1422,1512,1359,1449,1431,1413,1395,1476,1350,
Shot 12:1575,1629,1557,1620,1584,1539,1593,
Shot 13:1710,1647,1701,1737,1692,
Shot 14:1746,
Shot 15:1773,1854,1827,1809,
Shot 16:1863,1899,1881,
Shot 17:1926,
Shot 18:1944,1971,
Shot 19:1998,
Shot 20:2178,2052,2133,2151,2097,2196,2115,
Shot 21:2232,2277,2259,2223,
Shot 22:2331,2430,2358,2403,2421,2340,2376,2385,2322,2367,2295,
Shot 23:2556,2484,2448,2520,
Shot 24:2646,2682,2736,2628,2583,2664,2592,
Shot 25:2799,2781,2772,2808,
Shot 26:2916,3033,2988,2997,2880,2970,3006,3015,2817,2943,3024,2853,
Shot 27:3051,
Shot 28:3060,
Shot 29:3123,3069,3087,3078,3114,
Shot 30:3132,3159,3150,
Shot 31:3249,3285,3168,3276,3177,3186,3258,3204,3294,3222,3213,3267,3195,3231,
Shot 32:3312,3330,3321,3303,
Shot 33:3339,
Shot 34:3393,3348,3384,3402,3366,
Shot 35:3411,3420,
Shot 36:3690,3456,3717,3429,3735,3537,3609,3528,3492,3582,3447,3708,3573,3663,3465,3645,
Shot 37:3771,3798,
Shot 38:3807,
Shot 39:3834,3852,
Shot 40:3861,
Shot 41:3897,
Shot 42:3978,4050,3906,4014,3996,3951,3933,
Shot 43:4113,4068,4131,4077,
Shot 44:4203,4167,4176,
Shot 45:4275,4239,4311,4320,4221,
Shot 46:4356,4365,4347,4374,
Shot 47:4716,4491,4428,4446,4482,4599,4671,4752,4464,4635,4653,4662,4545,4698,4626,4779,4554,4581,4527,4401,4680,4689,
Shot 48:4842,4788,4815,4860,
Shot 49:4887,4914,
Shot 50:4941,
Shot 51:4968,
Shot 52:5004,5049,5031,4995,
Shot 53:5067,5058,5076,
Shot 54:5085,5103,5094,5121,
Shot 55:5130,5139,
Shot 56:5211,5148,5157,5166,5193,5238,5184,5202,5229,5220,
Shot 57:5256,5265,
Shot 58:5346,5310,5301,5355,5391,5382,5400,5283,5337,5364,5292,5328,5319,
Shot 59:5508,5445,5535,5472,5454,5490,5499,5427,5517,5463,5526,5481,
Shot 60:5544,
Shot 61:5670,5643,5589,5607,5553,5562,5616,5598,5571,5652,5634,5688,5625,5697,5706,5679,5715,
Shot 62:5832,5931,5751,5868,5913,5742,5760,5904,5841,5922,5823,5778,5877,5769,5796,5787,5850,
Shot 63:5985,6021,5994,5976,5940,
Shot 64:6129,6102,6048,6039,6111,6057,6120,6138,6147,6093,
Shot 65:6309,6201,6228,6156,6210,6318,6282,6300,
Shot 66:6327,
Shot 67:6336,
Shot 68:6345,
