Shot 0:9,243,
Shot 1:477,252,306,297,261,279,414,378,360,423,342,432,387,396,369,504,405,522,441,468,
Shot 2:693,801,1116,1089,1044,837,765,603,1053,585,1107,711,639,846,1098,1080,729,873,684,
Shot 3:1161,1188,1143,1152,
Shot 4:1251,
Shot 5:1260,
Shot 6:1332,1269,1287,1278,1296,1305,1323,
Shot 7:1395,1350,1413,1368,1404,
Shot 8:1422,
Shot 9:1431,1440,
Shot 10:1449,
Shot 11:1458,1467,
Shot 12:1476,
Shot 13:2259,2547,2502,2439,1611,1485,2493,2520,2043,1692,2016,2070,2358,2484,1503,1818,1521,2403,1539,2025,2511,1557,2196,2124,2241,1638,2430,2529,2412,1836,2151,2349,2277,2061,2034,1701,2538,2331,2448,1665,2250,2556,1548,
Shot 14:2592,2574,2619,2583,2601,
Shot 15:2736,2808,2817,2664,2799,2826,2844,2709,2691,2655,2862,2718,2673,
Shot 16:3123,3645,2916,3429,3411,3447,2889,3276,2961,3078,3474,3402,3582,3681,3420,3618,3708,2898,3717,3654,3150,3330,3690,3339,3132,
Shot 17:3735,
