Shot 0:45,27,9,63,36,54,
Shot 1:72,
Shot 2:81,
Shot 3:180,90,144,153,162,189,
Shot 4:333,288,396,315,324,
Shot 5:486,684,594,468,513,639,675,477,630,522,
Shot 6:1188,1512,981,729,1323,936,765,1341,1458,792,1008,1035,918,1368,1494,963,1395,999,1431,1017,1125,972,990,738,945,720,1314,1170,1197,1449,1026,1179,1440,
Shot 7:1530,1548,
Shot 8:1845,2151,1953,2079,1971,1737,1575,1863,1935,1710,1881,1791,1980,
Shot 9:2754,2538,2997,2988,3042,2844,2583,2880,2205,2907,3087,2826,3015,2862,2970,2943,2898,3060,2232,3033,2619,2574,2835,2664,2853,2808,2565,2682,3024,3006,2925,2655,2709,3069,3051,2871,2817,2799,2934,2781,2736,2691,2952,2601,2979,2223,
Shot 10:3105,3096,3123,
Shot 11:3150,3258,3132,3249,3186,3168,3204,3195,3222,3141,3159,
Shot 12:4779,5814,4068,3339,3267,4185,3717,5778,4176,3609,3330,3285,4059,5265,4194,3924,4113,5571,5706,4995,5175,3357,4419,5067,5760,5121,5436,5643,4563,5787,4203,5688,4887,5229,4923,5805,4635,5373,3627,3771,4707,5508,5202,3384,3996,5274,5310,4653,4545,5580,4725,3276,5004,4716,4797,
Shot 13:5850,5895,5886,5832,5877,5859,5841,
Shot 14:5949,5913,6435,5904,6399,6120,6318,5922,6021,6426,6003,6390,5940,
Shot 15:6462,6444,6453,6471,
Shot 16:6615,6534,6498,6516,6525,6651,6552,6480,6588,6489,6507,6597,6660,6633,6606,
Shot 17:6687,6696,6678,
Shot 18:6705,6714,
Shot 19:6723,6732,
Shot 20:6741,6759,6750,
Shot 21:6840,6768,6777,6786,6813,6867,6795,6831,
Shot 22:6921,7002,6885,6975,6903,6939,6912,6894,6993,6957,6930,
Shot 23:7011,7020,
Shot 24:7029,7038,
Shot 25:7119,7074,7065,7164,7047,7173,7083,7146,7110,
Shot 26:7182,
Shot 27:7191,7200,
Shot 28:7416,7326,7281,7371,7308,7245,7209,7461,7344,7443,7335,7407,7353,7425,7389,7272,7218,7299,
Shot 29:7587,7497,7533,7560,7614,7515,7542,7488,7569,7506,7578,7596,7524,7605,
Shot 30:7659,7704,7641,7686,7650,7668,
Shot 31:7722,7731,
Shot 32:7740,
Shot 33:7749,
Shot 34:7758,7767,
Shot 35:7785,7776,7794,
Shot 36:7803,
Shot 37:7830,7812,7866,7848,7857,7839,7821,
Shot 38:7884,7902,7893,7875,
Shot 39:7938,8019,8001,7911,8010,7992,7956,7920,
Shot 40:8145,8028,8046,8154,8082,
Shot 41:8181,8217,8163,8199,8172,
Shot 42:8280,8226,8235,8244,8262,
Shot 43:8298,
Shot 44:8307,8316,
Shot 45:8514,8559,8325,8397,8352,8433,8343,8469,8523,
Shot 46:8766,8568,8892,8883,8946,8964,8901,8577,8595,8937,8874,8838,8685,8631,8856,8793,8712,8820,8586,8811,8784,8802,
Shot 47:9225,9540,9459,9018,9414,9333,9801,8973,9117,9270,9450,9477,9306,9054,9513,9090,9387,9441,9639,9720,9342,9207,9252,9000,9189,9684,9756,9036,9594,9522,
