Shot 0:9,18,
Shot 1:333,297,522,900,27,513,648,306,450,747,486,36,360,234,81,549,207,117,171,153,288,270,855,432,729,405,180,765,315,576,693,837,45,684,351,243,441,
Shot 2:909,918,
Shot 3:1161,1026,927,1008,1224,981,1089,1044,1053,1206,1125,936,1152,
Shot 4:1233,1242,
Shot 5:1251,
Shot 6:1278,1260,1296,
Shot 7:2835,1305,3384,1557,3024,2358,3204,3366,2925,2745,3150,2385,1683,3483,3069,1638,2439,3249,3348,2403,1431,2493,2592,2997,
Shot 8:3492,
Shot 9:3501,
Shot 10:3600,4482,4473,4644,3510,4500,4608,4464,4527,3564,3519,4653,4491,4626,3798,3690,4617,3537,4086,
Shot 11:6597,5481,6291,4968,4689,5355,6102,6021,6156,5229,6633,5733,5490,4977,5499,6003,5076,4860,5517,6138,5688,5940,6462,5463,5256,5121,6255,4959,5598,5643,5652,6075,4680,6417,5382,5211,5751,6201,6030,5049,5193,6273,4815,5202,5670,6066,4995,5724,6453,5706,4932,6426,4851,5553,6129,5472,4986,4806,6039,5679,5742,6309,6237,5526,6147,6444,4725,5445,5841,6219,5508,4707,5094,5175,5400,5580,5661,5607,4842,5238,6624,5634,4878,6381,5949,6192,4752,5391,4797,4761,5589,5544,6318,6561,5265,5760,6498,4896,5922,5895,5994,5004,5976,6183,6534,6516,5715,5139,6246,5850,5931,
Shot 12:6642,
Shot 13:7146,6651,6678,7128,6660,6768,7254,6714,7200,7137,
Shot 14:7596,8361,8316,9873,8469,7308,7479,9036,7488,9792,9072,8496,9243,8064,8532,9693,7362,7524,9774,8280,9828,7335,9702,9729,8154,8901,7758,7884,9567,7353,7731,9585,7452,8523,7821,7740,9198,8541,7389,9657,7920,7551,8586,8748,8559,8073,7839,8649,8676,9621,7803,7704,9531,7425,7533,7623,8622,8577,7650,8703,7677,7722,9864,7587,7560,
Shot 15:9882,
Shot 16:16074,11655,16767,11664,14211,12591,11088,9891,11673,12528,13239,12609,12861,12726,12780,11646,14625,14598,11169,14004,13545,11682,14778,13176,13212,13977,11691,11268,13329,14571,12762,13230,16758,14589,14274,16650,16677,12924,16443,15885,12897,13149,11511,16461,16335,14616,13374,14247,14139,16659,15057,14679,16686,15399,9900,13266,14346,14166,12015,14220,16614,14697,13185,15822,10980,16515,14049,13995,14652,11700,14823,12798,9972,12042,13320,15165,16416,13347,13158,10296,15003,14328,13392,15795,11115,15039,10215,16623,14562,16488,14022,14238,10710,14967,11790,11493,13923,15849,14085,14850,10854,10548,9990,15102,10503,10737,10251,11817,12222,13563,13041,10809,15678,10953,16740,16704,13482,14445,16470,10116,12051,15237,10008,13464,10035,15471,12987,11304,13878,15111,15831,11799,13905,13797,11844,12312,13536,16713,10899,15759,10683,14940,11421,9936,16092,11043,12357,13761,13815,10152,12672,14949,
Shot 17:16776,
Shot 18:16938,16803,16785,16794,16830,
Shot 19:16947,
