Shot 0:18,45,9,54,36,
Shot 1:81,72,99,
Shot 2:144,108,153,126,171,162,117,
Shot 3:225,180,252,198,
Shot 4:486,297,261,360,531,549,279,315,306,522,540,378,342,423,270,369,333,441,405,324,414,351,468,477,
Shot 5:567,558,576,
Shot 6:612,774,756,747,765,711,585,657,
Shot 7:783,
Shot 8:1188,792,990,1251,801,1323,1062,1305,1017,1296,1314,1215,1278,1161,819,900,1233,1197,1035,927,
Shot 9:1413,1467,1476,1440,1458,1431,1485,1557,1449,1386,1341,1494,
Shot 10:2835,1962,2169,2961,2394,2619,2763,2745,1575,2916,2142,2376,2682,1692,1755,2511,3015,2610,2880,2979,2178,1737,1935,1827,2637,3195,2727,1917,1782,2340,2250,3159,1764,2358,2349,2385,2403,1665,2196,2790,2601,2367,1746,1674,2952,2106,2655,2997,2529,1872,1791,2853,2565,3051,2700,2412,2232,1683,2070,2844,1809,2286,2016,2493,1908,2547,1602,2430,2583,1854,2871,3186,3042,2799,2808,2826,
Shot 11:3375,3474,3222,3258,3285,3231,3339,3411,3420,3213,3312,
Shot 12:3546,3771,3492,3735,3519,3609,3681,3501,3591,3717,3798,3753,3528,3573,3780,
Shot 13:4212,4239,4356,
Shot 14:5409,4932,5031,5076,4869,4968,5049,5121,4860,5364,5382,5022,5013,4977,5247,4995,4986,5166,5058,5274,5103,5085,4896,5004,5193,5427,5373,5157,4914,5310,5148,4959,5391,5400,
Shot 15:7011,5454,5706,5769,5589,5751,5499,5481,5445,6552,6507,5616,5463,5796,6588,5760,5724,5526,5787,5688,6804,5472,7245,6012,5607,5652,6570,6480,6300,6255,7155,6084,6444,5490,5634,7119,7137,6129,6894,7200,7038,5508,5598,6912,6876,7002,
Shot 16:7398,
Shot 17:7416,7443,7434,7407,
Shot 18:7497,7524,7452,7560,7542,7461,7506,7470,7488,
Shot 19:7650,7965,7749,7569,7677,7695,7596,7614,7578,7659,7605,7641,
Shot 20:7983,7974,7992,
Shot 21:8010,8001,8019,
Shot 22:8028,
Shot 23:8055,8082,8064,8037,
Shot 24:8100,8109,
Shot 25:8118,
Shot 26:8127,
Shot 27:8181,8271,8136,8226,8253,8208,8235,8145,8199,8217,8262,8172,8154,
Shot 28:8280,
Shot 29:8289,
Shot 30:8298,
Shot 31:8307,
Shot 32:8640,8316,8685,8595,8676,8667,8622,8649,8334,
Shot 33:8757,8721,8703,8694,8712,8766,8730,8739,
Shot 34:8793,8784,8775,8802,
Shot 35:8811,
Shot 36:8820,8838,8829,
Shot 37:8856,
Shot 38:8865,8874,
Shot 39:8883,
