Shot 0:9,1431,477,1413,567,180,639,1134,1206,882,378,198,450,1107,648,1044,1071,810,1089,612,1143,774,1386,540,1215,1161,1350,1251,1197,936,1323,1395,126,153,
Shot 1:1440,
Shot 2:1449,
Shot 3:1458,
Shot 4:1512,1485,1467,1476,1494,1503,
Shot 5:1521,
Shot 6:1548,1539,1530,1584,1566,1557,
Shot 7:1629,1620,1593,1647,1638,1602,1611,
Shot 8:1683,1710,1665,1692,1656,1701,1674,
Shot 9:1737,1755,1728,1764,1773,1719,1746,
Shot 10:1782,1791,
Shot 11:1809,1818,1827,1800,1836,
Shot 12:1845,1854,
Shot 13:1863,1872,
Shot 14:1890,1908,1899,1881,
Shot 15:1935,1944,1917,1926,
Shot 16:1953,
Shot 17:1962,
Shot 18:1971,
Shot 19:1980,
Shot 20:1989,
Shot 21:2016,1998,2025,2007,
Shot 22:2061,2034,2043,2052,2070,
Shot 23:2088,2079,2097,2106,
Shot 24:2115,
Shot 25:2124,
Shot 26:2133,
Shot 27:2151,2160,2142,
Shot 28:2169,2178,
Shot 29:2187,
Shot 30:2196,2205,
Shot 31:2223,2241,2214,2232,
Shot 32:2250,
Shot 33:2259,
Shot 34:2277,2286,2268,
Shot 35:2295,
Shot 36:2304,2313,
Shot 37:2322,
Shot 38:2367,2331,2349,2340,2376,2385,2358,
Shot 39:2394,2403,
Shot 40:2412,2421,
Shot 41:2430,2439,2448,
Shot 42:2457,2466,
Shot 43:2475,
Shot 44:2484,2493,
Shot 45:2502,2511,
Shot 46:2520,
Shot 47:2529,
Shot 48:2538,
Shot 49:2574,2547,2565,2556,2583,
Shot 50:2592,
Shot 51:2610,2601,2619,
Shot 52:3366,2664,2655,2673,2745,2727,2628,2691,2709,2718,2682,2646,2700,3654,3267,2637,3708,2754,3672,2871,3231,3294,2781,3690,3276,3312,2997,3816,3600,2763,3780,3213,2808,3636,3798,3042,2934,3474,3087,3483,2979,3150,2835,2853,3762,2862,3726,3303,3330,3519,3681,3249,3465,2961,3204,3123,2880,3132,3627,3564,2943,
Shot 53:3906,3933,3843,3870,3861,3924,3888,3915,
Shot 54:3969,3942,3951,4005,3996,3960,3987,
Shot 55:4383,4842,4833,4824,4014,4707,4266,4032,4725,4284,4158,4086,4689,4491,4815,4059,4680,4131,4041,4023,4743,4149,4194,4554,4527,4329,4068,4806,4644,4500,4095,4698,4446,4212,4077,4104,4203,4455,4572,4608,4662,4518,4509,
Shot 56:5229,4851,5688,5769,4869,5697,5679,5625,4878,5463,5400,5760,4914,5220,5616,5058,5355,5472,5193,5427,5454,5661,5319,4959,5706,4968,5751,5292,5040,5481,5445,4932,5364,5067,5382,5175,5094,5265,5373,5526,5742,5346,4887,5733,4923,
