Shot 0:189,9,18,234,243,27,225,216,36,45,207,
Shot 1:441,252,423,477,333,360,369,432,459,306,387,
Shot 2:513,558,549,576,594,540,504,486,522,
Shot 3:648,612,666,
Shot 4:756,684,783,747,
Shot 5:900,846,855,891,873,810,882,801,864,837,828,918,
Shot 6:972,1071,
Shot 7:1107,1134,1116,1098,1143,1089,1125,
Shot 8:1332,1152,1260,
Shot 9:1350,1440,1377,1413,
Shot 10:1467,
Shot 11:1719,1863,1746,1818,1845,1728,1737,1755,1800,
Shot 12:1989,
Shot 13:2538,3006,2925,2187,2673,2592,2439,3150,2295,2106,2682,2961,2178,2286,2835,2142,2691,2745,2646,2304,2781,2349,2898,2664,2358,2511,2619,3114,2601,2520,2610,2250,2628,2718,2403,2331,3069,2736,2637,2934,2700,2817,2313,2385,3015,2907,2772,2970,3123,2565,3024,2502,2916,2988,2421,2799,2124,2493,2448,
Shot 14:3159,
Shot 15:3420,3411,3528,
Shot 16:3591,3537,3645,
Shot 17:3924,3807,4050,3663,3681,3933,
Shot 18:4086,
Shot 19:4176,4185,
Shot 20:4329,4230,4266,4284,4419,4311,4365,4347,4338,
Shot 21:4860,4950,5598,4824,5220,5004,4581,4914,4617,5445,5436,4959,4455,4599,4626,5535,5157,5103,4671,5121,5229,5067,4923,5346,4932,5256,4608,4986,4968,4725,4995,4842,5508,4572,4680,4653,5040,4941,5058,4707,5247,4428,4500,5391,5337,5319,4635,5094,5292,5022,5526,4509,4887,5139,4464,5301,5238,4833,4761,4743,4446,4815,4770,
Shot 22:5823,5976,5958,5670,5886,5760,5733,5841,
Shot 23:6660,6327,5985,6273,6075,6300,6291,6237,6309,6750,6687,6282,6048,6030,6759,6714,6003,6633,
Shot 24:6867,
Shot 25:7605,7443,7110,7281,7749,7767,7506,7659,7299,7596,7461,7344,7776,7551,7020,7452,7335,7371,7488,7758,7569,7578,7533,7470,7416,7668,7407,7479,7524,7677,7029,7083,7542,7272,7695,
Shot 26:8361,7794,8406,8172,8217,8397,8262,8379,
