Shot 0:36,9,
Shot 1:90,
Shot 2:162,126,144,207,
Shot 3:576,243,729,387,1098,477,288,855,999,639,441,792,1017,837,774,459,1008,1026,270,450,378,540,414,621,927,720,846,
Shot 4:1143,1107,1170,1116,
Shot 5:1359,1305,1233,1206,1368,
Shot 6:1458,1611,1674,1530,1773,1377,1692,1629,1710,1386,1602,1521,1548,
Shot 7:1863,1791,1881,1800,1872,
Shot 8:1944,1899,1935,1953,
Shot 9:2178,2079,2007,2259,2160,2070,2169,2187,
Shot 10:2268,
Shot 11:3060,2799,2592,2331,2475,2934,3141,2646,2421,3024,2844,2502,2574,2628,2484,2871,2781,2952,2403,3042,2826,3114,2835,2583,2709,3132,3033,
Shot 12:3204,3177,3186,3195,3213,
Shot 13:3339,3267,3285,3357,3303,
Shot 14:3672,3564,3429,3510,3663,3681,
Shot 15:3771,3744,3753,3762,3780,
Shot 16:3825,3834,3816,
Shot 17:3897,3843,3906,
Shot 18:4005,4167,4104,3924,3978,4122,4185,4059,3987,4176,4086,4149,4041,
