Shot 0:9,108,
Shot 1:126,477,450,225,414,117,459,135,207,
Shot 2:540,855,702,846,639,801,603,648,522,
Shot 3:873,882,864,
Shot 4:918,954,1071,936,1116,1143,972,891,963,945,927,1098,990,909,
Shot 5:1296,1152,1260,1161,1170,1251,1224,1197,1287,1242,1305,
Shot 6:1341,1314,1332,
Shot 7:1350,
Shot 8:1368,1377,1359,
Shot 9:1404,1440,1422,1413,1386,
Shot 10:1485,1755,1458,1737,1575,1836,1449,1782,1773,1584,1764,1476,1791,1494,
Shot 11:2016,2088,1845,1926,2061,2097,2079,2007,
Shot 12:2115,2106,2124,
Shot 13:2511,2403,2151,2295,2133,2169,2160,2556,2367,2142,2601,2421,2376,2412,2547,2583,2448,2187,2466,2385,2322,2484,2502,
Shot 14:2628,2637,2610,
Shot 15:2646,2655,
Shot 16:2664,2673,
Shot 17:2682,2700,
Shot 18:2970,2709,2745,2736,2835,2718,2961,2853,2997,
Shot 19:3069,3033,3042,3060,3024,3051,3078,
Shot 20:3105,3087,3114,3096,
Shot 21:3330,3510,3483,3519,3429,3285,3474,3492,3159,3501,3303,3375,3528,3231,3411,
Shot 22:3537,
Shot 23:3546,3555,
Shot 24:3654,3582,3681,3573,3600,3672,3627,3663,
Shot 25:3690,
Shot 26:3699,
