Shot 0:9,
Shot 1:387,702,684,855,693,675,378,711,
Shot 2:2034,1251,1287,1044,1656,1476,1836,2007,1638,1062,1458,1827,1854,1269,1449,864,2016,1071,1647,2196,1260,1467,1053,1629,1278,1818,873,1440,1845,2025,1665,1080,
Shot 3:2421,2205,2394,2592,2403,2214,2583,2385,2412,2223,
Shot 4:2628,2745,2601,
Shot 5:2772,2754,2898,2763,2889,
Shot 6:2925,3366,3177,3042,3195,3051,2907,3186,3204,3060,3033,2916,
Shot 7:3546,3582,3564,3744,3375,3573,3384,3555,
Shot 8:3771,4122,3942,3753,3960,4131,3933,3762,3951,4113,
Shot 9:4518,4320,4302,4500,4491,4311,4680,4329,4509,
Shot 10:5049,5625,4689,5427,5805,5247,6039,6219,5823,5076,4860,6237,6210,5607,4869,5796,5067,6030,6201,5616,5436,5058,5256,5814,5238,6021,4878,6228,4887,5085,4896,4707,
Shot 11:6345,
Shot 12:6354,6732,
