Shot 0:234,1926,639,1935,1377,45,1872,99,1782,117,1674,963,666,1728,1062,1566,648,1080,9,504,1467,351,756,1836,1026,765,1089,1845,864,1791,54,1341,837,108,90,1575,1503,1800,1602,1692,225,432,198,180,243,
Shot 1:2187,2232,2250,2259,2277,2079,2313,2286,2169,2034,2124,1989,
Shot 2:2340,
Shot 3:2349,
Shot 4:3807,2439,3915,3978,3573,2574,2628,3141,2943,4140,3204,2403,3987,2619,4158,4014,2448,3762,2601,2367,2853,2592,2817,3618,2358,2799,4113,3528,3879,2790,3825,3861,
Shot 5:4374,4347,4338,4392,4401,4356,4365,
Shot 6:4491,4671,4428,4545,4599,4446,4635,4410,4527,4464,4509,4419,4536,4455,4473,4437,4482,
Shot 7:4743,
Shot 8:5175,4860,5940,6030,4851,5796,5445,5841,5265,5625,4914,5787,5724,5976,4752,4878,5688,4977,5697,4806,6066,5166,5967,5427,5607,5868,
Shot 9:6849,6714,6885,
