Shot 0:9,36,27,
Shot 1:63,45,54,72,
Shot 2:171,315,261,198,270,297,126,153,333,234,288,243,306,216,162,
Shot 3:450,603,594,558,405,486,441,
Shot 4:621,711,693,675,720,657,666,702,684,648,630,612,
Shot 5:747,729,756,738,
Shot 6:891,801,918,927,855,837,765,819,864,882,
Shot 7:945,963,936,
Shot 8:1179,1044,1080,1089,999,1305,1062,1269,1116,1206,1134,1035,1233,1071,
Shot 9:1350,1314,1341,1359,
Shot 10:1458,1476,1449,
Shot 11:1503,1485,1512,1494,
Shot 12:1602,1629,1530,1539,1620,1575,1548,1566,1521,1611,1584,1593,1557,
Shot 13:1638,1647,
Shot 14:2133,1656,2205,2223,1665,1683,1737,2214,1800,2187,1674,1908,2196,1719,2178,1692,1863,2088,1746,2151,1890,
Shot 15:2241,2259,2232,
Shot 16:2268,2277,
Shot 17:2295,2322,2367,2349,2313,2286,2358,
Shot 18:2412,2421,2430,2376,
Shot 19:2799,2502,2835,2439,2826,2646,2817,2448,2754,2565,2520,2691,2736,2511,2529,2808,2628,2601,2538,2547,2718,2772,2664,2727,2583,2790,
Shot 20:2862,2853,2844,
Shot 21:2898,2943,2871,2925,2889,2916,2907,2934,2880,
Shot 22:3024,3105,3096,2952,3114,3132,2979,3069,3042,3006,3051,2997,3033,3078,3015,
Shot 23:3366,3159,3249,3276,3177,3402,3357,3330,3384,3204,3231,3150,3285,3393,3375,
Shot 24:3438,3474,3411,3456,3429,
Shot 25:3501,3510,
Shot 26:3528,3537,3519,
Shot 27:3555,3573,3546,3564,
Shot 28:3690,3582,3600,3618,3645,3591,3672,3699,
Shot 29:3906,3726,3780,4023,3996,4068,4050,3807,3753,3843,3789,3969,3771,3852,
Shot 30:4122,4077,4086,4104,4131,4113,
Shot 31:4356,4221,4311,4158,4230,4140,4194,4248,4257,4176,4338,4203,4320,4185,4410,4302,4293,4392,
Shot 32:4752,4995,4554,4500,4626,4932,4887,4905,4860,4581,4617,4437,4914,4599,4590,4653,4635,4896,4509,4671,4536,4608,4644,4941,5004,4464,4869,4851,4797,4572,4482,4689,4833,4806,4788,4491,
Shot 33:5220,5391,5373,5013,5400,5355,5364,5382,5049,5346,5319,5130,5256,5301,5283,5067,5022,5193,
Shot 34:5409,
Shot 35:5535,5427,5436,5418,5463,5445,5481,5517,5625,5553,5607,5472,5499,5589,
Shot 36:5634,5652,
Shot 37:5661,
Shot 38:5670,
