Shot 0:90,9,81,99,
Shot 1:1566,1962,198,837,108,1035,1449,306,207,171,810,585,720,1746,1638,153,828,1161,1143,189,126,1791,1917,1629,1098,819,1674,1863,414,180,1413,1908,927,1539,504,1800,1872,1647,297,243,288,270,729,1764,711,
Shot 2:2259,2304,1998,2322,2394,2313,2349,2376,2241,2151,2007,2106,2358,2061,2187,
Shot 3:2412,
Shot 4:3879,2502,3942,2421,4050,3276,2448,4086,3015,2520,2475,2925,2691,4230,2646,3987,2700,4185,2916,2439,2466,2673,4176,3213,2898,4212,2655,2889,3951,3897,3933,
Shot 5:4446,4419,4410,4464,4428,4482,4437,4455,4473,
Shot 6:4545,4815,4662,4734,4491,4608,4824,4509,4698,4581,4527,4590,4518,4554,4536,4500,4572,
Shot 7:5499,5337,4932,4986,5238,5193,5517,4914,5742,5067,4941,4878,5670,5247,5706,
Shot 8:5760,
Shot 9:6714,5769,5814,6102,5859,5868,6372,5913,6462,6282,6003,5832,6093,6147,5796,6399,
Shot 10:6840,6966,6786,
Shot 11:7101,
