Shot 0:2052,99,954,36,1134,153,756,882,1530,657,9,1521,1782,1638,1737,234,612,117,108,1260,783,891,387,1584,54,1287,81,126,1008,279,774,135,2196,900,1854,2142,1935,1872,1215,2124,198,2205,1278,1863,2061,216,2187,243,1899,2016,225,2133,2007,
Shot 1:2574,2664,2655,2295,2745,2682,2673,2718,2475,2772,2367,2583,2709,2520,2304,2637,2412,2601,
Shot 2:2790,
Shot 3:2799,
Shot 4:3069,2862,3132,2898,2826,2871,3006,2907,2808,2817,2844,2853,3123,3114,3105,3096,3078,
Shot 5:4221,3537,3825,3672,3438,3357,3834,3321,3744,3681,3366,4293,4500,3816,4194,3429,4185,3330,4563,4230,4545,
Shot 6:4608,
Shot 7:4626,4671,4635,
Shot 8:4914,5157,4797,4860,4761,4968,4905,4752,4950,
Shot 9:5238,5175,5256,5193,5202,5220,5211,5247,
Shot 10:5382,5283,5463,5562,5265,5310,5517,5409,5319,5355,5418,5301,5328,5472,5373,5400,5391,5346,
Shot 11:5661,
Shot 12:6192,7992,6912,7137,7011,8019,6498,5940,6768,6921,5868,6345,6120,7443,6885,7245,6840,6687,5670,6732,5733,6480,7029,6975,7974,7092,5805,7200,6876,7209,7128,6795,7371,6210,6804,6174,5769,5814,7470,
