Shot 0:153,270,261,81,54,108,126,144,99,117,18,45,36,9,189,72,27,234,243,198,
Shot 1:585,450,333,1377,405,927,1341,423,459,828,1107,1089,1224,477,1071,1206,378,1314,729,369,441,540,549,576,531,594,
Shot 2:1458,
Shot 3:1863,1800,2835,2412,2871,2583,2304,2007,1809,2511,2889,2907,2097,2241,2178,2115,2646,1926,2610,1935,2790,1764,2349,1845,2898,2826,1917,1818,1854,
Shot 4:2925,
Shot 5:3429,3870,4068,3132,4077,3825,4221,3816,3555,3087,3771,3195,4059,3006,3051,3069,3447,2934,3753,
Shot 6:4239,
Shot 7:4248,4302,
Shot 8:4311,
Shot 9:4356,4599,4536,4347,4581,4734,4320,
Shot 10:4905,4977,
Shot 11:5157,5139,4986,5031,5085,5076,5121,5103,5130,
Shot 12:5202,5220,5193,5211,
Shot 13:5409,5472,5229,5544,5517,5301,5427,5454,5400,5274,
