Shot 0:54,90,81,9,72,36,63,45,
Shot 1:99,
Shot 2:198,144,108,243,135,162,153,225,180,126,171,234,189,216,207,
Shot 3:387,954,828,684,576,288,486,927,882,774,621,972,531,657,342,729,549,414,450,702,855,963,504,540,603,909,360,306,558,693,945,333,837,459,477,405,711,396,720,378,936,900,
Shot 4:1089,1287,990,1233,1179,1035,1134,1260,1008,1278,999,1017,1107,1071,1152,1251,1080,
Shot 5:1476,1377,1332,1314,1413,1395,1350,1341,1359,1512,1323,1440,1386,1458,1431,1404,1449,1467,1485,1521,
Shot 6:1701,1611,1566,1638,1548,1584,1665,1719,1602,1620,1575,1683,1710,
Shot 7:1854,1746,1773,1899,1728,1800,1872,1764,1827,1881,1890,1908,1863,1809,1845,
Shot 8:1953,1935,1944,1962,
Shot 9:2016,1980,1998,2034,2007,2025,
Shot 10:2061,2088,2052,2070,
Shot 11:2106,2124,2115,2097,
Shot 12:2160,2196,2169,2205,2178,2151,
Shot 13:2304,2430,2574,2367,2502,2385,2223,2259,2466,2412,2547,2475,2340,2520,2277,2601,2403,2376,2241,2538,2592,2556,2457,2421,2439,2268,2322,2232,2349,2394,2358,2493,2250,2583,2295,2529,2313,
Shot 14:2610,2619,
Shot 15:2646,2628,2655,2637,
Shot 16:2682,2700,2673,
Shot 17:2709,2772,2754,2736,2763,2727,2718,
Shot 18:2781,
Shot 19:2790,2799,
Shot 20:2844,2880,2808,2817,2862,2853,2835,2871,
Shot 21:3024,2961,3096,2907,3159,2934,3060,2988,3132,2889,2979,3078,3114,3042,3141,2916,3006,2898,2952,3105,3087,2970,3051,2997,3033,2925,3015,
Shot 22:3294,3186,3240,3330,3168,3267,3213,3276,3312,3177,3249,3222,3195,3285,3321,3303,
Shot 23:3420,3573,3501,3348,3528,3474,3384,3591,3438,3555,3402,3492,3546,3456,3510,3429,3582,3375,3357,3465,3411,
Shot 24:3690,3609,3636,3663,3654,3627,3672,3681,3699,
Shot 25:3744,3771,3726,3753,3762,3735,
Shot 26:3789,
Shot 27:3897,3987,4014,3798,3951,3834,3870,3933,3852,4005,3915,3969,3807,3879,3942,3825,3906,3888,
Shot 28:4059,4086,4104,4095,4023,4032,4077,4050,4068,
Shot 29:4167,4113,4140,4194,4122,4131,4158,4149,4185,4176,
Shot 30:4464,4707,4608,4527,4212,4662,4356,4284,4401,4563,4716,4500,4698,4428,4320,4689,4383,4635,4248,4590,4338,4617,4482,4545,4518,4230,4302,4644,4374,4680,4347,4266,4410,4581,4653,4536,4491,4626,4311,4329,4473,4599,4221,4239,4392,4437,4419,4455,4671,
Shot 31:4725,4734,
Shot 32:4743,
Shot 33:4797,4860,4752,4833,4761,4815,4779,4851,4770,4869,4788,4806,4824,
Shot 34:4923,4887,4950,4905,4896,4941,4932,4914,
Shot 35:5103,5040,5166,4959,4995,5067,5130,5085,5049,5031,5058,5157,5184,5148,4968,5094,5112,5175,5076,
Shot 36:5202,5211,5193,
Shot 37:5229,5238,5220,
Shot 38:5292,5265,5274,5283,5301,
Shot 39:5346,5418,5319,5400,5328,5409,5337,5355,
Shot 40:5499,5850,5760,5661,5445,5796,5571,5697,5823,5616,5589,5634,5733,5535,5859,5472,5652,5841,5679,5625,5553,5436,5814,5715,5481,5742,5706,5688,5508,5769,5490,5643,5832,5562,
Shot 41:5940,5877,5985,5913,5886,5967,5895,5922,5958,5994,5976,5904,5949,5931,
Shot 42:6021,6048,6030,6012,
Shot 43:6111,6057,6165,6138,6066,6102,6129,
Shot 44:6408,6228,6336,6264,6309,6372,6435,6255,6282,6354,6390,6237,6201,6417,6318,6291,6219,6363,6273,6399,6426,
Shot 45:6489,6471,6444,6462,6480,6453,6498,
Shot 46:6624,6831,6534,6777,6705,6741,6588,6669,6804,6516,6651,6813,6687,6561,6786,6840,6606,6615,6750,
Shot 47:6930,6858,6885,6894,6966,6867,6903,6948,6912,
Shot 48:7416,7623,7749,7965,7533,8100,8019,7884,7137,7668,7839,7011,7218,8064,7578,7389,7992,7794,7479,7713,7929,7767,7272,7056,7857,7173,7506,7344,7119,7560,7452,7650,8082,7974,7308,7245,8037,7785,7830,7155,7551,7209,7587,7866,7515,8109,7434,7911,7326,8046,7227,7758,7497,8010,7983,7407,7875,8028,7425,
Shot 49:8802,8334,8172,8622,8991,8532,8379,8415,8244,8901,8487,8676,8208,8271,8136,8721,8586,8946,8460,8361,8766,8874,8307,8397,8919,8226,8559,8649,8505,8973,8739,8829,8784,8370,8730,8910,8703,8856,8433,8154,8406,8514,8541,8667,8604,8955,8316,8253,8280,8199,8262,8883,8811,8694,8235,8820,8937,8613,8712,8757,8793,8892,8523,8631,8424,
Shot 50:9054,9162,9126,9018,9108,9081,9135,9117,9036,9144,9009,9063,9045,
Shot 51:9180,
Shot 52:9270,9189,9207,9198,9225,9216,9261,9279,
Shot 53:9333,9288,9306,9342,9324,
Shot 54:9405,9351,9378,9360,9414,9396,
Shot 55:9423,
Shot 56:9450,9558,9540,9504,9432,9441,
Shot 57:9594,
Shot 58:9612,9666,9639,9603,9648,9621,
Shot 59:9684,9693,9675,
Shot 60:9702,9711,
Shot 61:9729,9720,9738,
Shot 62:9747,
Shot 63:9783,9756,9765,
Shot 64:9792,
Shot 65:9801,9810,
Shot 66:9828,9846,9819,9837,
Shot 67:9855,
Shot 68:9864,
Shot 69:9918,9882,9936,9873,9909,9891,9927,
Shot 70:9954,10017,10026,9999,9981,9963,9945,
Shot 71:10035,10044,
Shot 72:10098,10188,10242,10143,10215,10062,10179,10134,10080,10161,10206,10233,10197,10224,10125,10089,10107,10071,
Shot 73:10287,10251,10278,10260,10296,
Shot 74:10368,10494,10458,10422,10314,10332,10485,10350,10323,10404,10476,10386,10440,10359,10377,
Shot 75:10575,10521,10638,10602,10548,10503,10620,10530,10593,10557,10647,10566,
Shot 76:10764,10701,10818,10800,10719,10737,10782,10773,10746,
Shot 77:11052,10917,10863,10980,10953,11106,10998,10899,10845,11025,11088,10989,10881,11007,11070,10971,11016,11034,10854,11043,
Shot 78:11340,11538,11223,11448,11187,11484,11268,11403,11133,11511,11295,11205,11169,11241,11502,11376,11466,11304,11322,11457,11277,11196,11151,11178,11358,11142,11412,11493,11259,11124,11520,11331,11547,11286,11529,11349,11160,
Shot 79:11583,11610,11601,11592,11574,
Shot 80:11655,11682,11628,11664,11646,
Shot 81:11781,11817,11700,11736,11799,11718,11754,11727,11763,11790,11808,11709,
Shot 82:11862,11925,11907,11826,11844,11880,11889,11871,11916,11835,11853,
Shot 83:11943,11952,
Shot 84:11979,11961,11988,11970,
Shot 85:12033,11997,12015,12006,12042,
Shot 86:12060,12096,12078,12051,
Shot 87:12294,12132,12195,12159,12330,12114,12231,12177,12348,12258,12213,12168,12321,12123,12150,12249,12303,12204,12339,12267,12285,12141,12186,12222,
Shot 88:12609,12465,12357,12690,12402,12510,12654,12438,12555,12375,12483,12582,12636,12537,12420,12474,12618,12456,12546,12645,12663,12519,12393,12627,12384,12573,12447,12591,12429,12501,12600,
Shot 89:12726,12816,12780,12798,12744,12762,12708,12807,12789,12735,12717,
Shot 90:12825,12834,
Shot 91:12843,12852,
Shot 92:12897,12987,12969,12870,12933,12942,12879,12861,12915,12951,12888,12960,12924,
Shot 93:13050,12996,13122,13023,13005,13032,13068,13104,13041,13059,
Shot 94:13194,13149,13221,13176,13212,13158,13167,13203,13185,
Shot 95:13275,13419,13338,13230,13374,13239,13320,13401,13293,13302,13257,13356,13410,13329,13248,13284,13266,13365,
Shot 96:13518,13437,13473,13455,13491,13464,13500,13446,13482,13509,13527,
Shot 97:13644,13725,13554,13698,13662,13608,13626,13581,13680,13671,13734,13653,13572,13617,13707,13545,
Shot 98:13743,13752,
Shot 99:13761,13770,
Shot 100:13779,
