Shot 0:225,45,333,324,468,513,9,243,297,90,126,
Shot 1:729,531,738,639,756,801,666,612,819,711,549,783,774,621,
Shot 2:900,927,
Shot 3:936,1035,1224,1458,1359,1080,1449,1062,1242,1098,1413,1278,
Shot 4:1485,1494,1476,
Shot 5:1557,1521,1503,1566,
Shot 6:1593,1692,2079,1782,1809,1872,1602,1962,1746,1935,2052,1638,1836,1656,1800,2034,1791,1584,
Shot 7:2295,2493,2358,2142,2241,2205,2439,2421,2178,2331,2304,2223,2403,2268,
Shot 8:2511,2520,
Shot 9:2673,2718,2655,2637,2700,2610,2529,2691,2556,2736,2628,
Shot 10:2988,3105,2853,2790,3051,2799,2880,2934,3069,2970,2844,2952,3141,2925,
Shot 11:3168,3186,3195,3177,
Shot 12:3204,
Shot 13:3411,3348,3564,3492,3384,3510,
Shot 14:3600,3654,
Shot 15:3708,3798,3888,3825,
Shot 16:4014,4140,3951,
Shot 17:4158,4185,
Shot 18:4284,4302,4257,4239,4203,
Shot 19:4320,
Shot 20:4599,5526,4725,5355,4428,5283,5112,5040,5571,4671,5391,5004,5409,5166,4977,5265,4347,4770,4797,4509,5121,4635,4482,5229,5463,5328,5517,5490,5598,5139,4491,4752,5184,4662,4833,5049,5454,5103,4455,4383,4995,4923,4401,4365,4878,4545,4914,
Shot 21:5607,5616,
Shot 22:5634,5625,5643,
Shot 23:5661,
Shot 24:5688,
Shot 25:5967,5706,5958,
Shot 26:6048,6075,6030,6012,
Shot 27:6120,6174,6084,6138,
Shot 28:6183,
Shot 29:6291,6282,6300,
