Shot 0:9,
Shot 1:522,675,333,648,459,630,477,666,657,549,495,441,612,639,540,621,603,423,369,513,342,
Shot 2:783,711,810,801,765,729,747,792,
Shot 3:882,819,837,855,945,864,873,891,927,963,
Shot 4:1134,1449,1170,1359,1296,1188,1260,1026,1467,1152,1206,1440,1116,
Shot 5:1638,1521,1611,1593,1737,1755,1503,1656,
Shot 6:1926,1962,1773,1908,1854,1890,1782,1764,1809,1872,1791,1944,
Shot 7:2079,2142,2232,1998,2115,2016,2097,2124,2043,2088,2160,2070,
Shot 8:2457,2385,2493,2439,2475,
Shot 9:2628,2673,2547,2655,2583,2520,2610,2637,
Shot 10:2997,2736,2808,2826,2691,3087,2853,3051,2907,2709,
Shot 11:3465,3627,3132,3636,3312,3186,3168,3339,3609,3591,3492,3321,3258,3204,3618,3402,3294,3528,3348,3600,3366,3330,3105,3375,3303,3276,3564,3123,3546,3429,3384,3150,3582,
Shot 12:3690,3654,3672,3708,3681,3699,
Shot 13:3753,3726,3717,3807,3825,3816,3735,3744,3771,
Shot 14:3888,3843,3834,3852,3861,3924,3879,3897,
Shot 15:4077,3942,3969,4041,3960,4059,4095,3987,4050,4068,4023,4086,
Shot 16:4284,4158,4203,4176,4113,4311,4140,4185,4248,4167,4266,4149,4302,
Shot 17:4320,4329,
Shot 18:4338,4347,
Shot 19:4365,4374,4356,4392,4383,
Shot 20:4644,4509,4563,4617,4455,4527,4599,4545,4473,4410,4707,4626,
Shot 21:4752,4779,4788,4815,4770,4761,4743,
Shot 22:4869,4833,4860,4878,
Shot 23:4941,4995,4977,4968,5004,4887,4959,4896,4923,4950,
Shot 24:5022,5049,5040,5031,5013,
Shot 25:5076,5166,5274,5130,5292,5184,5256,5283,5265,5238,5058,5310,5112,5085,
Shot 26:5328,5364,5337,5319,
Shot 27:5445,5490,5391,5400,5409,5472,5454,5436,5427,
Shot 28:5580,5517,5562,5607,
Shot 29:6021,5760,5697,6201,5724,6102,5679,5787,6174,5823,6066,5742,5706,6120,5688,6048,5841,6192,5886,6165,6183,5859,6039,6030,
Shot 30:6273,6219,6246,6291,6264,6282,
Shot 31:6426,6534,6471,6390,6462,6498,6381,6480,6489,6453,6507,6417,6408,6372,6399,6336,6516,6525,
Shot 32:6669,6570,6633,6705,
Shot 33:6939,7020,6984,6876,6831,7011,6894,7047,6912,6723,7056,6741,6975,6993,7038,7065,6858,6957,6921,6948,6867,6804,6849,6822,6930,
Shot 34:7074,7083,
Shot 35:7092,7119,
Shot 36:7128,7137,7146,
Shot 37:7155,7164,
Shot 38:7200,7245,7182,7236,7191,7173,7227,7209,
Shot 39:7290,7398,7407,7380,7254,7389,7362,7263,7371,7344,7272,7353,7335,7281,
Shot 40:7425,7506,7452,7479,7470,7443,7461,7416,7497,7488,
Shot 41:7524,7542,7515,
Shot 42:7587,7614,7569,7596,
Shot 43:7776,7632,7677,7722,7659,7794,7758,
Shot 44:8073,7812,7839,8100,7884,7965,8046,
Shot 45:8820,8262,8613,8217,8469,8487,8568,8523,8460,8172,8874,8442,8226,8208,8739,8856,8451,8244,8865,8370,8838,8793,8802,8289,8847,8829,8325,
Shot 46:8883,
