Shot 0:225,1971,9,1341,963,1836,1782,1674,495,1872,432,117,1467,1800,1377,774,837,1566,864,1062,90,36,1602,1692,1845,1791,126,1962,1503,99,1935,1089,54,351,1026,2034,135,1575,1989,1728,243,207,216,198,180,234,
Shot 1:2187,2232,2277,2079,2250,2304,2259,2313,2241,2286,2169,2124,
Shot 2:2340,
Shot 3:2349,
Shot 4:3861,3150,3978,3879,3528,2448,2628,3204,3915,4014,2592,2610,2952,2358,2412,3582,2799,3096,2367,4158,4113,3987,4149,2439,2574,2790,3825,3807,
Shot 5:4347,4392,4356,4374,4365,4338,
Shot 6:4491,4626,4401,4446,4680,4590,4653,4545,4428,4518,4464,4419,4536,4509,4455,4473,4410,4527,4437,4482,
Shot 7:4743,
Shot 8:5175,5445,4752,4860,5625,5256,5796,5868,5724,4851,4968,6030,5886,4878,5607,4914,5715,5157,5427,6066,4806,5976,5787,5841,
Shot 9:6795,6876,6714,6777,
