Shot 0:2169,792,540,1170,252,99,936,117,126,315,1557,1305,171,1890,2052,153,801,279,396,2268,1404,1440,2241,1944,234,1818,27,1053,1908,1674,819,648,990,1962,2097,81,180,702,270,261,918,1629,2223,135,927,1566,1323,1251,2160,1773,432,1899,2232,2178,2088,2043,
Shot 1:2628,2682,2691,2367,2331,2745,2718,2511,2709,2475,2610,2403,2556,
Shot 2:2772,
Shot 3:3420,2799,2862,3303,3348,3078,3105,2844,2988,3501,2880,3060,3726,2781,2889,3312,2826,3114,3339,2835,3042,3051,3411,
Shot 4:4203,4482,3816,3798,4275,4212,
Shot 5:4590,4806,4968,4608,4887,4734,4770,4842,4653,4941,4545,4617,4527,
Shot 6:5130,
Shot 7:5220,5184,5157,5202,5175,5193,5238,5229,
Shot 8:5337,5562,5247,5454,5310,5382,5508,5265,5364,5292,5400,5355,5301,5319,5274,5391,5328,
Shot 9:5643,
Shot 10:7227,7929,7542,5724,8010,7947,6903,7506,5652,6489,6786,6759,6102,7119,5913,6957,6894,7074,6705,7425,5751,6318,6678,5787,6156,5850,5769,6795,7245,7614,6471,5805,7110,7191,
