Shot 0:9,54,81,27,63,99,36,72,90,
Shot 1:108,
Shot 2:153,162,
Shot 3:180,
Shot 4:189,198,
Shot 5:207,
Shot 6:405,216,531,468,270,738,720,234,477,774,756,747,819,621,279,846,315,693,801,792,225,603,459,342,495,288,360,675,378,
Shot 7:855,864,
Shot 8:1557,1125,1152,882,1773,918,1458,1494,1242,1017,891,972,1323,945,954,1737,1539,1485,1251,1683,981,1503,1215,1359,1476,1602,1287,1098,1305,1701,1818,1593,1746,1233,1584,1530,1548,999,
Shot 9:1980,1872,2151,2160,2142,2025,1827,2088,2097,1836,2106,1854,2016,2007,1971,
Shot 10:2304,2214,2430,2259,2277,2196,2250,2403,2313,2295,2331,
Shot 11:2484,2610,2475,2547,2565,
Shot 12:2619,2628,
Shot 13:2727,2664,2646,2637,2682,2691,2709,2718,
Shot 14:2745,
Shot 15:2817,2754,2808,2790,2772,2763,2781,2799,
Shot 16:2826,2835,
Shot 17:2862,
Shot 18:2871,2898,2916,2880,
Shot 19:2925,
Shot 20:2997,2979,3051,3069,3033,2934,3006,3168,2961,3024,
Shot 21:3285,
Shot 22:3366,3465,3321,3393,3294,3330,3357,
Shot 23:3501,3546,3510,
Shot 24:3555,3663,3708,3780,3618,3564,
Shot 25:3789,
Shot 26:3924,3870,4284,3996,4194,3852,3960,3969,4167,4203,3942,3951,4275,4257,4239,4068,3798,4104,4176,4158,4149,3807,4185,3915,
Shot 27:4311,4293,4302,
Shot 28:4329,4392,4437,4338,
Shot 29:4455,
Shot 30:4464,
Shot 31:4518,4509,4527,4563,4572,
Shot 32:4590,4599,
Shot 33:4824,4761,4635,4788,4716,
Shot 34:4869,4896,4842,
Shot 35:5094,5112,4995,4932,5103,
Shot 36:5139,5157,
Shot 37:5184,5166,5175,5193,
Shot 38:5328,5589,5274,5436,5220,5400,5481,5238,5229,5202,5373,5247,5301,5346,5211,5508,5427,5355,5364,5382,5310,
Shot 39:5625,
Shot 40:5778,5796,5805,5706,5733,5751,5715,5634,5670,5769,5643,
Shot 41:5859,5832,5850,
Shot 42:5976,6021,6057,5931,
Shot 43:6084,
Shot 44:6156,6120,6318,6237,6273,6192,6138,6300,6165,
Shot 45:6687,6354,6705,6498,6489,6327,6525,6732,6444,6561,6588,6759,6768,6651,6795,6624,6345,6453,6633,6678,6660,6471,
Shot 46:6804,
Shot 47:6858,6849,6831,
Shot 48:6867,
Shot 49:6876,
Shot 50:7407,7524,7155,7938,7074,6975,7488,7389,7767,7704,7164,7614,7947,7326,7101,6993,6885,7254,6948,7110,7416,
