Shot 0:342,9,1089,1998,1800,171,1908,1593,243,1692,621,1467,1971,1962,900,963,1854,1188,1503,225,135,990,477,1215,1701,1926,1629,558,1206,1818,1917,1728,333,306,351,369,324,360,
Shot 1:2115,2205,2088,2241,2295,2250,2313,2160,2061,2097,
Shot 2:2358,2367,
Shot 3:2412,2457,2376,2439,2403,2430,
Shot 4:2466,
Shot 5:2475,
Shot 6:3933,3330,2565,2754,4041,3726,3744,2538,2574,2484,4014,2745,4113,4104,3069,2493,2700,3897,4239,4284,4140,4275,3663,2925,3276,2718,3672,2916,4005,3951,3987,
Shot 7:4509,4464,4482,4491,4536,4518,4500,4527,4473,
Shot 8:4608,4761,4653,4545,4725,4572,4788,4635,4563,4671,4590,4662,4599,4554,4644,4617,
Shot 9:4869,
Shot 10:4932,5040,5922,5391,6156,5571,6192,5841,4986,4878,5094,5913,5301,5967,4977,5751,5004,5850,6093,5553,5292,5733,6102,6066,
Shot 11:6840,
Shot 12:6939,6858,7101,
