Shot 0:18,45,36,
Shot 1:54,63,72,
Shot 2:99,90,81,
Shot 3:108,117,
Shot 4:144,153,126,
Shot 5:162,
Shot 6:819,171,270,621,306,279,909,1152,837,252,783,711,441,945,1089,1053,468,585,531,702,423,576,342,207,666,1134,450,1044,891,720,1116,405,522,981,963,1125,432,1080,513,648,459,954,189,216,810,1026,
Shot 7:1323,1350,1377,1359,1395,1386,1314,1260,1287,1179,1170,1206,1233,1305,
Shot 8:1413,
Shot 9:1440,1458,1422,
Shot 10:1476,
Shot 11:1566,1539,1530,1503,1584,1521,1575,1494,1557,
Shot 12:1593,
Shot 13:1638,
Shot 14:1647,
Shot 15:1674,
Shot 16:1683,
Shot 17:1692,
Shot 18:1701,1710,
Shot 19:1737,1791,1863,1890,1899,1728,1854,1746,
Shot 20:1935,1944,
Shot 21:2304,1980,2196,2403,2016,2250,2439,2115,2007,2205,2178,2421,2079,2133,2358,2142,2340,2169,2124,2187,2331,2295,2313,
Shot 22:2448,
Shot 23:2592,2601,2457,2538,2511,2502,2475,
Shot 24:2619,2628,2610,
Shot 25:2637,2646,
Shot 26:2673,2763,2718,2790,2655,2700,2736,2691,2682,2727,2709,2664,
Shot 27:2808,2853,
Shot 28:2934,3447,3456,3168,2916,3249,3015,3375,3384,3312,3069,3267,3411,3087,2907,3303,2862,3051,3141,3276,3213,2898,2925,3357,3465,3114,3204,3105,2961,3339,
Shot 29:3483,
Shot 30:3636,3807,4059,3654,3744,3537,4014,3492,3591,3915,3789,4023,3843,3870,3708,3510,3681,3897,3546,3600,3573,3627,
