Shot 0:198,1890,1845,1026,36,1719,963,765,1566,1377,639,9,1062,1089,1674,738,657,513,99,1341,1836,747,135,81,1467,54,1602,117,1791,855,108,756,1494,342,1575,1557,432,648,1728,1800,225,171,234,1692,
Shot 1:2115,2232,2304,2286,1926,2250,2241,2322,2169,2079,1989,1935,2187,2277,2034,
Shot 2:2340,
Shot 3:3807,4158,2349,4014,2853,2583,4140,2943,3204,3141,2367,3978,2628,2448,2403,2619,2817,3915,4104,2430,2376,2394,3870,2601,2844,2574,4113,2826,3825,3879,3861,
Shot 4:4374,4338,4356,4347,4383,4401,4392,4365,
Shot 5:4464,4662,5166,5427,4743,4914,4419,4581,5157,5265,4977,4860,4518,4842,4806,4752,5445,4869,5175,4410,4500,4437,4626,4536,4482,4455,4446,4527,4428,4509,
Shot 6:5625,5670,5598,
Shot 7:5688,
Shot 8:6642,5697,5787,6390,5832,5967,6210,6030,5796,6075,6300,5724,5940,5976,6327,
Shot 9:6849,6714,6921,6885,
