Shot 0:126,9,495,225,207,81,198,216,90,99,189,117,108,
Shot 1:747,
Shot 2:756,
Shot 3:891,774,1053,1017,855,1161,765,1035,837,999,792,873,783,1026,1008,909,1152,810,1044,864,882,900,801,
Shot 4:1206,1179,1449,1440,1188,1395,1197,
Shot 5:1458,
Shot 6:1638,1539,1467,1557,1710,1548,1629,1701,
Shot 7:1989,1881,2079,2214,1728,1800,1962,2133,2052,1719,1818,2151,1791,1899,1971,2061,2043,1890,1809,1980,1872,2115,1908,1998,
Shot 8:2502,2295,2412,2385,2484,2232,2394,2304,2475,2313,2565,2466,2403,2493,2286,2538,
Shot 9:2574,
Shot 10:3258,3069,2979,3537,3420,2583,2700,3024,2619,2718,2970,3528,3393,3150,2754,3483,2772,3474,3294,3249,3186,3267,3411,
Shot 11:3609,
Shot 12:3879,3699,3708,3672,3645,3843,3636,3618,3627,3663,3852,3861,3933,3870,
Shot 13:3969,4050,3942,4041,3951,4032,4023,3960,
Shot 14:4176,4059,4158,4239,4149,4167,4185,
Shot 15:4311,4851,4905,4923,4248,4590,4257,4914,4581,4338,4293,4284,4329,
Shot 16:5013,
Shot 17:5211,5112,5130,5031,5121,5193,5022,5094,5184,5292,5103,5202,5040,5283,5175,5274,
Shot 18:5742,6129,5301,5958,6093,5814,5922,5850,5481,5508,5913,5553,6039,6048,5454,5697,5391,5472,6075,5760,5796,
