Shot 0:1980,360,189,1602,693,2088,1386,36,990,666,1683,54,9,2106,1656,1269,963,279,1449,1485,1233,1350,1710,567,1665,2160,1458,2133,144,1935,2025,2142,1800,162,2043,1593,117,
Shot 1:2187,
Shot 2:2196,
Shot 3:2223,2466,2961,2286,3015,2430,2295,2412,2241,2205,2214,
Shot 4:3024,
Shot 5:3600,3033,3663,3897,3699,3330,3933,3348,3618,3654,
Shot 6:4158,4104,4122,4140,4167,4131,
Shot 7:4248,5319,4914,5175,5346,4626,4896,4437,4554,5157,5049,4185,4500,4311,4608,5382,4203,4221,4275,
Shot 8:5499,
Shot 9:5508,
