Shot 0:180,297,216,9,324,90,54,72,108,189,
Shot 1:603,441,594,576,
Shot 2:747,720,621,639,675,774,
Shot 3:819,783,801,792,837,
Shot 4:846,855,
Shot 5:873,864,891,
Shot 6:900,918,
Shot 7:927,
Shot 8:1017,972,936,1152,1116,1053,945,990,1170,1098,1071,1008,999,1044,1107,1161,1026,
Shot 9:1476,1836,1332,1278,1971,1215,1683,1584,1188,1350,1665,1512,1620,1503,1395,1908,1224,1800,1359,1296,1728,1458,1953,1251,1629,1494,1260,1242,1890,1314,1989,1557,1377,1287,1422,1440,1413,1881,1323,1431,1233,
Shot 10:2826,2223,2520,2268,2862,2196,2592,2232,2718,2646,2403,2043,2115,2853,2574,2709,2097,2385,2601,2637,2880,2691,2772,2502,2142,2457,2556,2808,2619,2844,2907,2205,2736,2781,2655,2277,2052,2898,2241,
Shot 11:2916,2925,
Shot 12:3735,3312,2961,3222,2979,3384,3357,3024,3294,3249,3393,4068,4131,3006,3456,3366,3861,3069,3960,3240,3420,3771,3321,4095,3132,3663,4140,3177,3492,3096,3951,4149,3906,4104,4050,3591,3303,2988,3708,3726,4005,3834,3501,3429,4023,3582,2970,3105,2934,3762,3474,4077,3150,3510,3690,3969,3528,4014,3033,3564,4041,3798,3915,3519,3996,3546,3897,3627,3978,3870,3573,3933,3555,3744,3879,3609,3618,
Shot 13:4185,4239,4212,4167,4248,4230,4158,4257,4203,4194,4221,
Shot 14:4275,
Shot 15:4302,4284,4311,4320,4293,
Shot 16:4329,4347,4338,
Shot 17:4707,4752,4545,4356,4833,4806,4392,4383,4662,4365,4527,4842,4743,4815,4698,4797,4536,4554,4509,4734,4500,4779,4428,4599,4464,4446,4410,4518,4716,4590,4491,4617,4563,4788,4761,4653,4482,4635,4824,4725,4680,
Shot 18:4851,4860,
Shot 19:5058,4968,4932,4941,5031,5076,4878,4950,5085,4896,5103,5040,4869,5130,4914,5112,
Shot 20:5364,5418,5391,5310,5157,5400,5328,5409,5247,5337,5211,5274,5283,5202,5265,5229,5355,
Shot 21:6615,7155,6075,5427,6876,7398,6921,6021,5679,6705,5913,5589,6471,7443,6291,6300,6903,5571,5724,7479,6993,6003,7452,7137,5904,6714,6912,7119,5778,6741,7263,5931,5445,6273,6885,6372,5922,6309,6750,5472,6057,6948,7200,6093,7335,7551,6723,6228,6156,6120,6453,7218,6867,5940,6957,5859,5976,7434,5886,5958,7074,5499,6336,7317,6147,6327,5652,7461,6192,6822,5598,7596,6138,6435,7245,6174,6813,5742,5544,6786,7524,6525,6804,6930,5463,6984,7623,7299,5715,6669,6084,5634,6129,5823,6759,5517,7191,5787,5805,6363,6165,7560,6588,5877,7011,5895,5670,6345,7101,6219,6678,6237,7173,6768,7083,6561,6633,6255,
Shot 22:7920,8424,8433,8181,8361,8082,7686,8019,8289,8100,8415,8172,8298,7713,7956,8109,8208,8073,8190,8271,8235,8217,8145,7803,8091,8316,8199,7749,7704,7884,7938,8064,7785,7983,7848,
Shot 23:8442,
Shot 24:8523,8451,8514,8559,8550,8532,8541,8469,8505,
Shot 25:8604,8658,8622,8685,8631,8568,8577,8613,8649,8595,8586,8640,
Shot 26:8802,8892,8856,8712,8766,8874,8730,8811,
Shot 27:8928,8901,8964,9054,8919,8982,9027,9063,9036,8991,8946,
Shot 28:9081,9126,9090,
