Shot 0:126,189,
Shot 1:216,
Shot 2:495,
Shot 3:846,
Shot 4:855,873,864,
Shot 5:882,891,
Shot 6:900,999,990,972,936,918,
Shot 7:1017,1026,1008,
Shot 8:1035,1134,1080,
Shot 9:1224,
Shot 10:1323,1449,
Shot 11:1539,1602,
Shot 12:2448,2034,1638,2268,2538,2637,2349,2286,2394,2583,
Shot 13:2655,
Shot 14:2844,2916,2871,2799,2862,2817,2853,2880,2835,2898,
Shot 15:3069,2925,3042,3096,3060,
Shot 16:3114,3438,3249,3240,3168,3204,3105,3123,3555,
Shot 17:3645,3672,3636,
Shot 18:3726,
Shot 19:3834,
Shot 20:3879,
Shot 21:4050,4068,4059,4041,
Shot 22:4176,4104,4293,4131,4149,4248,4140,4113,4212,4230,4194,4266,4311,4221,4185,4167,
Shot 23:4347,4941,4608,4752,4860,4365,4725,4734,4824,4851,4671,4905,4698,4599,4554,4626,4797,4653,4887,4563,4869,4770,4815,4716,4662,4455,4680,4473,4743,4482,4545,4464,4356,4923,4878,4383,4509,4437,4617,4761,4446,4419,4518,4338,4320,4500,4392,4401,4374,
Shot 24:5301,5553,5562,5076,5463,4995,5175,5256,5220,5436,5499,4968,5580,5310,
Shot 25:5724,5589,5607,5598,5886,5688,
Shot 26:6093,6192,6012,6021,6030,6057,6039,6111,6075,6129,
Shot 27:6336,
