Shot 0:27,117,9,
Shot 1:216,126,180,198,225,207,
Shot 2:234,
Shot 3:405,243,612,252,558,270,360,486,306,441,585,261,
Shot 4:2592,1260,693,1215,3447,3186,3321,729,810,3393,1197,1305,702,1836,1188,720,3312,1332,1809,2448,3060,2412,738,3456,666,3339,1692,1359,3213,990,1134,1278,3177,2520,1152,2214,1575,1062,1143,2916,2178,972,855,2709,3330,1845,2574,2601,747,
Shot 5:3753,3465,4086,3672,3663,4149,3501,3627,3483,3591,3969,3636,3573,3861,3492,3519,4158,3600,3726,3771,3807,3528,3564,3681,3744,
Shot 6:4635,4356,4284,4230,4392,4770,4239,4266,4338,4419,4491,4203,4212,4806,4671,4626,
Shot 7:4986,4923,4941,4833,4905,5103,
Shot 8:5121,
Shot 9:5139,5229,5301,5130,
Shot 10:5328,5319,5337,
Shot 11:6768,5580,5661,7029,5499,7056,5841,5688,5481,5598,5625,6183,7083,6291,6381,6471,6192,6732,
Shot 12:7965,7110,7164,9351,8964,7128,8946,7236,9117,9261,9000,8919,8739,8838,9027,8991,8955,8982,8037,
Shot 13:9405,9495,
