Shot 0:9,
Shot 1:342,18,54,27,81,108,225,360,
Shot 2:378,387,
Shot 3:396,
Shot 4:792,432,1179,720,756,504,459,747,810,405,486,765,1161,1170,801,783,
Shot 5:1206,1188,1197,1215,
Shot 6:1377,1395,1440,1296,1359,1467,1458,1224,1242,1413,1485,1368,1476,1431,1251,
Shot 7:1503,1521,1512,1494,
Shot 8:1539,1530,1548,
Shot 9:1575,1584,
Shot 10:2250,1602,2223,2214,2232,2277,1593,2241,2268,
Shot 11:2493,2295,2430,2286,2394,2358,2403,2457,2385,2502,2475,
Shot 12:2547,2511,2583,2565,2574,2556,2538,
Shot 13:2907,2979,2826,3006,2925,2682,2943,2790,2736,2646,2772,3015,2601,2718,2754,2961,2853,2862,2934,2997,2619,2709,2835,2655,2808,2916,2781,
Shot 14:3033,3069,3060,
Shot 15:3168,3105,3123,3150,3087,3114,3177,3159,
Shot 16:3195,3357,3258,3249,3339,3321,3222,3294,3240,
Shot 17:3456,3510,3393,3366,3402,3483,3519,3537,3411,3375,3384,3474,3492,3546,3528,3465,3420,3438,
Shot 18:3591,3555,3600,3582,3627,3573,3564,
Shot 19:3636,3645,
Shot 20:3654,3663,
Shot 21:3708,3672,3681,3717,3690,3699,
Shot 22:3834,3780,4167,3897,3933,4347,4221,3870,4032,3969,3915,4266,3798,3951,4131,3744,4311,3987,3852,3816,4086,4203,4068,
Shot 23:4374,4383,
Shot 24:4392,
Shot 25:4401,
Shot 26:4788,4545,4851,4572,4464,4671,4635,4527,4905,4410,4833,4698,4806,4446,4887,4419,4725,4491,4608,4707,4770,4644,4923,4797,4752,
Shot 27:4941,4977,
Shot 28:5103,4995,5058,4986,5157,5004,5067,5049,5022,5076,5112,5130,5094,
Shot 29:5193,5274,5310,5238,5319,5265,5175,
Shot 30:5400,5337,5346,5364,5391,
Shot 31:5463,5508,5526,5499,5481,5418,
Shot 32:5688,5949,5553,5832,5616,5733,5634,5787,5940,5814,5967,5796,5868,5895,5535,5598,5751,5823,5589,5715,5670,5625,5661,5958,5643,5679,
Shot 33:5976,
Shot 34:5985,
