Shot 0:9,
Shot 1:72,
Shot 2:135,
Shot 3:180,225,
Shot 4:405,288,306,351,369,459,297,387,324,342,333,396,315,414,
Shot 5:1251,1440,765,1431,1008,1422,1386,1215,1323,873,1413,1044,1368,1098,
Shot 6:1458,1467,1449,
Shot 7:1701,1800,1782,1746,1476,1773,1512,1764,1737,1566,1611,1656,
Shot 8:1809,1827,
Shot 9:2439,1899,2322,1872,1908,1836,1881,2538,2565,2214,2394,2412,2466,2529,1962,1890,2511,2502,2583,2556,2574,2367,2142,2430,2421,2493,2457,2484,2052,2178,
Shot 10:2601,
Shot 11:2655,2637,2610,2673,2619,2664,2628,2646,
Shot 12:2745,2691,2682,2781,2772,2763,2700,2718,
Shot 13:2799,2790,2808,
Shot 14:2943,2817,3024,3006,2853,2880,2862,3033,2898,2925,2826,2988,3015,2916,2871,2970,
Shot 15:3042,3051,
Shot 16:3069,
Shot 17:3096,3078,3105,
Shot 18:3114,3123,
Shot 19:3195,3141,3132,3186,3150,3276,3222,3258,
Shot 20:3429,3285,3330,3483,3294,3366,3303,3465,3384,3348,3438,3402,3420,
Shot 21:3519,3492,3537,3510,3501,3528,
Shot 22:3546,3555,
Shot 23:3663,3645,3609,3573,3564,3681,3654,3636,3591,3672,
Shot 24:3690,3699,
Shot 25:3708,3717,
Shot 26:3726,
Shot 27:3816,3789,3735,3780,3798,3825,3744,3852,3807,
Shot 28:3870,3879,3861,
Shot 29:3906,3888,3897,3924,3915,
Shot 30:3933,3942,
Shot 31:4077,3969,4023,4113,3951,4050,3987,4059,3960,3978,4068,4131,4104,
Shot 32:4248,4212,4176,4167,4221,4230,4203,4185,4275,4239,4266,
Shot 33:4284,4293,
Shot 34:4329,4374,4383,4419,4365,4401,4302,4311,4410,4392,4320,4347,4338,
Shot 35:4428,4437,
Shot 36:4950,4977,4968,4707,4851,4446,4923,4941,4959,4932,
Shot 37:4995,
Shot 38:5013,5004,5031,
Shot 39:5040,5049,
Shot 40:5643,5157,5058,5571,5121,5274,5535,5328,5193,5688,5292,5211,5472,5598,5409,5247,5355,5265,
Shot 41:5778,
