Shot 0:144,621,612,630,432,18,522,72,486,252,153,405,9,171,558,135,
Shot 1:639,
Shot 2:657,684,792,783,648,693,675,
Shot 3:810,801,819,
Shot 4:837,1035,891,927,873,909,855,900,918,936,828,882,864,846,
Shot 5:1116,1368,1071,1251,1053,1089,1098,1062,1107,
Shot 6:1377,
Shot 7:1386,
Shot 8:1395,1404,
Shot 9:1413,
Shot 10:1422,1431,
Shot 11:1476,1440,1494,1458,1485,1449,1467,
Shot 12:1521,1530,
Shot 13:1539,1548,
Shot 14:1557,1566,
Shot 15:1575,1584,
Shot 16:1593,
Shot 17:1602,1611,
Shot 18:1647,1665,1683,1620,1674,1728,1710,1629,1692,1656,1719,1638,
Shot 19:2196,2511,1764,1746,1890,2502,2493,2340,2214,1737,1818,1854,2043,1971,2097,2331,1827,1917,1899,2106,2151,2016,2430,1881,1836,2115,1809,2475,2061,2160,2007,2268,2142,1944,1863,2079,2223,2349,1998,2178,2052,2394,2385,1782,2250,2295,1953,2412,1845,2205,2448,2070,1791,2403,2088,
Shot 20:2520,2529,
Shot 21:2547,2574,2565,2556,2538,
Shot 22:2583,2592,
Shot 23:2655,2601,2682,2628,2619,2637,2673,2664,2646,
Shot 24:2691,
Shot 25:2718,2745,2700,2709,2736,2727,
Shot 26:2781,2754,2763,2808,2799,2772,
Shot 27:2907,2826,2835,2889,2844,2880,2853,2898,2862,
Shot 28:2916,
Shot 29:3168,2988,2934,2925,3087,2961,3069,3096,3105,3204,3141,3114,3177,3060,2943,3051,3186,3006,3078,3132,3150,3123,3159,
Shot 30:3213,3222,
Shot 31:3231,
Shot 32:3258,3249,3240,
Shot 33:3267,
Shot 34:3285,3330,3321,3294,3276,3303,
Shot 35:3393,3528,3555,3573,3456,3519,3366,3375,3474,3564,3411,3546,3483,3348,3357,3492,3384,3510,
