Shot 0:9,
Shot 1:252,
Shot 2:297,684,261,432,477,270,567,414,396,450,342,279,531,306,603,738,288,
Shot 3:1107,1404,1359,1044,1323,981,1386,1152,1143,1080,1008,1062,1089,1134,1026,999,1305,1368,1350,1116,
Shot 4:1467,1521,1503,1449,1485,1458,
Shot 5:1539,1566,
Shot 6:1575,
Shot 7:1665,1611,1584,1701,1629,1683,1620,1647,1692,1638,1593,1674,1656,
Shot 8:2232,1800,1998,1971,2142,2007,2187,2088,2304,2394,1944,2034,1737,1980,2205,2106,2160,2178,2367,1890,
Shot 9:2448,2493,2475,2403,
Shot 10:2601,2943,2637,2619,2610,
Shot 11:4302,2952,3267,3105,3222,3231,4797,4527,3798,4050,4374,4446,3150,3996,5040,4392,3897,4167,4329,2961,3240,
Shot 12:5562,5103,5760,5742,5679,5544,5580,
Shot 13:5778,5859,
Shot 14:6012,6156,6174,6201,6129,6111,6084,
Shot 15:6417,6210,6462,
Shot 16:6687,6606,6822,6669,6624,
Shot 17:7002,7074,7209,6966,
Shot 18:7497,7353,9027,9765,7398,9738,8991,7488,8982,7425,7443,8703,7407,8964,8235,
Shot 19:10044,9783,10215,
Shot 20:10548,10395,10557,
Shot 21:10566,
Shot 22:10575,
Shot 23:11151,11187,10584,10593,11178,11169,10611,11160,11142,10602,
