Shot 0:9,36,
Shot 1:153,189,180,45,171,108,162,144,
Shot 2:207,387,396,414,405,315,351,333,234,360,378,369,198,216,288,
Shot 3:423,
Shot 4:441,693,738,468,585,711,639,549,432,675,
Shot 5:864,1161,810,1116,828,1143,1098,819,846,1089,882,
Shot 6:1305,1638,1611,1215,1458,1287,1251,1548,1422,1629,
Shot 7:1656,1701,1683,1647,1674,
Shot 8:1890,1854,1872,1908,1899,1881,
Shot 9:2250,2286,2007,1962,2205,2268,2124,
Shot 10:2520,2295,2655,2430,2475,2637,2457,2331,2304,2394,2448,2466,2376,2628,2313,2646,2502,2511,2529,
Shot 11:2880,2763,2727,2709,2907,2871,2718,2853,2889,2745,
Shot 12:3204,2934,3222,3042,3015,3087,3213,2997,3114,3150,
Shot 13:3249,3627,3294,3312,3285,3231,3276,3258,3636,
Shot 14:4455,4761,3753,4518,4716,4491,3960,4689,4734,3690,3906,4752,4473,3789,4005,3726,3879,4032,3744,4050,4464,
Shot 15:4779,4770,4797,
Shot 16:4842,4896,4869,4878,4815,4824,4833,4860,
Shot 17:5067,4914,4959,4941,4986,4950,4968,4932,4977,5013,5031,5265,5085,5058,
Shot 18:5742,5409,5670,5292,5688,5301,5706,5733,5751,
