Shot 0:648,72,432,36,738,504,45,414,54,450,558,567,963,
Shot 1:1143,1161,1035,1152,
Shot 2:1296,
Shot 3:1431,1332,1386,1476,1314,1413,
Shot 4:1494,
Shot 5:1503,1512,
Shot 6:2241,2061,2223,2466,2079,2025,2286,1935,2043,2007,2502,1962,2187,2421,
Shot 7:2592,2691,2556,2574,2673,
Shot 8:3024,2934,2808,2871,2853,2763,3114,2979,3132,2862,2961,3051,
Shot 9:3213,3312,3204,3456,3447,3438,3429,
Shot 10:3474,3528,3501,3519,3492,3483,
Shot 11:3942,3897,3798,3600,3744,3969,3708,3753,3852,3861,
Shot 12:4221,4095,4536,4158,4329,4311,3987,4446,4581,4464,4437,4293,4518,4014,4104,
Shot 13:4599,4644,4626,4608,4653,4689,4671,4680,4590,
Shot 14:4716,4815,4797,4761,4698,4707,4743,
Shot 15:5193,5229,5076,5220,5211,
Shot 16:5553,5481,5895,5508,5760,5805,5580,5418,5517,5463,5679,5409,5472,5499,5319,5778,5742,5328,5625,5526,5607,
Shot 17:5949,6021,6075,6003,5967,
Shot 18:6147,6156,
Shot 19:6417,6372,6183,6255,6327,6210,6507,6192,6264,6390,
Shot 20:6552,6561,
Shot 21:6759,6732,6660,6687,6579,6885,6723,
Shot 22:6948,7011,7074,6966,7047,6993,7020,6939,
Shot 23:7083,7092,
Shot 24:7101,7110,
Shot 25:7137,7119,7128,7146,
Shot 26:7155,
Shot 27:7290,7218,7308,7245,7299,
Shot 28:7353,7461,7317,7335,7425,7371,7389,
Shot 29:7470,
