Shot 0:1233,531,2214,1674,1449,9,603,2151,1278,1800,2187,1557,2133,2205,522,2025,702,720,1035,2178,1962,1908,1332,2034,1890,1305,1809,1701,513,630,1116,666,1413,810,1080,774,1197,1161,
Shot 1:2232,2241,2223,
Shot 2:2448,2682,2358,2754,2826,2538,2439,2880,2268,2322,2403,2385,2250,
Shot 3:2898,
Shot 4:2970,
Shot 5:3024,3042,
Shot 6:3555,3906,3123,3087,3186,3744,3177,3600,3636,3321,3159,3645,3681,3627,3807,3447,3546,3789,3240,3618,3510,3888,3870,3879,3249,3915,3384,
Shot 7:3933,4167,3924,
Shot 8:4302,4257,4284,4293,4311,
Shot 9:4491,4383,4329,4437,4374,4770,4527,4356,4878,4518,4464,
