Shot 0:18,72,54,9,63,36,27,
Shot 1:225,342,288,189,81,99,243,135,324,108,261,297,180,315,216,279,162,306,252,
Shot 2:396,351,414,369,405,423,387,
Shot 3:540,603,576,585,486,
Shot 4:729,621,657,792,675,756,774,666,648,639,693,
Shot 5:981,828,810,936,1053,855,819,963,999,1026,837,1044,945,1035,990,
Shot 6:1071,
Shot 7:1089,1080,1098,
Shot 8:1116,1107,1125,
Shot 9:1206,1134,1143,1161,1170,1179,1215,
Shot 10:1224,
Shot 11:1251,1323,1305,1269,1314,1233,1260,1242,
Shot 12:1476,1332,1530,1692,1737,1368,1467,1710,1665,1656,1638,1548,1512,1404,1674,1485,1359,1746,1377,
Shot 13:1872,1818,1773,1827,1809,1908,1836,1764,1845,1782,1890,1863,1800,1881,1854,
