Shot 0:9,
Shot 1:63,18,27,72,45,54,
Shot 2:81,90,
Shot 3:243,153,99,405,468,378,504,171,126,306,108,198,432,279,261,396,333,477,414,180,252,495,
Shot 4:531,522,540,
Shot 5:639,729,684,603,657,
Shot 6:810,765,747,828,774,792,
Shot 7:873,927,936,837,918,846,
Shot 8:972,1017,999,945,1008,954,981,990,963,
Shot 9:1035,1044,
Shot 10:1071,1053,1062,
Shot 11:1332,1116,1386,1269,1089,1350,1242,1143,1323,1314,1359,1179,1080,1107,1134,1341,
Shot 12:1449,1404,1485,1503,1476,1521,1422,1458,
Shot 13:1539,1548,1557,
Shot 14:1566,1575,
Shot 15:1584,1593,
Shot 16:1620,1602,1611,
Shot 17:1845,1629,1683,1791,1827,1863,1773,1737,1674,1809,1800,1647,1755,1746,1728,1836,1710,1638,1782,1665,1719,1701,1872,1854,
Shot 18:1881,
