Shot 0:45,225,198,315,189,180,297,279,216,306,207,270,9,171,63,261,288,153,54,81,
Shot 1:333,351,342,324,
Shot 2:360,387,
Shot 3:414,423,405,
Shot 4:432,441,
Shot 5:450,459,
Shot 6:468,
Shot 7:477,
Shot 8:495,486,504,
Shot 9:513,
Shot 10:540,522,531,549,
Shot 11:558,
Shot 12:693,567,585,1242,576,1350,612,594,1215,603,891,855,1269,1233,1170,1251,630,936,621,1359,864,1188,1260,729,792,1377,783,1179,1152,1224,954,801,756,639,648,882,774,1368,1305,810,720,1287,1026,873,1008,927,1143,1161,765,738,900,1134,945,675,747,1035,999,
Shot 13:1512,1395,1620,1386,1575,1440,1539,1521,1566,1548,1413,1503,1530,1494,1557,1467,1449,1422,1404,
Shot 14:1656,1809,1629,1638,1800,1701,1665,1647,
Shot 15:1836,1863,1908,1845,1872,1827,
Shot 16:1935,1917,1953,1962,1944,1926,
Shot 17:2007,1980,2025,2034,2052,1971,1989,
Shot 18:2061,
Shot 19:2088,2070,2097,
Shot 20:2115,2106,2124,
Shot 21:2133,
Shot 22:2205,2178,2142,2151,2187,2169,2196,
Shot 23:2835,3096,2376,2970,2286,2898,2340,2916,2520,2232,2907,2403,2349,2313,2997,2394,2250,3087,3015,2943,2304,3051,2547,2367,2925,2277,2421,2331,2358,3042,2475,2709,2529,2295,2664,2646,2268,2763,3069,3123,2853,2880,
Shot 24:3168,3132,3150,3141,3159,3177,
Shot 25:3231,3339,3285,3186,3519,3447,3393,3492,3366,3276,3204,3411,3330,3195,3258,3384,3375,3213,3348,3501,3357,3294,3222,3510,
Shot 26:3528,
Shot 27:3537,3546,
Shot 28:3564,3591,3573,3555,
Shot 29:3843,3780,3627,3645,3681,3654,3807,3672,3618,3834,3816,3852,
Shot 30:3870,3888,3861,3897,3879,
Shot 31:3906,
Shot 32:3924,3933,3915,
Shot 33:4032,3942,3960,3969,3951,3978,4059,
