Shot 0:9,
Shot 1:27,18,36,
Shot 2:477,270,315,117,225,504,234,171,486,495,261,459,
Shot 3:513,522,
Shot 4:531,594,
Shot 5:612,
Shot 6:720,621,630,765,648,657,747,693,639,666,738,702,711,
Shot 7:828,891,882,873,855,810,864,819,
Shot 8:963,1008,900,
Shot 9:1053,1143,1116,1098,1134,1044,
Shot 10:1233,1152,1215,1287,
Shot 11:1314,1458,1395,1350,
Shot 12:1503,1485,1476,1566,1548,1494,1521,
Shot 13:1827,1629,1593,1917,1953,1647,1845,1872,1890,1611,1935,1575,1602,1620,1836,1818,
Shot 14:2043,1998,2124,2016,2052,
Shot 15:2160,2178,2151,2169,
Shot 16:2187,
Shot 17:2223,2286,2241,2196,2259,2214,2232,
Shot 18:2358,
Shot 19:2385,2439,2421,2430,2367,2403,2412,2394,
Shot 20:2448,2529,2538,2466,
Shot 21:2565,2610,2637,
Shot 22:2646,2691,2664,2682,2700,2655,
Shot 23:2790,2745,2718,2763,2772,2799,
Shot 24:2979,2961,2808,2880,2898,
Shot 25:3195,3069,3105,2988,3141,3123,3024,3204,3186,3006,3051,
Shot 26:3240,3222,3258,
Shot 27:3456,3384,3492,3321,
Shot 28:3969,3816,3915,3573,3672,3681,3636,4005,3852,3519,3654,3942,3933,3780,3987,3960,
Shot 29:4104,4140,4077,
Shot 30:4860,4680,4491,4374,4743,4626,5022,4815,4401,4716,5031,4545,5013,4779,4797,5040,4203,4419,4995,4536,4329,4950,4932,4698,4392,4473,4914,4482,4356,4707,4923,4905,4509,4527,4851,
Shot 31:5049,5058,
Shot 32:5103,5067,5085,
Shot 33:5112,5211,5202,5139,
Shot 34:5274,5229,5220,5238,5256,5265,
Shot 35:5364,5427,5445,5283,5418,5346,5454,5373,
Shot 36:5472,
Shot 37:5535,5526,5544,
Shot 38:5580,5670,5751,5697,
Shot 39:5832,5814,5850,
Shot 40:6786,5985,6237,5940,6057,6120,6363,6624,6417,6687,5859,6111,6426,6516,6219,6093,6507,5913,6453,6147,6705,6192,6174,6813,6768,
Shot 41:7272,6849,7047,6957,7128,6939,7254,7227,7281,
Shot 42:7371,7344,7380,7362,
Shot 43:7479,7398,7767,7641,7578,7713,7821,7506,7416,7461,7668,7551,7596,7488,
Shot 44:8109,7983,8568,8226,8613,8424,7875,8190,8325,8478,8370,8721,8307,8316,8343,8280,8172,8055,7929,8433,8010,8532,8154,8604,8091,8127,8397,
Shot 45:8820,8802,8892,8811,8829,
Shot 46:8946,8964,
Shot 47:8973,8991,
Shot 48:9072,9000,9045,
Shot 49:9126,9081,9162,
Shot 50:9270,9180,9216,9288,9261,
Shot 51:9369,9450,9405,9513,9324,9468,9297,9432,9387,9459,9504,9351,9306,
Shot 52:9531,9549,
Shot 53:9585,9621,9558,9567,9603,9576,9594,
Shot 54:9675,9693,
Shot 55:9747,
Shot 56:9801,9774,9819,9783,9828,
Shot 57:9990,10143,9864,9945,10125,9846,9900,9873,9918,10134,10116,9909,10080,10098,10044,10062,10035,9963,
Shot 58:10260,10215,10179,
Shot 59:10296,
Shot 60:10350,10386,10359,10377,10332,
Shot 61:10413,10449,10431,10422,10440,
Shot 62:10458,
Shot 63:10566,10548,10611,10503,10557,10593,10530,10584,10602,10575,
Shot 64:10620,10629,
Shot 65:10638,
Shot 66:10656,10746,
Shot 67:10836,10800,10935,11016,10971,10845,
Shot 68:11160,11394,11349,11214,11061,11106,11286,11124,11079,11097,11313,11241,11268,11142,11187,
Shot 69:11520,11511,11529,
Shot 70:11556,11610,11601,11565,
Shot 71:11619,11628,
Shot 72:11817,11835,11673,11727,11853,
Shot 73:11871,12015,11997,11907,
Shot 74:12042,12024,12033,12051,
Shot 75:12141,12078,12087,12060,12114,12123,12150,12132,
Shot 76:12159,12168,
Shot 77:12177,
