Shot 0:90,234,9,144,36,135,153,27,54,117,18,45,162,126,63,108,72,
Shot 1:351,558,603,279,513,441,315,540,585,450,468,531,297,333,387,522,306,288,594,324,342,
Shot 2:675,972,855,783,810,792,936,864,846,711,720,819,981,648,945,882,828,954,666,
Shot 3:1035,1107,1071,999,1017,1053,990,1098,1062,1026,1080,1044,
Shot 4:1125,1206,1161,1116,
Shot 5:1314,1458,1530,1224,1431,1233,1440,1368,1242,1503,1269,1386,1350,1512,1494,1377,1395,1359,1278,1449,1404,1341,
Shot 6:1638,1674,1566,1575,1593,1665,1683,1656,1602,1611,1647,
Shot 7:1773,1854,1836,1845,1863,
Shot 8:2106,2385,2007,2178,1926,2070,2133,2268,2250,1944,2052,1935,2214,2412,2124,2142,2088,2160,2079,2277,2151,1953,2196,2034,2097,2115,
Shot 9:2439,2457,2430,2448,
Shot 10:2718,2763,2682,2691,2754,2772,2700,2709,2727,
Shot 11:3069,2835,2898,2952,2934,2871,2988,3168,3159,2925,2916,3096,2853,2943,3006,3033,2880,2961,2889,2862,2907,3114,3087,3105,2844,3042,2970,3078,
Shot 12:3285,3249,3393,3267,3348,3186,3258,3276,3240,3294,
Shot 13:3438,3447,
Shot 14:3591,3456,3618,3609,3465,3708,3699,3519,3600,3573,
Shot 15:3717,3726,
Shot 16:3771,
Shot 17:3825,3780,4176,3789,4230,4059,4095,4203,4050,4212,4104,4023,4194,3960,4077,3870,4014,3933,4086,4005,3852,4221,3924,4185,3915,3942,3843,3861,
Shot 18:4329,4293,4311,4302,4320,4338,
Shot 19:4365,4410,4347,4383,4392,
Shot 20:4428,4446,4419,4437,
Shot 21:4464,
Shot 22:4482,4581,
Shot 23:4725,4662,4689,4752,4707,4743,4680,4698,4671,4716,4734,
Shot 24:4959,5085,4797,4896,5040,4770,4842,4995,4914,4824,5058,5022,4977,5103,5067,4905,4815,5049,4923,4788,5076,4968,5004,4932,5094,
Shot 25:5265,5364,5211,5355,5148,5346,5229,5337,5220,5247,5328,5319,5310,
Shot 26:5436,
Shot 27:5463,5499,5445,5454,
Shot 28:5895,6192,6579,5679,5769,6273,6408,5742,6066,5526,5616,5958,6228,6309,6561,6138,6615,5940,6246,6435,5805,6525,6210,5922,6120,5652,6471,5823,6156,6291,6570,5949,6597,5931,6174,5913,6588,5814,6489,5832,6111,6453,6129,6264,5661,6552,6147,6183,5733,5904,6606,6165,5841,6480,6507,5643,5751,
Shot 29:6777,6831,6678,6813,6687,6822,6696,6804,6795,
Shot 30:6966,7101,6840,7146,7011,7173,7119,6867,7029,7020,6939,6984,6849,6993,7110,7164,6930,6948,7155,7137,7002,7092,6885,7128,6975,6957,
Shot 31:7209,7299,7326,
Shot 32:7344,7479,7335,7443,
Shot 33:7911,7497,7794,7686,7623,7875,7488,7560,8217,8001,7650,7587,8028,7704,7956,8091,7821,7740,7542,7749,8019,7965,7884,8037,
Shot 34:8226,
Shot 35:8271,
