Shot 0:315,9,459,81,531,387,207,243,441,504,153,225,369,261,360,450,198,432,252,513,234,216,279,
Shot 1:594,891,801,729,639,711,774,630,747,702,855,900,567,864,783,873,738,621,585,
Shot 2:954,1026,981,909,936,927,999,972,1017,945,990,963,
Shot 3:1071,1134,1035,1080,
Shot 4:1224,1377,1449,1143,1350,1152,1287,1161,1359,1305,1422,1188,1269,1431,1413,1368,1296,1314,1197,1278,1260,1323,
Shot 5:1557,1476,1593,1494,1485,1584,1512,1602,1575,1521,1566,1530,
Shot 6:1692,1773,1926,2133,2043,2331,1845,1989,2061,2187,1755,2007,1971,1764,1863,2304,2169,1854,2088,1782,2025,2052,1953,2070,2196,2115,1872,2034,
Shot 7:2358,2376,2349,2367,
Shot 8:2637,2682,2601,2673,2610,2691,2619,2628,2646,
Shot 9:2979,3303,2763,2817,2871,3168,3204,3276,3096,3186,2844,2790,2916,3087,3024,3105,2853,2835,3177,2808,2862,2745,3195,3006,3078,2889,2826,3159,2799,2781,2952,2772,2880,2997,3213,3033,3015,2907,2925,
Shot 10:3366,3357,3375,
Shot 11:3510,3384,3618,3528,3627,3537,3429,3519,3501,
Shot 12:3636,3690,3672,
Shot 13:3699,3708,
Shot 14:3762,3960,3933,3969,3924,3843,3789,3861,3942,3834,3879,3744,3771,3852,3780,
Shot 15:4005,4122,4149,3978,4095,4023,4131,4113,4086,4014,3996,4140,
Shot 16:4248,4212,4203,4230,4221,4239,4257,
Shot 17:4284,4329,4311,4266,4302,
Shot 18:4347,4356,
Shot 19:4365,
Shot 20:4383,
Shot 21:4401,
Shot 22:4527,4671,4509,4572,4518,
Shot 23:4770,4680,4986,4869,4707,4923,4815,4734,4806,4932,5004,4779,
Shot 24:5112,5247,5202,5067,5211,5220,5148,5139,5400,5157,
Shot 25:5409,5427,
Shot 26:5544,5652,5724,5490,5616,5688,5580,5526,5634,5679,5697,5742,5706,5598,5670,5535,5625,5562,5643,5517,5553,5661,
Shot 27:5823,6003,5931,5994,5895,5913,5868,5778,5949,5805,
Shot 28:6030,6012,6039,6021,
Shot 29:6048,
Shot 30:6057,6066,
Shot 31:6075,6084,
Shot 32:6093,6102,
Shot 33:6210,6138,6111,6246,6147,6255,6165,6120,6219,6228,6237,6129,6201,
Shot 34:6264,6273,
Shot 35:6291,6282,6345,6336,6327,6309,6300,
Shot 36:6354,
Shot 37:6390,6363,6399,6372,
Shot 38:6714,6768,6417,6552,6750,6570,6534,6588,6741,6759,6516,6543,6777,6561,6732,6579,6507,6525,6597,6408,6498,6696,6453,
Shot 39:6813,6786,6795,6822,6804,
Shot 40:6840,6831,6849,
Shot 41:6867,6885,6858,
Shot 42:6894,
Shot 43:6912,6921,6903,
Shot 44:6975,6939,6948,6957,6984,6930,6966,
Shot 45:6993,7002,
Shot 46:7137,
Shot 47:7299,7146,7164,7218,7155,7245,7308,
Shot 48:7389,7398,7380,
Shot 49:7434,7407,7416,7425,7461,
Shot 50:7722,7902,7569,7848,7614,7884,7596,7578,7560,7623,7821,7650,7632,7794,7893,7695,7776,7758,7839,7677,7785,7767,7803,7704,7812,7659,7740,7713,
Shot 51:7974,
Shot 52:8055,7983,8064,
Shot 53:8199,8145,8163,8172,8217,8154,8181,
Shot 54:8226,
Shot 55:8244,8370,8352,8334,8343,8316,8361,8415,8235,8262,
Shot 56:8424,
Shot 57:8442,
Shot 58:8757,8901,8892,8739,8847,8748,
Shot 59:9000,8910,9216,9099,9288,9045,8955,9126,9036,9162,8964,9234,9009,
Shot 60:9450,9297,9387,9369,9630,9306,9441,9378,9459,9432,
Shot 61:9639,9657,
