Shot 0:108,45,144,72,135,126,90,54,63,81,99,9,117,
Shot 1:207,162,189,234,225,198,
Shot 2:297,252,342,279,324,288,270,306,
Shot 3:549,846,774,954,414,378,477,702,891,666,648,738,612,441,495,360,450,720,594,387,819,522,585,981,657,396,603,684,936,639,369,621,882,432,693,567,828,459,486,765,504,729,531,945,711,540,675,405,558,900,837,972,513,783,
Shot 4:999,990,1008,
Shot 5:1026,
Shot 6:1035,
Shot 7:1080,1089,
Shot 8:1107,1098,1116,
Shot 9:1152,1197,1179,1170,1188,1161,
Shot 10:1206,1224,1215,
Shot 11:1251,1233,1242,1260,
Shot 12:1278,1269,1287,
Shot 13:1296,
Shot 14:1305,
Shot 15:1314,
Shot 16:1323,1332,
Shot 17:1503,1359,1422,1413,1431,1539,1404,1395,1440,1341,1521,
Shot 18:1566,
Shot 19:2178,1593,1719,1917,2259,1836,1647,1980,2241,1854,1800,1818,1665,1971,1782,1692,1764,1791,1773,1737,
Shot 20:2466,2538,2358,2268,2385,2340,2511,2412,2520,2367,2277,2376,2430,
Shot 21:2646,2664,2655,2628,
Shot 22:2709,2835,2817,2754,
Shot 23:2898,2853,2844,2871,2943,2862,2880,2925,2889,2934,
Shot 24:3141,2970,3069,3015,2988,3051,3105,3204,2961,3087,2997,2979,3114,3096,3123,3006,3195,
Shot 25:3339,3213,3258,3222,3303,3240,3231,3285,3249,3330,3321,
Shot 26:3384,3474,3438,3447,3501,3456,3429,3492,3465,3375,
Shot 27:3510,3519,
Shot 28:3537,3564,3528,
Shot 29:3591,3609,3573,3600,3582,
Shot 30:3654,3618,3627,3636,3645,
Shot 31:3834,3735,3717,3942,3771,3888,3726,3681,3744,3915,3780,3798,3762,3852,3816,
Shot 32:4014,3951,4068,3987,3978,4059,3996,4050,4005,
Shot 33:4284,4752,4563,4509,4410,4140,4185,4347,4482,4617,4230,4329,4095,4464,4158,4698,4590,4392,4662,4248,4527,4491,4221,4635,4320,4149,4401,4473,4680,4500,4419,4167,4383,4536,4428,4311,4608,4572,4599,4212,4518,4176,4302,4689,4581,
Shot 34:4923,4842,4869,4851,4896,4860,4833,4905,4950,4914,4932,
Shot 35:5013,4959,4986,4968,4977,4995,5004,5022,
Shot 36:5040,5067,5031,
Shot 37:5085,5094,
Shot 38:5103,
Shot 39:5202,5346,5337,5184,5292,5193,
Shot 40:5598,5409,5355,5544,5733,5490,5454,5481,5670,5400,5607,5571,5445,5652,
Shot 41:6066,5832,5742,5886,5814,5895,5751,5823,5877,
Shot 42:6084,6102,
Shot 43:6363,6165,6300,6426,6327,6390,6345,6318,
Shot 44:6795,6552,6498,6579,6651,6669,6525,6822,6624,6570,6759,6705,6507,6516,6723,6534,6597,6777,6732,6633,6543,6660,6678,6813,6768,6615,6561,6714,6642,6786,6741,
Shot 45:7200,7236,7083,7020,6849,6939,7137,6993,7056,6894,6966,6840,6921,7218,7119,7074,7146,7047,7128,7209,7227,7155,6948,7110,7191,7245,
Shot 46:7344,
Shot 47:7353,7398,7389,
Shot 48:7623,7425,7524,7497,7515,7434,7461,7533,7506,7641,7470,7542,
Shot 49:7812,7659,7740,7785,7857,7650,7767,7722,7794,7839,7731,7749,7776,7848,7803,
Shot 50:7983,7875,7947,7938,7956,7965,7974,
Shot 51:8937,9027,8496,8604,9072,8748,8361,8037,8577,8451,8055,8766,8676,9054,8271,8190,8991,8838,8667,8244,8874,9081,9063,8820,8973,9045,8856,9009,8982,8892,9000,8757,8964,
Shot 52:9153,9108,9090,9171,9099,9117,9162,
Shot 53:9324,9225,9279,9180,9297,9261,9360,9288,9243,9189,9252,9234,9270,9342,
Shot 54:9405,
Shot 55:9414,9423,9459,9522,9441,
Shot 56:9603,9585,9747,9621,9594,
Shot 57:10296,9756,10089,10143,9945,10188,9882,9783,10017,10233,9828,9891,10476,9999,10062,10287,10224,9810,9855,10008,10305,10215,10368,
Shot 58:10485,
Shot 59:10854,11133,10800,10494,10584,10692,11007,11079,10908,10728,10944,10764,10890,11043,10827,10989,10602,10710,11115,11025,10962,10719,10926,10881,11124,10818,10836,10899,10746,10773,11106,11061,10755,10782,10998,10593,11052,10872,11034,10701,11097,10809,11016,11070,10863,10845,
Shot 60:11259,11322,11169,11151,11160,11304,11187,11241,11178,11277,11232,11223,
Shot 61:11340,11331,11349,
Shot 62:12015,11502,12168,11817,11412,11592,12159,11520,11376,12096,11916,11682,11421,11430,11961,11646,11889,11862,12042,11979,11565,11727,12060,11799,11934,11844,11394,12114,11709,11628,11970,11547,11952,11781,11664,11574,11826,12069,11808,11745,11925,11907,11871,12033,11790,11988,11853,11655,11610,11718,11583,11880,11997,11700,11556,11943,11898,11637,12024,11736,11691,11754,
