Shot 0:117,189,162,9,
Shot 1:297,522,414,243,495,270,477,351,504,405,423,486,261,279,315,252,288,306,
Shot 2:630,567,711,756,612,675,684,747,558,639,
Shot 3:792,765,774,783,810,
Shot 4:927,828,954,900,819,945,846,909,918,936,
Shot 5:999,1089,1044,963,1071,1026,981,1062,1017,990,1035,1080,1008,
Shot 6:1305,1125,1422,1179,1485,1404,1197,1188,1350,1206,1467,1332,1395,1134,1242,1413,1476,1323,1359,1341,1251,1314,1368,
Shot 7:1611,1530,1647,1539,1557,1638,1629,1566,1575,1620,
Shot 8:1737,1818,1809,1800,1827,
Shot 9:2115,2358,2034,1890,2421,2079,1917,2232,2385,2214,1908,2016,2052,2097,2160,1899,2394,2223,2241,2043,2142,1998,2403,2106,2124,2061,2088,2178,2412,1944,2070,
Shot 10:2682,2736,2646,2655,2718,2664,2727,2673,2691,
Shot 11:2952,2817,3366,2862,3177,3258,2898,2916,3231,3060,2844,3312,3132,3015,2889,2790,3240,2880,3123,3222,2907,3213,2925,2970,2835,2997,2853,3042,3150,2826,3249,2871,2808,3078,3069,2934,3051,3033,
Shot 12:3402,3411,
Shot 13:3546,3429,3663,3420,3573,3582,3672,3483,3564,
Shot 14:3690,3681,3726,
Shot 15:3735,
Shot 16:3807,3744,4149,4095,4023,4194,4050,4077,3753,4167,3762,4014,4176,4068,3987,3978,3915,3888,4041,4158,4185,3834,3969,3897,4140,3906,3879,3789,3816,3825,3924,
Shot 17:4293,4266,4257,4275,4284,4302,
Shot 18:4329,4347,4311,
Shot 19:4698,4446,4545,4356,4401,4437,4635,4725,4662,4716,4383,4680,4410,4653,4374,4671,4644,4626,4707,4455,4689,4419,
Shot 20:4905,4761,4860,5103,5022,4806,4986,5040,4878,4788,5067,4959,4833,4941,5004,5013,4752,4887,4869,5031,4932,5049,4968,5058,4977,4896,
Shot 21:5274,5328,5175,5319,5193,5400,5310,5211,5301,5184,5292,5229,5283,
Shot 22:5427,5463,5409,5418,5436,
Shot 23:5859,5931,5697,5715,6156,6534,6237,5580,6084,6372,5490,6309,6579,6192,5706,6516,6111,5913,6399,5769,6210,6552,6012,6273,5895,6453,5787,6255,5616,6174,5922,5625,6543,6129,6525,6417,5877,5886,5904,6561,5796,5778,6093,6435,5805,6102,6228,6138,6147,6471,5634,6444,6120,6570,5868,5733,6489,5643,
Shot 24:6741,7137,7047,6966,6804,6912,6786,6642,7092,7263,6948,6813,7074,6984,6849,7119,6651,6795,7155,6768,7065,6894,6930,7128,6660,6903,7110,7083,7101,6831,6885,6777,6993,6921,6759,6939,
Shot 25:7290,
Shot 26:7308,7452,7443,7299,7335,
Shot 27:7758,7461,7524,7839,7650,7596,7560,7677,7587,7506,7776,7704,7713,7551,
Shot 28:8001,7848,7920,8181,7983,7929,7857,7992,8055,7938,
Shot 29:8190,8208,
Shot 30:8388,8271,8352,8334,8370,8415,8343,8379,8361,8325,8316,8397,8406,
Shot 31:8451,
Shot 32:8550,8559,
Shot 33:8595,8568,8604,
Shot 34:8613,8622,
Shot 35:8694,
Shot 36:8703,
Shot 37:8712,
Shot 38:8739,8748,
Shot 39:8757,
Shot 40:8829,
