Shot 0:36,9,18,117,27,45,
Shot 1:288,693,225,684,675,234,
Shot 2:702,
Shot 3:711,
Shot 4:729,756,720,
Shot 5:774,792,
Shot 6:891,918,882,
Shot 7:936,927,945,
Shot 8:963,972,
Shot 9:999,
Shot 10:1008,
Shot 11:1017,1035,1026,
Shot 12:1125,1332,1161,1044,1197,1143,1107,1134,1215,1179,1116,
Shot 13:1611,1629,1548,
Shot 14:2205,1683,2133,1647,1845,2178,2286,
Shot 15:2754,2664,2700,2736,
Shot 16:2781,2763,2772,
Shot 17:2808,2799,2790,2817,
Shot 18:3852,2889,3537,3474,4005,2826,4077,3015,2844,3888,3699,3483,3123,4113,2934,2862,3870,3960,4041,3465,3510,3834,3726,3654,3861,
Shot 19:4329,4293,4284,4221,4266,4257,4230,4248,4311,4347,4302,4320,4338,4374,
Shot 20:4680,5076,4554,4743,4410,4590,4896,4455,4860,4473,4986,4653,4518,4941,4833,4536,4788,5031,4428,4923,4851,4959,4770,4734,4905,4815,5004,4842,4563,4779,4608,4725,4824,4914,4797,4878,4752,4626,5013,5139,4950,5067,4761,5040,4716,4635,4689,4698,4599,5130,4662,4707,4968,4671,
Shot 21:5535,5211,5616,5598,5607,5454,5589,5490,5400,5571,5508,
Shot 22:5868,6228,5976,5643,5994,6300,5904,6138,6462,6282,5967,5931,5886,6264,5913,5895,6327,5985,6174,5751,5850,6255,
Shot 23:6750,6570,6624,6768,6615,6642,6759,6705,
Shot 24:6957,6777,6876,7110,6786,7074,7020,
Shot 25:7425,7227,7380,7344,7488,7299,7398,7452,
Shot 26:7668,7569,7605,7740,7632,7695,
Shot 27:7929,8055,8046,7803,7875,7911,7848,7893,7920,7947,
Shot 28:8118,8064,8325,8226,8082,8154,
Shot 29:8775,8415,8559,8541,8577,8451,8343,8550,8568,8487,8586,8595,8649,8604,
Shot 30:8793,8802,
Shot 31:8838,8811,8973,8820,8964,8955,8829,
Shot 32:8982,
Shot 33:8991,
Shot 34:9063,9054,9072,
Shot 35:9207,9081,9216,9090,
Shot 36:9324,9225,9549,9414,9279,9477,9252,9360,9441,9531,9351,9315,
Shot 37:9747,9792,9612,9684,9765,9756,9693,9621,9945,
Shot 38:9954,9963,
