Shot 0:126,
Shot 1:135,189,
Shot 2:216,
Shot 3:504,
Shot 4:846,855,
Shot 5:864,873,
Shot 6:882,891,
Shot 7:1035,900,1143,990,1017,963,936,999,918,1224,981,1008,1026,1080,1134,
Shot 8:1233,
Shot 9:1476,1332,1503,1449,1530,1422,
Shot 10:1539,
Shot 11:1638,
Shot 12:2484,2043,2268,2340,2394,2286,2637,2574,2448,2538,2466,2439,2583,
Shot 13:2655,
Shot 14:2844,2898,2871,2808,2880,2862,2835,2853,2916,
Shot 15:3051,2925,3060,3078,
Shot 16:3114,3240,3141,3159,3222,3105,3123,
Shot 17:3555,3447,3249,
Shot 18:3645,3636,3681,
Shot 19:3726,
Shot 20:3834,
Shot 21:3879,
Shot 22:4212,4104,4284,4050,4140,4068,4158,4131,4176,4248,4113,4041,4266,4059,4311,4230,4194,4221,4185,4302,
Shot 23:4518,4860,4734,4707,4878,4356,4599,4923,4815,4797,4680,4941,4563,4851,4770,4554,4896,4725,4905,4455,4392,4824,4482,4698,4662,4950,4752,4338,4617,4689,4761,4716,4806,4545,4671,4626,4365,4932,4320,4509,4653,4608,4743,4887,4401,4446,4437,4428,4572,4419,4473,4491,4374,4347,4500,
Shot 24:5121,5553,5490,5364,5544,5049,5265,5310,5463,5247,5184,5211,4968,5508,5436,5229,4995,5301,5112,
Shot 25:5580,5589,5562,
Shot 26:5598,
Shot 27:5607,
Shot 28:5868,5688,5958,5796,5724,5913,
Shot 29:6084,6021,6057,6048,6075,
Shot 30:6192,
Shot 31:6336,
