Shot 0:153,9,657,603,108,234,639,189,126,621,90,171,216,81,144,180,198,162,612,594,
Shot 1:711,828,783,801,675,738,837,756,810,729,792,684,765,720,693,
Shot 2:1008,846,909,963,990,972,1017,
Shot 3:1080,1089,
Shot 4:1197,1125,1260,1152,1242,1098,1170,1134,1179,1233,1251,1143,1107,1269,1161,
Shot 5:1296,1287,
Shot 6:1422,1575,1440,1458,1449,1431,1467,1350,
Shot 7:1584,
Shot 8:1611,1854,1593,
Shot 9:2115,2232,2007,1971,1935,1872,2043,1899,2142,2151,2079,2160,1890,2133,1863,2088,
Shot 10:2331,2322,
Shot 11:3357,2835,3465,3429,3456,3078,3204,2565,3285,2682,3411,3420,3402,3348,3366,
Shot 12:3483,3510,3474,
Shot 13:3708,3843,3600,3789,3663,3618,3519,3537,3744,3780,3807,3699,3654,3753,3717,
Shot 14:3987,3852,3861,3978,3996,
Shot 15:4284,4293,4122,
Shot 16:4347,4482,4302,
Shot 17:4590,4509,
Shot 18:4644,4608,4626,4671,4617,
Shot 19:4977,4842,4806,4878,4887,4824,4788,4761,4860,4770,4905,5004,4959,4923,5013,4950,4833,
Shot 20:5040,5058,5049,5031,
Shot 21:5112,5139,5085,5067,5130,5094,5103,5121,
Shot 22:5166,5256,5247,5148,5202,5157,5175,
Shot 23:5382,5265,5643,5535,5625,5571,5598,5463,5328,5553,5283,5517,5661,5445,5355,5310,5427,5481,5364,5409,5616,5346,5337,5472,5319,5544,5607,5652,5301,5292,5490,5373,5391,5589,5634,5526,
Shot 24:5706,5760,5670,5688,5679,5733,5751,5697,5715,
Shot 25:6012,5778,6228,5940,6129,6363,6462,6192,6057,6318,5895,6147,6084,6417,6255,6399,6435,6165,6273,5913,6336,6291,5967,6048,6138,6066,6390,5886,6219,5877,6408,6237,6246,5958,5769,5904,6102,5922,6426,6174,6210,6156,6075,6264,6381,5994,6039,5931,6327,6309,6345,6354,5949,6282,6300,
Shot 26:6570,6534,6498,6633,6624,6516,6525,6480,6552,6489,6507,6561,
Shot 27:6813,6921,6687,6642,6777,6759,6651,6660,6903,6894,6732,6885,6795,6786,6768,6912,
Shot 28:7542,7560,7407,7245,7101,7254,7263,7416,7164,7335,7479,7362,7524,7551,
Shot 29:7659,7641,7740,7650,
Shot 30:8352,8838,8685,8037,8199,8775,7812,8712,7803,8190,8640,8001,8118,8289,7911,7839,8271,7947,8622,7866,8541,8829,8532,8604,8064,8847,7938,8343,7902,8658,8766,8136,8280,8559,8703,8208,8613,8550,8784,8379,8334,8721,
Shot 31:9144,9261,9432,8910,9108,9018,8955,9360,8946,9414,9198,9189,9207,9072,8901,9000,9423,9009,8964,9135,
