Shot 0:333,477,9,540,216,405,162,252,198,117,522,459,234,387,279,378,468,450,270,225,243,297,531,261,
Shot 1:612,891,819,729,747,657,792,648,918,720,774,873,585,801,756,909,882,639,
Shot 2:981,1044,1008,945,927,954,999,990,1035,963,1017,972,
Shot 3:1089,1152,1053,1098,
Shot 4:1269,1395,1467,1161,1368,1170,1377,1305,1179,1323,1206,1440,1287,1386,1314,1332,1449,1215,1431,1296,1341,1278,
Shot 5:1575,1494,1611,1512,1503,1602,1530,1593,1620,1539,1584,1548,
Shot 6:1710,1791,2187,1890,2061,2349,1863,2007,2079,2205,1989,1773,2025,2124,1782,2322,1872,1881,2106,1971,2070,1800,2151,2043,2088,2214,1953,2052,
Shot 7:2376,2394,2367,2385,
Shot 8:2655,2619,2691,2628,2637,2646,2664,
Shot 9:3006,3339,2700,3186,2817,2889,3231,2763,2862,3114,3204,2844,2925,3105,2790,3096,3123,2871,3276,3033,3195,3213,2709,2943,2880,2808,2853,2970,2898,2835,2799,3177,2781,2826,3051,3024,3042,2988,3222,2934,2907,3015,
Shot 10:3384,3393,3375,
Shot 11:3528,3402,3636,3546,3555,3645,3456,3537,3510,
Shot 12:3690,3708,3654,
Shot 13:3717,3726,
Shot 14:3780,3978,3951,3897,3987,3861,3798,3942,3960,3870,3762,3852,3879,3789,3807,
Shot 15:4023,4140,3996,4113,4041,4149,4131,4104,4032,4014,
Shot 16:4167,4239,4221,4230,4158,
Shot 17:4266,4248,4275,4257,
Shot 18:4302,4320,4347,4284,4329,4311,
Shot 19:4365,4374,
Shot 20:4383,
Shot 21:4392,4419,4410,
Shot 22:4608,4689,4518,4644,4671,4626,4590,4635,4653,4680,4617,4599,
Shot 23:4878,4734,5022,4788,4986,4842,4950,4716,4770,5076,4824,5004,4914,4752,4851,4932,4995,4977,5040,4860,5013,4725,4905,4941,4896,4743,
Shot 24:5247,5301,5148,5292,5166,5283,5274,5157,5184,5265,5202,5256,
Shot 25:5391,5553,5445,5427,5373,5382,5400,5580,
Shot 26:5589,
Shot 27:5616,5670,5598,5607,
Shot 28:5832,6345,6534,5679,6246,6129,5895,5985,6489,6165,6201,6075,6507,5877,5733,6363,5688,5742,6399,6183,5859,6444,6147,6048,5886,6093,5760,5751,6516,6210,6228,6552,5850,6372,6417,6498,6111,6057,5769,5868,6525,6138,6066,6408,6102,6120,6480,6084,5841,6426,6543,
Shot 29:6714,7101,6966,6930,6768,6822,7065,7245,6615,6777,6750,7038,6903,7200,7083,6759,6876,6948,6624,7047,6867,6957,7092,7029,7110,6885,6858,6741,6633,6804,6912,7074,7020,7056,6732,6894,
Shot 30:7281,7263,7416,7272,7380,
Shot 31:7965,7425,7677,7623,7812,7605,7857,7524,7452,7893,7497,7560,7749,8046,7641,7956,7731,7902,7479,7551,7686,7974,7884,
Shot 32:8550,8154,8172,8487,8181,8514,8478,8244,8496,8532,
