Shot 0:144,72,234,99,198,117,180,81,90,162,216,126,108,9,153,135,
Shot 1:252,243,261,
Shot 2:423,351,270,360,459,387,441,378,450,396,405,432,
Shot 3:486,468,504,477,495,
Shot 4:522,558,549,531,513,540,
Shot 5:621,576,594,567,612,585,639,
Shot 6:648,657,
Shot 7:666,675,
Shot 8:702,
Shot 9:738,711,729,
Shot 10:756,747,765,
Shot 11:1017,837,954,981,1035,801,873,774,927,999,1053,864,1026,819,882,828,1008,
Shot 12:1071,1062,1116,
Shot 13:1125,1134,
Shot 14:1242,
Shot 15:1278,1323,1314,
Shot 16:1377,1332,1341,1350,1368,1386,
Shot 17:1458,1530,1413,1494,1548,1449,1503,1422,1467,1539,
Shot 18:1584,1575,
Shot 19:1620,
Shot 20:1629,1647,1683,
Shot 21:1692,
Shot 22:1728,1773,1701,1710,1746,
Shot 23:1782,
Shot 24:2007,2079,2232,1899,2142,2295,1935,1836,1917,1800,2205,2052,2268,2187,2115,2277,1854,2349,2043,2133,1809,2259,2061,2214,2106,2034,2250,2070,2025,2286,1980,
Shot 25:2520,2358,2583,2376,2628,2556,2601,2466,2565,2646,2538,2610,2592,2547,2619,2484,2574,2529,2637,2511,
Shot 26:2691,
Shot 27:2700,
Shot 28:2943,2709,2826,3006,3051,2871,2970,3024,2862,2889,2961,2979,2907,2736,2808,2853,2880,2952,2934,2898,2817,
Shot 29:3168,3186,3177,3159,
Shot 30:3222,3195,3249,3204,
Shot 31:3339,3348,
Shot 32:3600,3402,3456,3366,3420,3357,3537,3465,3438,3393,3645,3582,3483,3501,3474,3618,3492,3627,3528,3609,3564,3636,
Shot 33:3699,3681,3708,
Shot 34:3717,3726,
Shot 35:3744,3834,3735,3753,
Shot 36:3951,3870,4077,4176,3843,4032,4113,4158,3915,4131,4050,3996,3897,3933,4014,4104,3969,4059,4149,4167,3861,3906,3924,3942,3879,3888,3960,4068,
Shot 37:4221,4275,4194,4248,4257,4338,4293,4266,4239,4212,4203,4230,
Shot 38:4887,4689,4518,4464,4779,4563,4626,4806,4725,4347,5049,4959,4833,4644,4482,4995,4743,5013,4977,4356,4914,4707,4500,4473,4662,4617,4815,4797,4851,4824,4860,4986,4635,5004,4491,4734,4842,4932,4761,4536,4653,4509,4869,4671,4752,4968,4590,4545,4905,4896,4941,4923,4950,4527,
Shot 39:5157,5085,5112,5211,5202,5103,5130,5121,5067,5094,5139,
Shot 40:5391,5238,5310,5355,5220,5481,5346,5472,5265,5373,5364,5328,5463,
Shot 41:5499,5490,5553,
Shot 42:5922,6534,5679,5823,6129,6066,5985,6021,5868,6138,5742,5949,
Shot 43:6624,6651,6660,6579,6588,6642,6633,6606,
Shot 44:6714,6669,6696,6732,6705,6723,
Shot 45:6804,6768,6750,6741,6822,6777,6813,
Shot 46:6831,
Shot 47:7029,6849,6912,7236,6948,7281,6885,6966,6858,6930,7200,6957,7074,6984,7272,7164,7137,6894,7218,7065,7182,7092,7002,6921,6939,7254,7173,7083,6975,7011,6993,
Shot 48:7308,7290,
