Shot 0:342,369,144,63,108,180,360,225,153,9,135,162,306,243,270,
Shot 1:387,441,
Shot 2:486,468,477,504,
Shot 3:648,684,639,657,
Shot 4:747,765,738,
Shot 5:783,792,
Shot 6:828,846,810,801,
Shot 7:855,873,
Shot 8:936,1026,882,990,918,927,
Shot 9:1170,1071,1233,1035,1098,1188,1251,1179,1089,1134,1224,1161,
Shot 10:1413,1458,1260,
Shot 11:1467,
Shot 12:1476,
Shot 13:1539,1602,1521,1485,1566,1494,1584,1512,1593,1530,1503,1557,1575,1548,
Shot 14:1620,1872,1854,1863,1773,1737,1845,1665,1647,1791,1719,1611,
Shot 15:1881,
Shot 16:1890,1899,
Shot 17:1908,
Shot 18:2232,1935,1953,1944,1917,2124,1962,2178,2277,2196,1989,2169,1926,2187,2052,2142,2250,2259,2214,2223,1971,2268,
Shot 19:2295,2349,
Shot 20:2358,2367,
Shot 21:2592,2574,2466,2457,2538,2412,2394,2610,2502,2403,2376,2601,2583,
Shot 22:2772,2691,2655,2835,
Shot 23:3240,2844,3015,3474,2853,2952,3159,3024,3330,3033,2898,3078,3105,3393,3465,2961,3186,3177,3123,3150,3375,3051,2880,3141,
Shot 24:3600,3510,3492,3555,3546,
Shot 25:3870,3627,3735,3636,3789,3798,3645,3753,3825,3708,3888,3807,3834,3861,
Shot 26:3987,3969,3924,3942,3978,4023,3915,3933,3960,3996,
Shot 27:4032,
Shot 28:4041,
