Shot 0:153,9,252,81,216,54,126,180,234,36,108,198,171,144,117,162,
Shot 1:333,459,531,522,423,441,288,396,477,315,351,
Shot 2:558,540,549,567,
Shot 3:576,
Shot 4:585,
Shot 5:603,612,
Shot 6:621,630,
Shot 7:729,666,648,675,639,693,756,747,738,
Shot 8:765,774,
Shot 9:801,810,873,828,864,855,837,783,819,792,
Shot 10:882,891,
Shot 11:900,
Shot 12:918,927,
Shot 13:963,1107,1305,1080,1278,1260,1062,1287,1044,1125,1098,1233,1269,1071,1296,1089,1035,1053,936,1251,1026,1116,
Shot 14:1332,1314,1350,1323,1341,
Shot 15:1368,1359,1377,
Shot 16:1395,1422,1413,1386,
Shot 17:1494,1440,1467,1512,1476,1458,1449,1485,1431,1503,
Shot 18:1521,1530,
Shot 19:1665,
Shot 20:1827,1674,1746,1683,1692,1773,1836,
Shot 21:1917,1926,1908,
Shot 22:1962,1935,1944,1953,1989,
Shot 23:2268,2430,2097,2376,2142,2106,2412,2124,2088,2151,2349,2178,2322,2160,2232,2421,2304,2214,2367,2250,2331,2187,2313,2286,2295,2340,2223,2241,
Shot 24:2493,2502,
Shot 25:2592,2511,
Shot 26:2727,2673,2691,2745,2700,2682,2709,
Shot 27:2754,
Shot 28:2781,2943,2880,2862,2889,2853,2898,2871,2844,2763,2772,
Shot 29:2952,
Shot 30:2970,
Shot 31:3285,3429,3267,3420,3375,3276,
Shot 32:3528,3438,3744,3627,3816,3573,3483,3654,3564,3690,3492,3762,3537,
Shot 33:3870,4158,3915,3969,3825,3978,3897,3906,4005,3960,
Shot 34:4167,4185,
Shot 35:4248,
Shot 36:4401,4329,4428,4365,4347,4419,4383,4374,4356,4410,4338,4392,
Shot 37:4608,4806,4455,4716,4509,4572,4734,4536,4680,4491,4761,4653,4581,4707,4725,4590,4464,4743,4563,4635,4752,4644,4671,4770,4599,4689,
Shot 38:4977,5031,4878,5022,4896,5103,5013,4914,4887,5004,4995,4932,
Shot 39:5130,5166,5112,5121,5139,
Shot 40:5562,5328,5976,5850,6246,5634,5436,5283,6075,5193,5715,5913,6228,6273,5805,6102,5472,5607,5940,6012,5895,5409,6192,5319,6138,5787,5490,5958,5877,5400,5589,5823,6237,6255,5625,5616,5499,6156,6120,5598,5580,5481,5796,5931,5508,6264,5859,5841,5337,5814,6282,5832,6147,6219,6174,5418,5346,5571,
Shot 41:6444,6840,6750,6507,6669,6615,6489,6345,6795,6516,6777,6651,6687,6354,6822,6498,6543,6768,6471,6633,6831,6363,6606,6813,6570,6597,6786,6696,6804,6480,6642,6624,6462,
Shot 42:6876,6966,6993,
Shot 43:7011,7155,7146,7002,7074,
Shot 44:7461,7209,7164,7542,7353,7299,7263,7380,7290,7227,7479,7407,7416,7254,
Shot 45:7704,7551,7632,7884,7623,7560,7686,7695,7740,7641,7875,
Shot 46:7893,7911,
Shot 47:8550,8100,8694,8325,7956,8226,8388,8469,8613,8730,8190,8586,8640,8352,8496,8253,8415,8748,8055,8136,8271,8595,8433,8208,8622,8658,8244,8487,8631,8739,8721,8577,8172,8217,8343,8478,8604,8514,8370,8298,8091,8361,8235,8127,8334,8568,8406,8199,8109,8082,8712,8505,8262,8649,8397,8460,8316,8181,8145,8379,8667,8064,8280,8703,8532,8163,8559,
Shot 48:8820,8775,8793,8856,8784,8802,8811,8829,
Shot 49:8991,
