Shot 0:9,
Shot 1:432,18,180,99,45,270,621,333,531,468,405,
Shot 2:666,738,684,729,711,720,675,
Shot 3:774,747,810,
Shot 4:1098,837,1197,990,864,1152,954,945,1026,
Shot 5:1233,1350,1395,1368,1260,1215,
Shot 6:1530,1467,1566,1404,1512,1548,1413,1584,1449,1539,1611,1494,
Shot 7:1737,1791,1809,1773,1656,1755,1719,
Shot 8:1854,1890,
Shot 9:2286,2088,2196,2025,2241,2043,2160,2214,2178,2421,2367,2142,1971,2169,2124,2205,2070,2313,2331,2106,2007,2295,2277,
Shot 10:2493,
Shot 11:2565,2619,2727,2709,2664,2529,
Shot 12:2835,2745,2808,2772,2817,2790,2826,2844,
Shot 13:2862,2871,2979,2934,2853,
Shot 14:3159,3240,3024,3060,3177,3015,3204,3114,
Shot 15:3294,3447,3420,3393,3357,3267,
Shot 16:3456,3510,
Shot 17:3555,3618,
Shot 18:3969,3852,3762,3798,3690,3654,3915,3726,3933,
Shot 19:3987,4023,
Shot 20:4185,4077,4050,4140,4212,
Shot 21:4266,4311,4221,
Shot 22:4347,4401,4383,4365,4320,
Shot 23:4455,4419,4491,
Shot 24:4950,4698,4617,4851,4788,4509,4896,4797,
Shot 25:4959,5004,
Shot 26:5202,5292,5517,5067,5049,5382,5337,5499,5454,5265,5427,5085,5301,5247,5274,5031,5553,5103,5319,5058,5238,
Shot 27:5571,5616,
Shot 28:5688,5697,5625,5661,
Shot 29:5751,5796,
Shot 30:6471,5859,6030,6165,6498,5976,6228,5841,6300,6435,6489,6192,6102,6480,
Shot 31:6516,
