Shot 0:18,81,72,9,63,27,
Shot 1:1089,2583,2628,2502,252,2619,2601,2565,2637,1935,1737,279,333,2646,261,2511,2529,1719,99,2592,189,306,801,1314,351,2466,1872,2070,828,2493,108,432,1845,657,1566,387,1269,2484,90,2421,2016,243,1152,909,144,207,450,1503,693,1710,1530,117,2448,
Shot 2:2799,3195,
Shot 3:3330,3429,3375,3285,3276,3393,3294,3303,
Shot 4:3438,
Shot 5:3528,3609,
Shot 6:3627,
Shot 7:3717,3699,3780,
Shot 8:3861,
Shot 9:3978,4203,4050,4185,4041,4131,4194,4032,4059,4086,4176,4095,4113,3942,3969,4104,
Shot 10:4221,4212,4230,
