Shot 0:252,369,99,378,360,63,135,18,81,108,225,90,54,144,216,189,9,180,234,351,36,270,
Shot 1:423,792,675,837,702,396,468,819,486,387,405,414,432,738,639,441,
Shot 2:855,
Shot 3:864,
Shot 4:882,
Shot 5:891,
Shot 6:1449,1233,1377,1251,1413,1350,1215,1269,1188,1179,1386,1323,1404,900,1395,1161,1332,990,1359,1197,1170,1422,1224,1278,1008,1431,1134,918,1305,1476,1296,1440,963,1287,1062,1026,1206,1242,1314,1341,1458,927,909,1368,
Shot 7:1494,1503,1512,
Shot 8:1539,1530,1548,1521,
Shot 9:1593,1647,1620,1638,1611,1629,1566,1602,1584,
Shot 10:1656,
Shot 11:1665,1674,
Shot 12:1683,
Shot 13:2043,2250,2331,1746,1962,2340,1791,2295,2367,1953,2349,2412,2322,2196,2259,2124,2304,1710,1998,1872,2376,1890,1737,2232,1935,2394,2268,1944,1818,1980,2421,2241,2313,2286,2277,1692,2385,2016,2358,1827,2052,2214,2403,2205,1863,1728,2079,2187,1764,2151,1800,2025,2007,1701,1755,2223,1719,
Shot 14:2439,2430,2511,2457,2466,2493,2448,
Shot 15:2529,2574,2610,2565,2637,2583,2601,2628,2619,2592,2538,
Shot 16:2718,2646,2736,2700,
Shot 17:2772,2817,2799,2754,2790,2745,2808,2826,2835,2763,2781,
Shot 18:2844,
Shot 19:2880,2862,2853,
Shot 20:2889,
Shot 21:2916,2943,2907,2934,2898,2925,
Shot 22:2979,2952,2961,3015,2970,
Shot 23:3231,3060,3222,3087,3042,3096,3105,3123,
