Shot 0:9,
Shot 1:144,477,468,450,405,441,360,459,342,117,234,135,270,
Shot 2:738,558,504,549,594,576,486,621,513,585,567,495,603,747,
Shot 3:819,846,801,783,810,837,828,
Shot 4:864,882,855,
Shot 5:1368,891,1089,1710,954,918,1179,1269,1782,1026,1755,1251,1161,1296,1692,909,1143,1242,1116,1638,936,1593,1206,1008,1404,1557,1350,1719,1503,1107,1395,1134,1044,1476,1341,1080,1431,1323,1773,1332,1674,1233,1224,1494,900,1125,1665,1062,1728,1413,1188,999,1152,927,1620,1521,1512,981,1305,972,1656,1260,1314,1701,1575,1566,1098,1602,1422,1449,1539,1467,1485,1287,1683,1359,1377,
Shot 6:1917,1791,1836,2043,1809,1980,1881,2025,1845,1890,1827,1872,1854,1818,1998,1971,1863,1944,1908,1926,2034,1800,2016,
Shot 7:2835,2457,3087,3123,2430,3078,3096,2511,3069,2556,2439,2637,2079,3006,2376,2907,2052,2394,2493,2475,2070,2565,2502,2385,2088,2484,2115,2466,2448,3033,2574,2061,2205,2538,2718,3114,2313,2619,2403,2646,2547,2601,2520,2673,2232,2934,2097,2412,2880,2268,3105,2583,2151,3051,2655,2961,2367,2592,3024,2295,2610,2241,2727,2286,2781,2799,2745,2142,2529,2691,2322,2340,2160,2970,2250,
Shot 8:3141,3159,3132,3150,
Shot 9:3168,3222,3204,3195,3213,3186,
Shot 10:3249,3312,3294,3276,3231,3240,3267,3303,
Shot 11:3321,
Shot 12:3330,
Shot 13:3339,
Shot 14:3357,3348,3366,
Shot 15:3375,3384,
Shot 16:3393,
Shot 17:3402,
Shot 18:3411,3420,
Shot 19:3438,3456,3429,3447,
Shot 20:3501,3465,3474,3528,3483,3537,3492,3510,
Shot 21:3546,
Shot 22:3555,
Shot 23:3645,3564,3573,3582,3627,3717,3609,3681,3708,3600,3690,3672,3654,3591,3663,3699,3636,
Shot 24:3762,3726,3780,3744,3735,3753,3771,
Shot 25:3978,4167,4131,3789,4122,3843,3816,3834,4086,4149,3888,3852,4104,3942,4095,4140,3798,3906,3933,4041,3951,3807,3879,4077,3825,4005,4113,4059,4158,4032,4014,3960,3915,3996,3897,4068,
Shot 26:4176,4185,4203,4212,
Shot 27:4221,
Shot 28:4311,4464,4455,4275,4230,4248,4410,4446,4374,4293,4284,4428,4383,4437,4266,4239,
Shot 29:4509,4482,4536,4473,4491,4572,4518,4500,
Shot 30:4590,4626,4644,4635,4581,
Shot 31:4689,4806,4905,4914,4653,4779,4662,4887,4878,4860,4788,4833,4725,4896,4671,4761,4851,4707,4698,4815,4680,4734,
Shot 32:4923,4932,
Shot 33:4959,4941,4977,4968,4950,
Shot 34:4986,4995,
Shot 35:5004,
Shot 36:5022,5076,5058,5094,5040,5067,5103,5049,5013,5085,
Shot 37:5112,5121,
Shot 38:5130,
Shot 39:5175,5139,5148,5166,5184,
Shot 40:5229,5373,5193,5202,5211,5247,5337,5238,5220,
Shot 41:5616,
