Shot 0:99,9,54,36,45,81,27,72,108,
Shot 1:783,477,351,855,288,117,279,261,306,270,747,531,837,297,369,315,360,702,819,522,378,414,342,387,324,540,243,432,558,603,459,468,144,720,693,684,801,216,576,513,234,639,396,810,675,612,756,486,630,549,738,126,711,585,792,657,594,774,207,765,666,621,729,828,
Shot 2:882,909,891,864,900,873,
Shot 3:1053,1197,918,1188,1008,954,1224,1206,981,1143,1035,1071,1233,1026,1116,927,945,999,1152,1242,1062,1215,1170,936,1080,990,1044,1179,1125,1089,1134,972,1107,963,
Shot 4:1278,1296,1251,1260,1287,1269,
Shot 5:1458,1908,1305,1917,1737,1350,1899,1782,1395,1791,1845,1521,1377,1359,1692,1404,1575,1764,1809,1683,1881,1314,1611,1539,1827,1332,1701,1836,1476,1773,1323,1503,1863,1872,1719,1746,1341,1800,1665,1512,1890,1413,1440,1818,1548,1638,1584,1422,1386,1467,1647,1728,1710,1494,1431,1674,
Shot 6:1926,
Shot 7:2061,2142,2007,2034,1989,1962,2115,1944,2088,1980,2025,2124,1998,2070,2052,2097,2079,2016,2106,2133,2043,1935,1971,1953,
Shot 8:2151,2160,
Shot 9:2304,2475,2556,2430,2520,2583,2376,2196,2574,2547,2412,2448,2565,2358,2493,2403,2466,2169,2340,2502,2592,2232,2187,2385,2529,2421,2601,2205,2259,2394,2349,2322,2313,2367,
Shot 10:2673,2655,2700,2691,2610,2709,2682,2664,2619,2637,2628,
Shot 11:2736,2718,2727,2745,
Shot 12:2826,2871,2781,2808,2835,2853,2754,2862,2790,2844,2772,2907,2889,2943,2880,2934,2817,2763,2898,2925,2916,2799,
Shot 13:2952,
Shot 14:3006,2988,2970,2961,2997,2979,
Shot 15:3060,3033,3015,3024,3042,3051,
