Shot 0:108,324,333,288,423,351,180,198,18,576,369,189,468,243,270,342,522,297,153,225,459,378,9,45,432,315,486,558,531,36,81,477,72,
Shot 1:621,909,927,585,603,936,918,
Shot 2:1080,954,1071,
Shot 3:1116,
Shot 4:1125,
Shot 5:1134,
Shot 6:1143,1152,
Shot 7:1161,1179,1170,
Shot 8:1188,
Shot 9:1224,1206,1233,1197,
Shot 10:1278,
Shot 11:1332,1323,1350,
Shot 12:1413,1584,1656,1386,1521,1530,1674,1647,1449,1431,1593,1377,1638,
Shot 13:1683,
Shot 14:1701,1782,1755,1728,1773,1746,1692,1791,1737,1764,1710,
Shot 15:1800,1818,1809,
Shot 16:1845,1854,1827,1836,
Shot 17:1863,1872,
Shot 18:1890,1899,
Shot 19:1989,1917,2025,1980,1926,1998,
Shot 20:2034,
Shot 21:2331,2169,2115,2412,2151,2070,2142,2367,2160,2394,2178,2376,2340,2214,2268,2232,2304,2196,2241,2259,2322,
Shot 22:2430,2790,2628,2772,2736,2610,2547,2655,2592,2484,2745,2718,2448,
Shot 23:3141,2844,3357,3411,3393,3015,2907,3069,2817,2799,3186,3087,3006,3060,2862,3114,3249,2997,3078,3375,3033,3303,2898,3150,3132,3222,3105,3339,3123,3096,3285,
Shot 24:3483,3528,3501,3465,3519,3447,3510,3438,3537,3492,3474,
Shot 25:3573,3546,3564,
Shot 26:3672,3888,3825,3690,3834,3600,3582,3591,3699,3681,3807,3816,3798,3879,3609,3843,3780,3618,3708,
Shot 27:3906,3897,3915,
Shot 28:3960,4113,3924,4095,4077,4041,3933,4050,3942,4032,3978,
Shot 29:4131,4194,4185,4122,
Shot 30:4527,4338,4428,4311,4698,4293,4419,4734,4374,4257,4302,4725,4203,4284,4671,4743,4842,4896,4221,4446,4689,4968,4824,4752,4779,4878,4860,4716,4653,4806,4239,4455,4923,4950,4851,4986,4383,4941,4473,4581,4500,4536,4509,4572,
Shot 31:5040,
