Shot 0:9,
Shot 1:558,630,594,378,522,531,585,477,459,270,486,495,567,468,513,441,612,549,450,540,
Shot 2:819,873,648,855,738,657,675,864,693,837,846,666,801,810,
Shot 3:1053,882,1161,1134,900,891,1197,1170,1188,1125,936,1206,1152,1098,1071,1143,1089,1044,1116,1080,1062,
Shot 4:1341,1224,1215,1296,1233,1368,1314,1359,1323,1377,1404,1305,1350,1395,1332,
Shot 5:1422,1593,1575,1512,1584,1548,1503,1440,1467,1476,1530,1557,1413,
Shot 6:2007,2484,1602,2493,1647,1638,2232,1854,2250,1665,1791,1620,2313,1863,1836,1782,1701,1683,2241,1890,2178,2088,2259,2115,1710,1674,1800,2106,2277,2124,2160,2142,1773,1845,1917,1746,1719,1872,1962,1980,2151,2169,1998,2133,1935,2097,1953,1971,2016,2079,1989,1926,2025,1944,2070,
Shot 7:2502,2529,
Shot 8:2601,2556,2565,2610,2583,
Shot 9:2628,2637,
Shot 10:2664,
Shot 11:2673,2682,
Shot 12:2691,
Shot 13:2700,
Shot 14:2709,2718,
Shot 15:2754,2736,2727,2763,2745,
Shot 16:2853,2790,2772,2781,2808,2835,2826,2817,2907,2799,2898,2889,2844,2880,2871,2862,
Shot 17:3087,2916,3168,3015,
