Shot 0:9,
Shot 1:54,
Shot 2:117,108,126,
Shot 3:144,162,135,
Shot 4:171,
Shot 5:306,369,180,189,234,360,342,261,297,333,324,252,279,
Shot 6:1458,468,1512,378,1530,1503,459,387,567,1548,414,432,1233,1224,477,531,405,450,1206,1521,396,441,1152,1539,1197,423,1071,549,1269,1215,1494,513,495,1161,1098,1179,1242,1062,1377,1251,1296,1305,1359,1341,1485,1395,909,1332,1278,621,1431,639,927,1440,1404,1413,585,900,630,666,1449,936,
Shot 7:1557,
Shot 8:1566,1593,1575,1584,1602,
Shot 9:1611,
Shot 10:1620,
Shot 11:1656,1629,1737,1800,1692,1710,1674,1647,1791,1728,1638,1773,1665,
Shot 12:1872,1836,1899,1944,1917,1845,1908,1926,1809,1818,1890,1863,1854,1881,1827,1962,1935,
Shot 13:1971,
Shot 14:1980,1989,
Shot 15:3195,2988,2979,3015,3006,2106,2862,2934,3024,2871,3060,2970,2007,3150,2142,2052,2043,2178,2376,2637,2889,2232,3132,2790,2700,2853,2880,2646,2088,2961,2943,2664,2619,3114,2421,2709,3051,2925,3033,2187,2160,2061,2133,3258,2097,2070,2952,2538,2169,3141,3123,2610,2817,2151,2673,2196,3177,2367,2016,3105,2241,2583,2502,2214,2430,2340,3231,3069,2826,3204,3159,2655,2115,2736,3267,3042,2250,2916,3249,2844,2403,2799,3087,2034,2331,3294,2745,2493,2601,2268,2691,2754,2304,2205,2718,3078,2592,2259,2358,2124,2466,3240,2727,2772,3186,2079,2835,3096,2484,2313,2025,3222,
Shot 16:3312,3303,3330,
