Shot 0:9,
Shot 1:225,279,
Shot 2:855,963,297,405,945,396,414,954,423,360,450,810,864,
Shot 3:1071,1134,
Shot 4:1143,
Shot 5:1152,
Shot 6:1161,
Shot 7:1170,1179,
Shot 8:1350,1251,1503,1377,1485,1494,1242,1422,1278,1305,1539,1476,1395,1206,1611,1296,1458,1431,1584,1530,1314,1359,1188,1215,1269,1449,1224,1197,1602,1323,1548,1575,1557,1566,1341,
Shot 9:1620,
Shot 10:1917,1854,1953,1899,1845,1926,
Shot 11:1962,
Shot 12:2457,2502,2304,2187,2097,2079,2421,2385,2277,2142,2295,2196,2070,2133,2151,2412,2241,2466,2124,2358,2250,2322,2169,2484,2115,2376,2259,2430,2214,2232,2448,
Shot 13:2556,2646,2673,2511,
Shot 14:2682,
Shot 15:2727,
Shot 16:2844,2880,
Shot 17:2898,
Shot 18:3339,2970,3204,2988,3366,3078,3123,3051,3132,3276,3015,3186,3033,3294,3357,3258,2979,2961,3024,2997,3150,3141,3348,3069,3249,3312,3096,3114,3330,
Shot 19:3393,3789,3654,3618,3870,
Shot 20:3906,4005,3933,4014,3924,3915,4023,
Shot 21:4032,4257,
Shot 22:4671,4284,4518,4392,4293,4320,4500,4401,4554,4590,4473,4527,4680,4545,4572,4410,4365,4509,4383,4536,4347,4419,4455,4626,4491,4698,4464,4338,4428,4311,4653,4644,4437,4662,4446,
Shot 23:4770,4950,4779,4716,
Shot 24:5049,
Shot 25:5166,
Shot 26:5724,
Shot 27:6084,5841,6057,6093,6066,
