Shot 0:117,18,288,36,54,9,27,279,261,180,99,270,324,63,135,297,126,45,225,108,
Shot 1:360,369,351,342,
Shot 2:414,459,387,441,396,432,450,405,
Shot 3:603,468,477,549,540,504,486,522,630,567,495,594,621,558,531,585,
Shot 4:720,1044,927,1035,1053,1008,864,981,684,990,792,774,954,882,1026,972,855,999,909,963,756,711,873,693,702,918,729,1017,810,
Shot 5:1179,1422,1062,1134,1386,1089,1341,1224,1071,1107,1161,1251,1125,1143,1080,1359,1413,1116,1098,1323,1233,1314,1242,1368,1377,1170,
Shot 6:1710,1908,1935,1458,1530,1872,1827,1494,1440,1926,1854,1809,1620,1593,1548,1665,1449,1836,1512,1818,1692,1575,1773,1584,1611,1863,1629,1647,1521,1881,1719,
Shot 7:1944,
Shot 8:3447,1962,3735,2466,2358,1998,2997,3186,2655,2169,3780,3150,2304,3123,2430,3717,2394,3132,3906,2187,2610,2700,2448,2142,3510,3807,1971,2205,1953,2052,2682,3105,2214,2421,2772,2196,3258,3231,3753,2349,2592,3825,2538,2709,2034,2016,2232,2691,2295,3591,3771,2925,2484,2646,2412,3870,2070,2628,2502,2133,2790,3312,3213,2385,3708,2025,3006,3141,2808,2178,2457,3060,3420,3789,2583,1980,3879,2313,3573,2826,3654,3798,2124,2439,2475,2979,2871,3726,3492,3168,2043,3069,3618,2223,3276,3546,3582,3861,3177,3744,3321,3501,3267,
Shot 9:4068,4023,4122,4095,3942,4104,3978,3951,4041,4113,4050,3969,4059,4077,
Shot 10:4239,4302,4311,4266,4140,4176,4194,4284,4167,4212,4185,4149,4275,4203,4248,4158,4221,4230,
Shot 11:4455,5463,5571,5355,5067,4320,5310,5454,5562,4563,5004,5373,4680,4599,4734,5634,4986,4644,5652,5472,5265,4329,4572,4662,5175,5499,5580,5616,4581,5427,5301,5481,4482,4851,5130,4554,4527,4338,5283,4356,5166,5364,5598,5589,5400,4590,5328,4896,5193,5256,4788,4950,4383,4797,4914,5382,4617,4689,4995,5121,4410,4770,5508,4500,5661,5643,5517,4671,5013,4698,4419,5607,4428,4392,5031,5625,5346,4860,5274,4365,4923,4806,4446,4509,4536,5319,5103,4401,4626,4464,4932,5049,4815,5040,
Shot 12:5670,5679,
Shot 13:5688,
Shot 14:5958,5724,5742,5832,5769,5805,5706,5850,5796,5931,5733,5778,5715,5913,5823,5868,5841,5940,5949,5787,5697,
Shot 15:5994,5976,5985,
Shot 16:6183,6345,6156,6336,6309,6030,6012,6120,6039,6219,6093,6264,6057,6228,6174,6021,6102,6147,6075,6129,6048,6138,6318,6192,6237,6165,
Shot 17:6381,6354,6363,6372,6390,
Shot 18:6426,6408,6417,6435,
Shot 19:6444,6453,
Shot 20:6480,6471,6462,
