Shot 0:162,9,252,81,
Shot 1:1017,990,1026,1044,1035,513,
Shot 2:1107,1062,1071,1080,1098,1089,
Shot 3:1116,1125,
Shot 4:1134,1188,1152,1161,1143,1179,
Shot 5:1206,1215,1197,
Shot 6:1278,1242,1233,1287,1224,1251,1260,1269,
Shot 7:1314,1323,1341,1305,1332,1296,
Shot 8:1368,1395,1386,1350,1377,1359,
Shot 9:1467,1620,1404,1611,1431,1503,1422,1512,1413,1440,1539,
Shot 10:1656,1710,1638,
Shot 11:1773,1728,1755,1791,1764,1737,1782,
Shot 12:1827,1854,1845,1818,1800,1809,1836,
Shot 13:1872,1908,1917,1863,1881,1899,
Shot 14:1926,1935,
Shot 15:1989,2061,1944,2079,2088,2052,1953,2016,1998,1980,
Shot 16:2124,2142,2133,2106,2097,2115,
Shot 17:2223,2187,2277,2250,2286,2160,2268,2151,2259,2214,2241,
Shot 18:2313,2349,2340,2295,2322,2331,2304,
Shot 19:2358,2394,2376,2385,
Shot 20:2412,2421,2403,
Shot 21:2430,
Shot 22:2466,2538,2439,2493,2511,2547,2484,2502,2529,2520,2475,2457,2448,
Shot 23:2583,2619,2601,2556,2574,2637,2628,2592,2565,2610,
Shot 24:2673,2655,2646,2664,2682,
Shot 25:2700,2736,2709,2691,2727,2718,2754,2745,
Shot 26:2772,2781,2763,
Shot 27:2790,2808,
Shot 28:2817,
Shot 29:2880,2925,2844,2862,2826,2934,2853,2835,2871,
Shot 30:2952,2943,2961,
Shot 31:2970,
Shot 32:3051,3006,3123,3168,3069,3015,3024,3042,3159,2979,3132,3060,3114,3078,3033,2988,3150,3141,3087,3096,2997,
Shot 33:3186,3177,3195,
Shot 34:3303,3204,3231,3213,3249,3222,3240,3402,3267,3348,3393,3384,
Shot 35:3510,3429,3546,3492,3411,3519,3483,3537,3465,3528,
Shot 36:3618,3735,3555,3690,3573,3726,3564,3708,3663,3636,3771,3699,3672,3744,3762,3582,3591,3609,3627,3681,3717,3600,3780,3645,
Shot 37:3789,3798,
Shot 38:3915,3843,4032,3996,3807,4050,3978,3852,4059,3825,3969,3888,3924,4041,3870,3879,4005,4023,3816,3942,3960,3834,
Shot 39:4068,4077,
Shot 40:4086,4104,
Shot 41:4149,4158,4167,4176,4113,4131,4140,
Shot 42:4185,
Shot 43:4212,4248,4194,4275,4230,4239,4266,4203,4221,4257,
Shot 44:4293,4302,4284,
Shot 45:4320,4329,4311,
Shot 46:4338,4347,
Shot 47:4545,4356,4410,4608,4518,4491,4455,4509,4590,4392,4365,4437,4563,4383,4572,4500,4527,4473,4599,4419,4617,4581,4482,4536,4446,4554,4374,4464,
Shot 48:4626,4635,
Shot 49:4644,4653,
Shot 50:4707,4761,4770,4743,4671,4662,4689,4752,4716,4698,4734,4725,4680,
Shot 51:4779,4788,4797,
Shot 52:4806,
Shot 53:4815,4842,4860,4833,4851,4824,
Shot 54:4869,
Shot 55:4914,4887,4959,4878,4986,4950,4896,4932,4977,4968,4923,4905,
Shot 56:5004,
Shot 57:5031,5445,5013,5463,5490,5481,5472,5076,5022,5355,5364,5454,5040,5094,
Shot 58:5499,
Shot 59:5616,5661,5553,5571,5679,5697,5688,5508,5562,5634,5580,5724,5643,5517,5652,5715,5607,5526,5598,5535,5706,5589,5670,5625,
Shot 60:5787,5859,5751,5769,5886,5733,5832,5742,5823,5850,5877,5895,5760,5841,5868,5778,5805,5796,5814,
Shot 61:5967,6021,5922,6003,6048,5994,6030,6039,5904,5976,6012,5913,5940,5985,
Shot 62:6057,6066,
Shot 63:6084,6093,6075,
Shot 64:6102,6111,6120,
Shot 65:6147,6129,6156,6138,
Shot 66:6165,6174,
Shot 67:6183,6201,6210,6192,
Shot 68:6228,6255,6219,6264,6246,6237,6282,6273,
Shot 69:6291,
Shot 70:6309,6336,6363,6354,6327,6345,6300,6318,
Shot 71:6372,6444,6462,6381,6426,6435,6399,6417,6453,6408,6390,
Shot 72:6471,6480,
Shot 73:6489,
Shot 74:6498,6507,
Shot 75:6516,
Shot 76:6525,
Shot 77:6615,6570,6552,6579,6543,6534,6588,6624,6561,6597,6606,
Shot 78:6750,6651,6633,6669,6696,6642,6723,6678,6660,6786,6705,6741,6687,6714,6732,6768,
Shot 79:6804,6795,6813,
Shot 80:6822,6948,6975,6840,
