Shot 0:369,9,504,477,423,495,63,396,198,441,252,90,387,486,207,144,18,
Shot 1:549,567,513,585,594,540,
Shot 2:621,
Shot 3:630,
Shot 4:891,639,900,648,846,873,
Shot 5:1260,1440,1944,1530,1089,1071,1485,1881,990,1611,918,1917,1026,1782,1818,981,1080,1386,1035,1476,1737,1503,1935,1269,927,1134,1152,1539,1431,1899,1053,1809,1836,1593,954,963,1197,1224,1170,1755,1692,1359,1044,1233,1746,1665,1647,1683,
Shot 6:1971,1989,1980,1953,1962,
Shot 7:2610,3312,1998,2421,2205,3348,2133,2160,2232,2187,2988,2880,2583,2745,2088,2241,2529,2817,3366,2538,2862,2052,2520,3006,2466,3357,2007,2601,3375,2547,2952,2277,3276,3069,2340,2169,3240,2808,2286,2934,2907,2214,2781,2835,3303,2889,2799,2025,2250,2475,3393,2925,2439,
Shot 8:3438,
Shot 9:3447,
Shot 10:3456,3465,
Shot 11:3681,3510,3474,3546,3690,3528,3591,3600,3645,3672,
Shot 12:3699,
