Shot 0:9,
Shot 1:99,
Shot 2:414,351,315,378,441,423,468,
Shot 3:747,558,594,711,630,693,576,729,612,720,540,666,702,567,675,756,738,
Shot 4:882,900,918,1026,792,765,837,846,1008,1035,828,864,
Shot 5:1071,1044,1062,
Shot 6:1125,1098,1080,1116,
Shot 7:1152,1179,1188,1161,
Shot 8:1215,1224,
Shot 9:1233,1242,
Shot 10:1269,1251,1260,1278,
Shot 11:1368,1332,1314,1296,1341,1350,1323,1386,1359,1305,1377,
Shot 12:1413,1395,1422,1404,
Shot 13:1440,1431,1449,
Shot 14:1476,1701,
Shot 15:1872,1953,1944,1971,2007,1728,1881,
Shot 16:2016,2088,2106,2115,2079,2043,2034,2070,2097,2025,2052,
Shot 17:2124,
Shot 18:2268,2295,2241,2286,2277,2178,2232,2133,2259,2214,
Shot 19:2313,2322,2331,2340,2304,
Shot 20:2565,2430,2394,2367,2484,2448,2511,2412,2349,2376,2502,2547,2457,2574,
Shot 21:2646,2592,2601,2682,2772,2619,2691,2673,2664,
Shot 22:2808,
Shot 23:2943,2871,2898,2916,2952,
Shot 24:3240,2970,3123,3159,3096,3186,
Shot 25:3321,3285,3267,3303,3339,
Shot 26:3582,3528,3663,3366,
Shot 27:3699,3717,
Shot 28:3807,
Shot 29:4050,4041,4059,
Shot 30:4068,4077,
Shot 31:4104,4095,4113,4086,
Shot 32:4338,4383,4401,4410,4374,4266,4392,4275,4302,4122,4356,4158,4221,4365,4230,4140,4212,4329,4347,4248,4293,4320,4131,4239,
Shot 33:4428,4554,4590,4419,4581,4527,4509,4491,
Shot 34:4599,4797,
Shot 35:4869,5004,4932,4914,4950,4923,4977,5031,4824,4878,
Shot 36:5247,5139,5256,5211,5229,5103,5121,5193,5058,5085,5220,5067,5157,5130,5166,5238,5184,5094,5040,
Shot 37:5265,
Shot 38:5625,5526,5553,5508,5661,5589,5535,5607,5562,5517,5580,5544,5616,5571,5643,5499,5715,5670,5706,5634,5697,
Shot 39:5724,
Shot 40:5958,6192,6201,6165,6246,6219,6264,6156,6327,6300,6138,6318,6255,6093,6111,6309,6210,6228,6048,6174,6003,6030,6147,6282,6021,6039,6102,6336,6084,6354,6273,6075,6183,6012,6237,6372,6345,5994,5985,6066,5949,5967,5940,
Shot 41:6381,6822,
