Shot 0:27,117,108,90,9,99,18,36,
Shot 1:180,126,198,153,
Shot 2:216,
Shot 3:432,477,405,459,
Shot 4:846,936,918,909,504,819,801,
Shot 5:972,
Shot 6:981,
Shot 7:990,1890,1881,1539,1503,1080,1062,1017,1035,
Shot 8:2196,2961,2790,1899,2421,2880,2898,2259,2646,2385,2043,2133,2394,2925,2529,1944,2223,1971,2097,2583,1926,2304,2169,2988,2061,2763,2916,2547,2439,2277,2187,2178,2205,2250,
Shot 9:3213,3042,4158,3024,3087,3015,3519,4149,
Shot 10:4167,
Shot 11:4950,5022,5067,4473,4653,4698,4527,4509,5040,4572,4986,5085,4932,4734,4374,4626,4590,4959,4806,4482,4635,4887,
Shot 12:5256,5301,5346,5283,5364,5148,5292,5310,5274,5229,5184,5319,5265,
Shot 13:5661,5922,5400,6111,5823,5535,5994,5382,5436,5976,5886,5787,5481,5562,5904,5859,5580,5706,6093,5895,5616,
Shot 14:6669,6147,6822,6381,6696,6129,6210,6183,6705,6732,6219,6309,6777,6471,6336,6318,6156,6282,6273,6255,6174,6795,6741,6417,6237,6498,6354,6687,6723,6750,6390,6372,6813,6534,6570,6651,6552,6660,
Shot 15:7029,6840,6921,7353,6912,6948,7227,6867,6930,7092,6903,6975,6894,7137,7317,6984,7056,6885,7020,7128,7182,7164,
Shot 16:7470,7452,7569,7551,7533,7380,7497,7515,7524,7398,7506,
Shot 17:7578,7596,7605,7587,
Shot 18:7731,7812,7686,7668,7632,7695,7839,7776,7641,7821,7713,7614,7677,7740,7794,7767,7623,7722,
Shot 19:7920,8100,8082,7875,8064,7893,7857,7938,7929,
Shot 20:8154,8199,8163,8262,8127,8190,8226,
Shot 21:8523,8451,8892,8280,8442,8847,8730,8667,8703,8820,8721,8748,8712,8505,8640,8460,8658,
Shot 22:9126,9306,9261,9324,9063,9207,8955,9234,9153,
Shot 23:9531,9342,9450,9639,9378,9423,9495,9585,9576,9558,9369,
Shot 24:9792,9810,9648,9837,9801,9729,9783,
Shot 25:9945,9999,9981,9900,9846,9891,9864,9909,9927,9963,9873,
Shot 26:10008,10017,10026,
Shot 27:10035,10098,10053,10071,10107,10089,10044,10062,
Shot 28:10116,10125,
Shot 29:10134,
Shot 30:10143,10152,
Shot 31:10170,10161,10188,
Shot 32:10206,
Shot 33:10215,
Shot 34:10386,10242,10278,10224,10287,10260,10314,10251,10296,10350,10359,
Shot 35:10422,
Shot 36:10431,
Shot 37:10494,10440,10530,10512,10467,
Shot 38:10647,10683,10602,10656,
Shot 39:10701,
