Shot 0:783,1053,1017,648,396,1170,702,972,720,675,513,459,612,693,495,1044,900,630,639,603,450,981,1071,1035,432,486,1134,684,351,1161,423,657,1125,855,576,216,1008,477,738,585,1062,765,531,1026,567,990,558,747,1116,540,1143,810,927,9,414,522,621,1098,837,801,180,1080,1152,819,774,792,864,
Shot 1:1179,1188,
Shot 2:1206,1197,1215,
Shot 3:1332,1305,1242,1269,1323,1251,1350,
Shot 4:1413,1377,1422,1395,1404,
Shot 5:1521,1602,1458,1449,1620,1575,1611,1440,1539,1566,1647,1593,1557,1584,1629,1638,1467,1530,1503,
Shot 6:1656,
Shot 7:1692,1665,1683,1701,1674,
Shot 8:1710,
Shot 9:1773,1737,1746,1782,1809,1728,1791,1800,1764,1719,1755,
Shot 10:1872,1854,2079,2214,2115,1980,2124,2223,2205,2016,2151,1845,1971,1836,2052,2106,2088,2250,2268,1827,2097,2025,1944,2133,1998,2178,1926,1863,2034,1908,2142,2169,1962,1953,1989,2061,2196,2007,2232,2259,1881,
Shot 11:2349,2322,2376,2304,2295,2358,2340,
Shot 12:2439,
