Shot 0:9,
Shot 1:45,27,153,117,18,90,135,36,72,81,54,144,108,
Shot 2:162,180,171,
Shot 3:387,972,225,1107,1251,855,270,990,1188,603,1179,1026,1134,675,243,846,774,981,405,261,882,702,216,1062,657,1233,837,594,576,945,684,648,1206,288,189,1242,198,1143,1089,378,630,900,351,558,612,477,207,297,765,792,1008,819,738,621,315,504,522,720,
Shot 4:1404,1611,1440,1593,1467,1647,1260,1629,1602,1422,1494,1620,1314,1584,1431,1476,1377,1539,1458,1485,1359,1287,1368,1548,1413,
Shot 5:1836,1692,1710,1764,1728,1719,1782,1755,1854,1818,1827,1674,1845,1773,
Shot 6:1971,1872,1899,2097,1926,2043,1908,1998,2106,1962,1863,2079,1917,2007,1980,
Shot 7:2115,2124,
Shot 8:2196,2142,2133,2151,2205,2169,2241,2178,2160,2232,2214,
Shot 9:2538,2250,2304,2358,2259,2268,2286,2385,2349,2412,2313,2430,2331,2502,2367,2574,2466,2547,2529,
Shot 10:2583,
Shot 11:2835,3150,3078,3690,3105,3420,3213,3060,3519,3249,3159,3258,3654,3546,2592,3456,3132,3096,2700,3636,2691,3393,3195,3051,3438,3069,2718,3348,2682,2799,2880,3600,2601,2637,3006,2727,2619,2763,2745,2907,3483,3627,3501,
Shot 12:3978,5562,5382,4347,4941,4419,4437,4689,4986,5553,4680,4734,3798,4410,5364,5202,5130,5427,5184,4392,4851,4653,5535,4752,5301,5103,4104,5256,4077,5346,4257,4869,4716,3861,4455,5166,5400,4176,4797,5211,4896,5085,5031,4770,4545,4968,3762,4122,3780,4446,4527,4365,5148,4644,5058,4743,4203,4149,5445,4401,4194,4275,4374,4815,5454,4698,4482,3888,5283,4905,4788,4887,5337,5481,4212,5508,4599,4590,4662,4185,4158,4023,4761,5013,4320,
Shot 13:5571,
Shot 14:5580,
Shot 15:5598,5589,5607,
Shot 16:5634,5616,5625,
Shot 17:5652,5643,5661,
Shot 18:5697,5670,5706,5688,5679,
