Shot 0:27,
Shot 1:36,
Shot 2:45,
Shot 3:54,63,
Shot 4:72,
Shot 5:117,81,126,108,
Shot 6:180,135,198,144,162,153,189,171,
Shot 7:216,252,306,243,207,225,288,
Shot 8:360,405,333,378,351,315,369,
Shot 9:540,450,513,432,558,585,495,603,576,531,
Shot 10:657,792,702,819,711,738,639,
Shot 11:882,909,927,846,
Shot 12:936,945,
Shot 13:981,972,954,999,990,
Shot 14:1062,1089,1008,1116,1017,1107,1026,1044,1080,1098,1071,1035,
Shot 15:1161,1125,1152,1179,1143,1170,
Shot 16:1386,1197,1323,1512,1494,1224,1557,1260,1467,1233,1359,1350,1530,1449,1206,1548,1188,1431,1215,1404,1485,1539,1242,1251,1458,1413,1368,1395,1422,1341,1314,1503,1287,1377,
Shot 17:1566,1575,
Shot 18:1629,1593,1584,1602,1611,1620,
Shot 19:1647,1656,1638,
Shot 20:1665,
Shot 21:1683,1674,1692,
Shot 22:1764,1818,1719,1836,1737,1827,1701,1782,1710,1728,1800,1773,1746,1809,1755,
Shot 23:1845,1854,
Shot 24:1863,
Shot 25:1872,
Shot 26:1881,1890,
Shot 27:1917,2061,2016,1989,1971,1944,2052,2034,1926,1899,1998,2043,1953,2025,1935,1908,
Shot 28:2133,2196,2097,2070,2124,2178,2088,2142,
Shot 29:2214,2232,2250,
Shot 30:2268,2295,2286,
Shot 31:2448,2592,2511,2610,2322,2421,2412,2502,2349,2430,2340,2457,2583,2574,2493,2304,2385,2556,2439,2547,2520,2403,2376,
Shot 32:2619,
