Shot 0:234,306,288,216,261,270,297,279,252,225,243,
Shot 1:441,486,549,351,522,315,477,585,558,567,324,450,405,333,594,369,459,504,576,
Shot 2:1044,927,612,909,963,918,990,1008,1017,900,1080,
Shot 3:1224,1143,1161,1152,1170,1188,1125,1206,1233,1089,
Shot 4:1269,
Shot 5:1710,1521,1440,1548,1512,1557,1575,1503,1530,1647,1593,1674,1566,1728,1476,1602,1773,1746,1692,1494,
Shot 6:1782,
Shot 7:1854,1890,1863,1809,
Shot 8:1989,2223,2241,2268,2232,1944,2259,1953,1926,1908,1935,1962,1971,1917,1980,1998,
Shot 9:2295,2304,2286,2313,2322,2277,
Shot 10:2430,2529,2340,2493,2511,2466,2367,2475,2502,2448,2403,2439,
Shot 11:2565,2628,2601,2538,2547,
Shot 12:2637,2646,
Shot 13:2655,
Shot 14:2700,2718,2664,2691,2673,2709,2682,
Shot 15:2781,2727,2898,2826,2736,
Shot 16:3141,
Shot 17:3177,3321,3276,3303,3312,3294,3249,3204,3186,
Shot 18:3348,3339,3330,
Shot 19:4086,3717,4140,4464,3753,3357,3933,4329,3897,
Shot 20:4995,4887,5049,4959,5022,4950,4968,4878,4923,4986,5031,
Shot 21:5337,5247,5220,5283,5274,5292,5301,5454,5076,5445,5328,
Shot 22:5589,5634,5697,5481,5661,5670,5625,5517,5472,5607,
Shot 23:6444,5823,5760,5895,5706,6525,5859,5751,5769,5733,5805,6516,5778,5922,5841,5742,6174,5832,5814,5850,6498,6489,6507,6417,6480,6471,6426,6462,6435,6453,
Shot 24:6534,
