Shot 0:297,9,225,252,288,279,
Shot 1:693,459,333,639,603,810,918,864,1026,450,495,468,387,684,909,828,612,558,549,648,738,396,567,504,630,342,873,
Shot 2:1035,1062,
Shot 3:1071,1161,1143,1116,1134,1125,
Shot 4:1179,
Shot 5:1188,1197,
Shot 6:1206,1215,
Shot 7:1224,1269,1296,
Shot 8:1314,1323,
Shot 9:1341,1377,
Shot 10:1440,
Shot 11:1962,1449,1746,1674,1665,1458,2169,1728,1701,1791,1890,1467,1683,1944,
Shot 12:2178,2277,
Shot 13:2367,2295,2304,2412,2313,2349,2376,2358,
Shot 14:2421,
Shot 15:2745,2430,2439,2709,2763,2781,
Shot 16:2934,
Shot 17:3078,3060,2979,2970,3015,2988,3069,3024,3087,
Shot 18:3096,3105,
Shot 19:3204,3213,3123,3195,3114,3141,3168,3132,
Shot 20:3231,3267,3249,3222,
Shot 21:3276,
Shot 22:3285,
Shot 23:3924,4050,4095,3582,3573,4041,3672,3906,3870,3942,3897,
Shot 24:4140,4266,4122,4239,4194,4203,4176,4212,4185,4167,4158,4104,4149,4257,4131,4221,
Shot 25:4284,4311,4293,4275,
Shot 26:4320,4329,4338,4347,
Shot 27:5445,4365,4383,4401,5265,5148,5040,5283,4581,4356,5274,4905,4491,5058,4419,5796,4950,4518,5301,4410,4698,4815,5778,4797,4860,4455,4437,4599,4500,5544,5310,5103,4770,5787,4509,5076,5562,5139,5769,5067,5157,5085,5166,
Shot 28:5805,
