Shot 0:9,
Shot 1:153,
Shot 2:162,
Shot 3:1881,3528,3510,3519,3366,288,2601,711,1719,270,3348,2565,2475,2619,1593,3177,3384,171,1170,1260,3060,2718,1089,1467,2772,3276,315,3456,3321,1071,225,1026,333,774,
Shot 4:3573,3537,3546,4050,3555,4023,
Shot 5:8649,8874,7659,6165,7776,8856,5571,8478,5121,4725,5427,4419,7200,7515,5238,7056,8046,5292,8262,5040,7623,4239,4608,6480,5841,6768,5805,5085,5139,7317,7272,6912,4671,6174,5274,5202,7704,7182,7578,8028,8712,8154,7722,6732,4113,7677,6444,6534,5229,7794,8424,8307,7470,8226,8748,8118,6408,4797,
Shot 6:8910,9063,9054,8946,9009,9081,9072,8973,8883,8937,
Shot 7:9099,9198,9162,9171,9144,9090,
Shot 8:9234,9216,9252,9243,9225,
Shot 9:9423,9594,9261,9540,9459,9585,9504,9279,9270,9288,9360,9486,9450,
Shot 10:9927,9603,9837,9612,10044,9801,9657,
Shot 11:10998,10170,10350,11061,10377,10593,10242,11052,10458,10845,10674,10881,10476,
Shot 12:11070,
Shot 13:11079,
Shot 14:11088,
Shot 15:11097,
