Shot 0:9,
Shot 1:441,522,279,243,495,126,378,261,477,504,558,513,396,486,468,414,459,387,225,423,405,
Shot 2:639,792,603,
Shot 3:855,
Shot 4:1386,1530,1458,1512,1440,1521,1449,1494,1503,1422,1431,1413,1404,1287,
Shot 5:1854,1701,1971,1782,1746,1800,1980,1809,1881,1710,1818,1998,1836,1917,2052,2097,2061,2070,2088,1908,1944,2079,2043,
Shot 6:2475,2106,2331,2511,2457,2313,2493,2322,2484,2304,2466,2340,2502,
Shot 7:3141,3060,3258,3159,3042,3240,2943,
Shot 8:3429,3465,3339,
Shot 9:3474,3636,3879,3771,3609,3654,3834,3708,3888,3870,3672,3600,3726,3825,3780,3861,
Shot 10:4167,4194,4176,3906,4185,
Shot 11:4338,4419,4554,4617,4662,4329,4383,4437,4563,4491,4356,4509,4455,4671,4392,4608,4653,4284,4644,
Shot 12:4725,4815,4698,4761,4734,4770,
Shot 13:4932,4914,4824,4860,
Shot 14:5157,5193,5175,5166,5184,5004,
