Shot 0:9,711,432,522,198,675,423,594,207,657,99,621,603,414,450,531,
Shot 1:738,864,792,729,747,810,828,765,756,720,
Shot 2:873,
Shot 3:882,891,909,900,
Shot 4:918,
Shot 5:963,945,927,936,954,972,
Shot 6:981,999,1008,
Shot 7:1026,1017,1035,
Shot 8:1071,1044,1098,1080,1089,1053,1062,
Shot 9:1107,1125,1116,
Shot 10:1134,
Shot 11:1143,1152,
Shot 12:1179,1161,1170,1197,1188,
Shot 13:1224,1242,1233,1206,1215,
Shot 14:1251,
Shot 15:1260,
Shot 16:1314,1413,1404,1377,1269,1287,1278,1395,1368,1296,1386,1350,1359,1305,
Shot 17:1422,
Shot 18:1692,1593,1620,1548,1584,1539,1431,1467,1665,1440,1566,1458,1485,1611,1476,1449,1647,1557,1728,1674,1494,1629,1656,1701,1719,1683,1710,
Shot 19:1773,1746,1782,1737,1755,1764,
Shot 20:1800,1791,1809,
Shot 21:1899,1818,1980,2133,1926,1836,1827,1989,2016,1953,1845,1917,1908,1971,
