Shot 0:441,1035,729,1296,675,657,72,1116,27,9,1305,45,873,756,990,1026,18,666,576,1206,288,594,63,1314,513,549,297,1161,1278,54,279,1008,1287,1260,612,900,648,864,846,702,1323,1188,126,711,1170,558,918,1017,981,792,639,999,36,351,810,774,459,1251,972,954,216,324,1053,414,819,1215,108,1197,387,396,1107,522,1233,1080,360,495,468,207,747,198,234,135,333,378,306,153,477,432,
Shot 1:1359,1449,1332,1422,1431,1413,1458,1395,1368,1440,1350,1467,1386,1341,1377,
Shot 2:1485,1503,
Shot 3:1512,1521,
Shot 4:1530,1557,1584,1539,
Shot 5:1629,1602,1593,1665,1611,
Shot 6:1719,
Shot 7:1728,
Shot 8:1737,1755,
Shot 9:1845,1836,1773,1863,1782,1872,1899,
Shot 10:1953,1998,2025,1917,1971,1980,2043,2007,2034,2052,1989,1962,1935,1926,1944,
Shot 11:2097,2070,2079,2124,2061,2088,2106,
Shot 12:2133,
Shot 13:2142,2151,
Shot 14:2304,2160,2349,2187,2268,2214,2358,2223,2250,2205,2331,2286,2241,2259,2277,2340,2232,2178,2313,2169,2295,
Shot 15:2385,2421,2430,2403,2367,2376,2394,
Shot 16:2466,2439,2448,2493,2457,2475,
Shot 17:2583,2619,2682,2745,2646,2628,2592,2736,2673,2556,2772,2529,2511,2637,2610,2808,2754,2574,2538,2655,2565,
Shot 18:2817,2871,2826,2916,2862,2880,2844,2889,2835,
Shot 19:2925,2934,
Shot 20:2961,2952,2997,2943,2970,2979,
Shot 21:3051,3024,3006,3033,3042,3015,3060,
Shot 22:3069,
Shot 23:3078,3087,
Shot 24:3096,
