Shot 0:9,
Shot 1:279,360,297,225,
Shot 2:864,405,963,423,396,954,414,945,810,450,855,
Shot 3:1143,
Shot 4:1152,
Shot 5:1161,
Shot 6:1170,1179,
Shot 7:1575,1404,1539,1449,1314,1431,1242,1197,1422,1611,1188,1359,1233,1305,1395,1377,1269,1278,1458,1251,1584,1494,1476,1485,1602,1503,1530,1215,1224,1323,1548,1341,1557,1350,
Shot 8:1620,
Shot 9:1917,1854,1872,1845,1926,1908,
Shot 10:1962,
Shot 11:2457,2277,2304,2187,2097,2421,2259,2394,2133,2385,2079,2367,2403,2502,2151,2475,2250,2295,2322,2412,2115,2484,2466,2241,2358,2142,2430,2169,2214,2376,2232,2448,
Shot 12:2628,2511,2556,
Shot 13:2682,
Shot 14:2727,
Shot 15:2736,
Shot 16:2871,2844,2880,
Shot 17:2898,
Shot 18:3258,3222,3114,3141,2988,3006,2970,3231,3375,3303,3249,3357,2961,3078,3276,3150,3024,3132,3294,3042,3195,3204,3168,3348,2979,3060,3321,3096,3339,
Shot 19:3393,
Shot 20:3924,3906,3933,
Shot 21:3942,
Shot 22:3951,
Shot 23:3996,
Shot 24:4014,4023,4005,
Shot 25:4041,4257,4032,
Shot 26:4590,4671,4464,4419,4716,4626,4392,4293,4635,4644,4680,4554,4563,4491,4698,4536,4383,4518,4599,4572,4608,4473,4302,4689,4410,4365,4311,4356,4347,4500,4509,4428,4653,4446,4437,
Shot 27:4725,
Shot 28:4779,
Shot 29:4950,5040,
Shot 30:5049,
Shot 31:5175,
Shot 32:5724,
Shot 33:6075,5850,6066,6093,
