Shot 0:27,9,18,
Shot 1:3915,4410,2979,1890,4689,2043,4437,3690,2610,4329,4473,2925,2106,783,3645,2304,2736,2331,3024,4446,1692,936,3762,2097,801,891,4518,2808,4356,3528,756,3744,4383,3609,2718,3789,2637,1935,774,2268,3069,3771,4752,2061,1818,2853,2961,4122,3735,4221,3852,4455,4662,2754,3213,2367,4293,2016,3825,3006,3978,4275,3096,3123,4086,3465,3186,4014,4104,3906,
Shot 2:5589,5004,5085,
Shot 3:5670,5652,5661,5688,5679,
Shot 4:5976,5904,6012,
Shot 5:6156,6318,
Shot 6:6327,
Shot 7:6354,6336,6345,
Shot 8:6390,6372,6399,6381,
Shot 9:6417,6435,
Shot 10:6462,6525,6507,6534,6444,6489,6516,6453,6471,
Shot 11:6570,6543,6561,
Shot 12:6579,
Shot 13:6588,
Shot 14:6597,6606,
Shot 15:6615,6624,
Shot 16:6633,6642,
Shot 17:6669,6651,6696,6660,6678,
