Shot 0:18,216,270,9,
Shot 1:342,468,441,315,450,459,432,378,405,324,
Shot 2:558,612,477,486,513,531,585,522,495,567,594,
Shot 3:621,
Shot 4:792,630,684,666,801,909,810,738,873,837,639,756,774,765,711,693,900,729,882,747,783,855,819,657,648,
Shot 5:1242,918,1341,1107,1026,1386,1053,1395,1359,1314,1332,1350,1269,1368,1377,1278,1080,1323,1215,1044,1287,1260,1224,1233,927,1089,
Shot 6:1449,1485,1413,1512,1476,1494,1422,1404,1467,1431,
Shot 7:1629,1593,1575,1530,1539,1647,1692,1584,1881,1665,1728,1638,1755,1764,1548,1620,1800,1791,1566,1656,1773,1863,1845,1602,1872,1611,
Shot 8:1998,1953,1890,1926,1899,1935,1944,1962,1908,1980,2016,1989,
Shot 9:2142,2025,2079,2070,2052,2061,2088,2106,2151,2097,2124,
Shot 10:2187,2160,2214,2232,2223,2196,2178,
Shot 11:2331,2412,2403,2250,2349,2358,2295,2286,2340,2268,2394,2277,2304,2259,2313,2322,2385,2367,
Shot 12:2574,2691,2547,2673,2637,2655,2628,2601,2682,2664,2565,2583,2700,
Shot 13:2799,2853,2781,2763,2772,2790,2844,2817,2808,2709,
Shot 14:3141,3150,3132,
