Shot 0:27,9,18,
Shot 1:603,738,297,369,
Shot 2:1611,1143,1332,1341,1170,1269,1458,1647,1296,1629,1350,1521,1449,1467,1638,1530,1620,1359,
Shot 3:1674,2475,2466,2448,1719,2457,2331,1881,2295,2277,2412,1980,2394,2358,2421,2322,2439,1701,2367,2430,1692,1710,1683,
Shot 4:2493,2484,2502,
Shot 5:2511,2520,
Shot 6:2529,
Shot 7:2574,2601,2619,2547,2637,2592,2538,2556,2583,2628,2610,2565,
Shot 8:2655,2664,2646,
Shot 9:2691,2736,2673,2727,2700,2718,2682,
Shot 10:2754,2745,2763,
Shot 11:2790,2772,2799,2781,
Shot 12:2808,2817,
Shot 13:2826,2835,
Shot 14:3042,3312,2844,2934,2853,2916,2979,3276,3186,2997,3213,3195,3105,2952,3303,2871,2988,3069,2943,3240,3141,2898,3204,3294,2970,3177,3060,3078,3015,3159,3087,3051,
Shot 15:3825,3870,4041,3681,3888,4005,3321,3726,
Shot 16:4284,4437,4086,4500,4563,4122,4509,4491,4518,4194,4059,4104,4338,4140,4527,4248,4311,4113,4293,4419,4131,4482,4554,
Shot 17:4590,4626,4617,
Shot 18:4707,4977,4968,4950,4680,4635,4689,4644,4932,4698,4923,4842,4725,
Shot 19:5445,5382,4995,5454,5409,
Shot 20:5463,
