Shot 0:9,
Shot 1:162,306,288,432,198,333,270,360,216,108,324,279,396,234,180,261,225,297,342,126,378,450,153,315,
Shot 2:513,612,468,540,486,558,504,522,
Shot 3:882,837,828,846,720,819,864,648,810,747,774,729,900,756,666,693,855,792,
Shot 4:909,
Shot 5:4464,4617,4500,4635,4608,4761,4653,4527,4590,4599,4680,4545,4644,4707,4473,4572,4698,4509,4626,4770,4716,4446,4428,4662,4581,
Shot 6:4833,4797,4932,4896,4923,4878,4851,4869,4824,4842,
Shot 7:5220,5040,5148,4959,5166,5130,5157,5184,5004,5076,5301,5202,5031,5175,4977,5058,5292,5112,5256,5211,5238,
Shot 8:5310,
Shot 9:6183,
Shot 10:6777,
