Shot 0:108,9,117,
Shot 1:162,342,423,252,135,414,441,144,261,126,171,
Shot 2:558,684,450,612,666,531,621,639,495,693,594,675,576,648,630,459,522,477,
Shot 3:1251,1323,1017,990,1305,1080,819,873,864,801,1170,1395,738,1359,1053,909,1386,1062,1341,810,1071,999,900,729,1035,837,1143,1296,1404,720,1188,1206,792,954,1107,891,747,1314,1215,702,1197,972,1224,1260,981,1242,1008,
Shot 4:1494,1449,1431,1458,1467,1485,1422,1476,
Shot 5:2529,2358,1755,1530,2205,2763,1746,1809,3078,1629,2583,2430,3087,2286,2178,2214,2322,2772,1665,2052,1782,1953,2385,2133,2367,1566,1800,1521,2187,2466,1647,2943,1818,2097,2457,1773,3069,3060,2079,1737,2232,2484,2223,1863,2169,1611,2997,2115,1548,2331,2160,1656,1512,1890,2547,3015,2916,2016,2979,3024,2907,2070,2700,3042,2349,2340,2403,2781,2808,2970,1539,1836,
Shot 6:3123,3132,3141,
Shot 7:3150,3303,3204,3294,3159,3276,3321,3240,3348,3312,3177,3330,3213,3366,3357,3258,3267,3195,
Shot 8:3375,3393,3402,3456,3411,3438,3384,3429,
Shot 9:4491,4761,4347,4176,4239,4941,4563,3681,4572,4338,4095,4752,4221,5103,4158,4815,4617,4086,4851,3537,3744,3780,4131,4104,3717,4833,4779,4446,4023,4005,4635,3888,5184,4185,3789,4797,3555,4725,5058,4950,3582,4212,4608,4284,5085,4824,4059,4473,4545,4842,4653,4230,5112,4662,3942,5157,4194,5094,4869,4482,3699,3852,3609,3834,3501,4509,4518,4356,4500,5175,3672,3465,4374,3960,3708,4401,3807,5121,3591,4860,3987,4266,
Shot 10:5265,5220,5229,5256,
