Shot 0:198,9,288,225,
Shot 1:297,
Shot 2:333,324,342,
Shot 3:351,
Shot 4:369,360,378,
Shot 5:387,
Shot 6:405,414,396,
Shot 7:423,
Shot 8:432,441,
Shot 9:450,
Shot 10:459,
Shot 11:468,477,
Shot 12:486,
Shot 13:522,540,504,513,
Shot 14:549,
Shot 15:558,
Shot 16:594,621,567,576,
Shot 17:657,1017,720,747,837,675,783,999,648,684,
Shot 18:1026,1035,
Shot 19:1044,1053,
Shot 20:1287,1197,1215,1062,1242,1152,1251,1260,1278,1170,
Shot 21:1305,
Shot 22:1323,1332,
Shot 23:1485,1386,1350,1503,1359,1458,1341,1521,1476,1422,1431,1494,1467,1404,1512,
Shot 24:1566,1629,1602,1620,1530,1584,1557,
Shot 25:1647,
Shot 26:1656,1665,
Shot 27:1719,
Shot 28:1737,1746,
Shot 29:1755,
Shot 30:1782,
Shot 31:1791,
Shot 32:1800,
Shot 33:1971,1809,2007,
Shot 34:2043,2052,
Shot 35:2061,
Shot 36:2070,2367,2340,2196,2124,2214,2304,2097,2079,
Shot 37:2376,
Shot 38:2394,2421,
Shot 39:2493,2511,2484,2457,2502,
Shot 40:2691,2943,2727,2736,2925,2835,2718,2853,2826,2601,2547,2934,2862,2565,2709,2529,2844,2700,2781,
Shot 41:4041,5013,5049,4320,3735,5094,4968,4437,4158,4374,2961,4644,4419,4896,3132,4482,3600,4122,4068,3501,3798,4194,2952,5058,4086,4446,4401,4770,2979,5112,4284,5067,4167,5004,3699,5121,4554,3258,4626,3780,3168,3114,3987,3024,3609,5040,4878,4347,3843,3546,4995,4986,4455,2988,3708,4941,4059,3195,3141,3276,5031,3834,2970,4815,3213,3978,3150,3438,3933,4932,3456,3996,4914,4392,3483,4950,3186,3465,4977,4383,3267,3285,4860,4032,3951,3402,4923,4050,
Shot 42:5238,5202,5337,5130,5265,5211,5193,5292,5148,5319,5229,
Shot 43:5346,5355,
Shot 44:6048,6147,6300,6372,5364,6363,6336,5895,5607,5562,5418,5481,5598,6399,6786,5490,5517,5616,5571,5409,5427,5931,5589,5679,5868,5445,6822,5544,5472,6408,5904,5706,5580,6804,6264,5643,5400,5436,
Shot 45:6840,
