Shot 0:9,
Shot 1:144,612,747,180,585,819,405,198,369,99,279,837,243,513,225,477,783,756,252,171,297,720,216,315,342,207,81,
Shot 2:855,
Shot 3:1980,1314,1170,864,1620,1260,1404,1152,1611,1026,1656,1701,1359,936,873,1800,1872,1962,1422,1107,1521,1593,1341,1440,2151,1890,1710,1053,1089,2052,1692,2223,1467,1773,2070,2133,1044,1755,1251,1215,1809,1512,2079,1926,1224,1386,2025,1647,1584,2142,1566,2241,1242,2178,1791,1944,918,1296,2196,1476,1827,2259,1998,990,963,2115,1485,1746,1323,2034,
Shot 4:2565,2430,2313,2439,2358,2529,2277,2502,2304,2475,2466,2394,2286,2340,2412,2556,2367,2331,
Shot 5:2799,2925,3312,3690,4167,3465,4131,3654,4761,3357,2880,4266,4419,3231,2574,2853,3924,2745,2979,2754,2835,3519,4221,4527,3186,2673,3393,4437,2817,3708,2772,3843,3348,3951,4104,3249,3555,3042,2646,3510,4185,3123,3852,2700,4473,2736,2718,3204,4563,2691,2862,3303,4311,4239,4068,2889,3492,3087,2898,3762,3591,2808,2628,4302,4401,3672,4410,2826,3726,3681,4428,3915,3933,
Shot 6:4824,4770,4842,4851,
Shot 7:5049,5265,5346,5778,5310,5085,5247,5166,5526,5760,5571,5436,5661,5454,5607,4941,5463,5481,5679,5724,5022,5121,5193,5535,5337,5220,5643,5508,4923,5400,5517,5013,
Shot 8:5814,5796,5805,5823,
Shot 9:7029,6156,8235,8136,5832,6903,5976,8253,8019,7740,7254,6228,7911,6696,6336,8172,7362,6849,7749,6876,7452,7002,6120,7218,6768,5895,6075,6723,6201,6471,7191,6246,6273,6642,6012,5913,7992,6534,5859,7416,8226,7020,7848,6516,6615,6633,6570,7659,5886,7713,6669,7533,7317,7128,7137,6795,7083,7434,7956,7488,7605,6840,7164,7065,6624,8154,5949,6741,8208,
Shot 10:8262,
Shot 11:8271,
Shot 12:8280,8289,
Shot 13:8307,8325,
Shot 14:8343,8361,8775,8766,8352,8388,
