Shot 0:3465,2007,576,351,1350,3672,540,9,1368,1935,2790,198,3249,1449,1404,3312,549,3321,2601,135,1791,585,3159,3888,3555,1413,2565,2025,3303,2268,1386,1125,3195,1359,3402,1422,3294,2502,3744,2034,2556,2376,2610,1071,2700,3852,3708,558,3735,2799,3816,2133,2682,2574,3915,2583,2538,3186,3753,3600,2079,2655,3663,2196,2322,3348,2439,
Shot 1:3969,
Shot 2:4032,
Shot 3:4365,
Shot 4:4410,
Shot 5:4464,4509,
Shot 6:4536,
Shot 7:4581,
Shot 8:4743,4716,4653,
Shot 9:4824,
Shot 10:4860,
Shot 11:4977,5310,5049,5301,5265,5121,
Shot 12:5328,5319,5337,
Shot 13:5346,
Shot 14:5364,5355,5373,
Shot 15:5436,5517,5508,5526,5382,5553,5454,5463,5409,5400,5391,5445,5418,5427,
