Shot 0:153,243,216,45,63,9,126,171,198,162,
Shot 1:279,270,288,252,
Shot 2:549,369,351,396,414,297,378,387,486,522,423,
Shot 3:558,585,576,594,
Shot 4:936,603,1179,702,1080,756,675,1152,720,639,1089,972,1008,693,801,900,1053,846,738,1116,954,1098,918,783,1143,945,1017,
Shot 5:1305,1539,1665,1638,1278,1593,1413,1332,1692,1368,1530,1647,1287,1314,1296,
Shot 6:2007,2061,1881,2124,1944,2133,1917,1737,1962,1953,1809,1899,1764,2016,1998,
Shot 7:2268,2286,2178,2295,
Shot 8:2511,2358,2340,2493,2421,2484,2637,2610,2367,2457,2304,2394,2583,2565,2502,2538,
Shot 9:2682,2799,2835,2790,2817,2826,2781,2745,2808,2646,2655,2709,2673,
Shot 10:2853,2844,2880,
Shot 11:2988,3060,3123,3087,3105,3078,2889,2907,3033,2898,3006,
Shot 12:3591,3357,3321,3717,3276,3393,3204,3411,3240,3348,3330,3222,3249,3699,3681,3708,3690,3447,3654,3627,3663,3609,3420,3474,3465,3618,3492,3519,3456,3483,3555,3501,3573,
Shot 13:3807,3906,3861,3969,3852,3924,3825,3960,3915,3762,3834,3897,3735,3879,3951,3798,3789,
Shot 14:4014,4005,3978,3996,
Shot 15:4212,4419,4455,4401,4311,4617,4428,4644,4491,4410,4392,4608,4437,4329,4545,4653,4284,4248,4185,4482,4383,4590,4509,4599,4464,4779,4239,4257,4527,4059,4671,4356,4806,4446,4473,4761,4662,4041,4275,4824,4050,4104,4572,4176,4320,4194,4698,4842,4266,4203,4338,4797,4293,4815,4068,4752,4788,4725,4707,4230,4770,4131,4032,4878,4716,4536,4923,4680,4896,4365,4347,4167,4221,4743,4140,4734,4158,4023,
Shot 16:5112,5355,5373,5472,5184,5058,5454,5337,5517,5391,5319,5175,5229,5202,5247,4932,4968,5130,5427,4995,5292,5526,5094,5328,
Shot 17:5706,5769,5661,5535,5625,5571,5580,5643,5670,5688,5733,5751,5553,5697,
Shot 18:5904,6084,5868,5958,5949,5913,5886,5931,5841,5967,5994,5850,5859,
Shot 19:6363,6120,6381,6372,
