Shot 0:198,9,90,216,144,117,207,99,153,
Shot 1:270,
Shot 2:585,324,783,891,495,738,540,765,423,828,702,639,279,558,927,801,684,612,657,864,522,576,909,549,792,810,603,504,837,819,594,288,
Shot 3:1125,1404,1341,1314,1278,981,1233,1053,1017,1071,1251,1008,1206,1296,1386,963,1422,1035,1134,1323,1116,1377,1413,1395,
Shot 4:1458,1467,
Shot 5:1485,1476,1494,
Shot 6:1512,1503,1521,
Shot 7:1593,1683,1647,1539,1665,1575,1638,1530,1656,1548,1611,
Shot 8:1701,1710,1692,
Shot 9:1728,1854,1827,1719,
Shot 10:2025,2178,1935,1872,1953,1971,1908,2160,1890,1980,2079,2007,2034,
Shot 11:2196,2187,2205,
Shot 12:2268,2223,2331,2340,2304,2322,2295,2277,2349,2241,
Shot 13:2484,2367,2403,2430,2448,2358,2385,2466,2493,
Shot 14:2520,2502,2538,2511,
Shot 15:2565,2601,2547,2583,2556,2574,
Shot 16:2673,2655,2682,2664,
Shot 17:2727,2772,2700,2754,2745,2691,2709,
Shot 18:2808,2871,2781,2889,2880,2790,2826,
Shot 19:2907,2898,2916,
Shot 20:2925,
Shot 21:2934,2943,
Shot 22:2997,3051,2952,3015,3042,2979,3033,2961,
Shot 23:3060,
Shot 24:3069,
Shot 25:3132,3078,3159,3114,3105,3150,3141,3123,
Shot 26:3168,3177,
Shot 27:3258,3330,3186,3204,3321,3294,3276,3195,3240,
Shot 28:3348,3357,
Shot 29:3375,3366,3384,
Shot 30:3393,3402,
Shot 31:3438,3465,3456,3411,3420,
Shot 32:3546,3591,3492,3573,3474,3564,3519,3582,3501,3555,3537,
Shot 33:3600,3609,
Shot 34:3618,
Shot 35:3627,3636,
Shot 36:3663,3645,3654,3672,
Shot 37:3744,3699,3717,3735,3753,
Shot 38:3762,
Shot 39:3789,3771,3816,3807,3780,3798,
Shot 40:3834,3825,3843,
Shot 41:3852,3861,
Shot 42:3915,3870,3879,3897,3906,3924,
Shot 43:4068,4113,3987,3942,4032,4095,
Shot 44:4122,4140,
Shot 45:4203,4248,4149,4167,4239,4230,4221,4185,4158,
Shot 46:4257,
Shot 47:4266,
Shot 48:4311,4275,4302,4284,4320,
Shot 49:4383,4347,4410,4392,4374,4338,
Shot 50:4437,4446,
Shot 51:4473,4563,4545,4518,4509,4527,4455,4464,4482,
Shot 52:4581,4635,4572,4590,4626,
Shot 53:4707,4788,4671,4743,4725,4752,4770,4680,4698,
Shot 54:4887,4815,4842,4806,4869,4878,4896,
Shot 55:4932,4950,4923,4941,
Shot 56:4968,4995,5013,4959,4986,
Shot 57:5157,5031,5085,5067,5121,5148,5139,5103,5175,5022,5049,5166,
Shot 58:5436,5211,5562,5490,5310,5517,5391,5481,5499,5463,5418,5229,5193,5427,5445,
Shot 59:5625,5751,5580,5652,5715,5670,5742,5598,5634,5589,5643,5616,
Shot 60:5859,5787,6030,5922,5994,5805,5823,5769,5967,5949,6003,5904,6012,6021,5895,5841,5868,5850,
Shot 61:6048,6066,6057,6039,
Shot 62:6273,6138,6228,6309,6165,6120,6201,6255,6291,6129,6210,6246,6237,6282,6264,
Shot 63:6345,6372,6327,
Shot 64:6381,
Shot 65:6390,
Shot 66:6408,6471,6399,6462,6417,
