Shot 0:27,117,261,180,99,270,9,81,198,171,72,90,216,162,108,18,126,63,36,
Shot 1:351,396,369,288,360,297,306,342,
Shot 2:459,
Shot 3:666,648,585,630,495,549,567,603,477,576,540,657,675,639,486,621,558,531,
Shot 4:1125,1134,801,738,1152,981,855,1017,999,891,918,1107,909,954,1170,
Shot 5:1287,1242,1197,1260,1332,1350,1224,
Shot 6:5454,3321,3294,1710,3141,3474,3078,5139,3357,1512,5499,2574,2610,5580,3348,1494,3753,1458,5193,1476,1584,4230,5526,2178,3645,3672,1557,1692,4527,3258,2403,5220,3456,3573,3663,1503,1656,3762,2547,4257,4509,4086,5562,1620,5517,5472,2844,3186,1539,3744,1548,5292,1431,3384,1449,5076,4995,2268,2754,2718,3780,4329,1863,5508,1440,4896,2241,4572,2358,2052,3771,3546,4806,4446,3726,2772,1755,2295,2907,5409,1845,2817,3240,2961,1818,4536,4878,4491,4914,4545,1404,2466,4068,4167,1989,1413,4005,1737,5049,2835,4860,5490,4293,2016,2313,4599,4707,4131,1827,3789,4635,5436,1872,1881,1467,4923,5337,5103,4770,2070,2322,2196,2097,2934,2997,2880,2493,2790,
Shot 7:5607,
Shot 8:5616,5643,
Shot 9:5670,
Shot 10:6363,7272,7677,6687,7416,7047,6021,6237,6867,5958,5814,6084,7101,6057,7290,5931,6777,7605,6381,6003,6408,5715,6300,5976,6282,6822,6390,7128,6480,6264,6453,7065,6174,6669,6345,5724,5985,5679,6624,5742,6093,6210,6633,6435,6444,6066,6327,6273,6111,6426,6192,5751,6048,6156,6039,7263,6138,7281,5967,5733,6471,6399,7299,
