Shot 0:504,225,369,207,72,396,9,45,351,27,189,468,459,405,432,477,414,486,531,
Shot 1:612,729,657,585,
Shot 2:855,756,819,864,
Shot 3:909,873,900,
Shot 4:954,1134,1116,945,
Shot 5:1323,1188,1341,
Shot 6:1359,
Shot 7:1422,1971,1719,2061,1863,1566,1746,1773,2376,2322,1584,2115,1467,2295,1710,2079,2097,1494,2403,2016,1629,1764,2259,2277,2430,2304,1845,1449,2133,2385,2043,1872,1782,2088,
Shot 8:2484,2439,2466,2565,
Shot 9:2664,2673,2610,2655,
Shot 10:2709,2772,2682,2691,2736,
Shot 11:3024,2862,2889,2979,3240,3132,3186,2934,2826,3114,2808,3393,2853,2907,3042,3312,3177,3033,
Shot 12:3582,3456,3528,3546,3555,3600,
Shot 13:3717,3681,3609,3627,
Shot 14:3789,3852,3735,3807,3798,
Shot 15:3861,
Shot 16:3870,
Shot 17:3897,
Shot 18:3906,3924,
Shot 19:3933,
Shot 20:3987,4059,3942,4041,4014,
Shot 21:4077,
Shot 22:4086,4122,
Shot 23:4266,4257,4275,
Shot 24:4698,4293,4392,4410,4716,4428,4473,4284,4581,4554,4617,4734,4419,4356,4500,4743,4401,4608,4725,4626,4770,4563,4455,4491,4518,4590,4311,4671,4752,4689,4383,4509,4707,
Shot 25:4806,
Shot 26:5130,4896,4941,5085,5166,5049,4968,4860,5058,5022,4977,5148,5121,5139,
Shot 27:5175,5238,
Shot 28:5265,5283,
Shot 29:5319,5310,5292,5337,
Shot 30:5409,5391,5373,5463,5400,5499,
Shot 31:5643,5517,5562,5634,
Shot 32:5742,5760,
Shot 33:5931,6030,5868,5949,5913,
Shot 34:6075,6120,
Shot 35:6174,
Shot 36:6192,6264,6183,6255,6201,
Shot 37:6327,6282,6624,6444,6417,6291,6435,6408,6480,6453,6633,6273,6309,
Shot 38:6723,6678,6705,6750,6687,6669,6714,6696,6759,
Shot 39:6840,6813,6768,
Shot 40:6957,6966,
Shot 41:7155,7335,7101,7056,7119,7290,7182,7146,7065,7128,7254,
Shot 42:7443,7533,7398,7479,7425,7542,
Shot 43:7650,7569,7614,7668,7587,7551,
Shot 44:7677,
Shot 45:7686,7695,
Shot 46:7704,
