Shot 0:9,
Shot 1:234,
Shot 2:684,243,783,513,756,639,288,603,738,450,576,702,432,549,
Shot 3:1116,1161,873,1098,1008,1188,1197,909,1062,
Shot 4:1287,1332,1242,1278,1710,1440,1377,1215,1638,1296,1566,1341,1323,1503,1404,1251,1665,1350,1476,1314,1728,1422,1368,1539,1260,
Shot 5:1737,
Shot 6:1827,1791,1863,1899,1836,1917,1809,1782,1908,1755,1773,1926,1800,1872,
Shot 7:1980,1962,1998,1935,
Shot 8:2016,2007,2025,
Shot 9:2133,2178,2070,2088,2115,2151,2142,2034,2169,2106,2052,2160,2124,
Shot 10:2376,2268,2304,2187,2331,2340,2241,2295,2223,2358,2259,2367,
Shot 11:2385,
Shot 12:2412,2502,2484,2457,2466,2511,2430,2439,2448,2394,2421,
Shot 13:2520,2529,
Shot 14:2565,2538,2583,2601,2547,2592,2556,2574,
Shot 15:2610,
Shot 16:2637,2646,2628,
Shot 17:2664,
Shot 18:2682,2700,2709,2727,2673,2691,
Shot 19:2745,2736,2754,2772,2781,
Shot 20:2871,3033,2808,2844,2790,2817,2925,2943,
Shot 21:3096,
Shot 22:3285,3177,3645,3186,3312,3636,3195,
