Shot 0:162,9,99,45,27,72,198,126,
Shot 1:225,243,
Shot 2:261,252,270,
Shot 3:297,306,288,
Shot 4:315,324,
Shot 5:351,378,369,333,
Shot 6:414,387,396,423,405,
Shot 7:468,432,585,441,567,450,576,459,549,495,531,558,504,540,
Shot 8:594,603,
Shot 9:612,621,
Shot 10:630,
Shot 11:639,
Shot 12:648,
Shot 13:657,
Shot 14:666,
Shot 15:729,675,792,684,702,783,765,711,693,738,720,774,747,
Shot 16:882,837,810,855,846,828,819,864,900,
Shot 17:1071,927,918,945,1125,954,1053,1098,1062,1080,
Shot 18:1278,1206,1314,1233,1188,1224,1251,1287,1260,1269,1179,
Shot 19:1368,1593,1422,1467,1395,1521,1503,1611,1449,1575,1602,1323,1413,1458,1359,1404,1512,1332,
Shot 20:1674,1629,1719,1728,1638,
Shot 21:1746,
Shot 22:1755,
Shot 23:1809,1818,
Shot 24:2133,2259,1827,2241,1836,1917,1854,2178,2250,2187,2043,2097,2061,2196,2007,2070,2106,2124,
Shot 25:2268,2331,2322,2313,2286,
Shot 26:2340,
Shot 27:2349,
Shot 28:2358,2385,2367,2394,
Shot 29:2403,
Shot 30:2412,
Shot 31:2430,2493,2475,2457,2484,2448,
Shot 32:2583,2502,2538,2556,2511,2547,2529,2520,2610,2565,
Shot 33:2718,2619,2628,2655,2637,2709,
Shot 34:2754,2745,2727,2763,
Shot 35:2835,2889,2772,2790,2862,2781,2907,2880,2853,2898,2808,2799,2817,2844,2826,
Shot 36:2943,3024,2988,2979,2916,2961,2934,2952,
Shot 37:3186,3060,3051,3042,3087,3141,3177,
Shot 38:3321,3204,3240,3222,3258,3231,3294,3330,3276,
Shot 39:3474,3339,3420,3492,3456,3357,3438,3510,3465,
Shot 40:3528,3564,
Shot 41:3573,
Shot 42:3636,3717,3591,3609,3663,3654,3699,3618,3645,3627,3708,
Shot 43:3816,3726,3735,3753,3807,
Shot 44:3924,4185,4122,4077,3861,3825,4050,4167,4086,3852,3888,3843,4068,4104,3870,3969,4095,4176,4131,3897,3996,3879,4158,4113,3951,4059,3933,3942,
Shot 45:4284,4203,4194,4293,4221,4275,
Shot 46:4392,4311,4329,4356,4338,4527,4320,4347,4437,4554,4365,4518,4545,4419,4410,4509,4401,4455,
Shot 47:4599,4563,4572,4644,4590,4635,4626,4581,
Shot 48:4752,4653,4689,4671,4743,
Shot 49:4788,4761,4833,4779,4869,4824,4806,4797,4815,
Shot 50:4878,
Shot 51:5076,5355,4914,4932,5256,4986,5328,4950,5112,5220,5175,5301,5157,5013,5049,
Shot 52:5373,
