Shot 0:45,
Shot 1:54,108,126,117,99,90,81,72,63,
Shot 2:135,
Shot 3:153,162,171,144,
Shot 4:180,189,
Shot 5:198,
Shot 6:225,243,252,216,234,
Shot 7:261,
Shot 8:288,270,279,297,
Shot 9:306,
Shot 10:324,513,405,504,468,333,450,414,315,459,477,342,423,495,486,
Shot 11:522,540,603,594,567,549,585,558,576,531,
Shot 12:756,648,693,612,783,720,621,675,729,630,666,747,711,702,774,657,738,765,
Shot 13:801,837,855,819,810,792,
Shot 14:873,900,864,891,909,882,
Shot 15:1116,945,1188,1143,1071,918,1179,1206,1035,999,1134,1107,1044,1017,972,1170,1089,1008,1197,1026,1161,1053,1098,1152,1215,963,1080,1224,936,1233,927,1062,981,
Shot 16:1242,
Shot 17:1251,
Shot 18:1260,
Shot 19:1269,1278,
Shot 20:1287,
Shot 21:1296,1305,
Shot 22:1314,1323,
Shot 23:1332,
Shot 24:1368,1377,1341,1350,1359,
Shot 25:1386,1404,1413,1395,
Shot 26:1431,1422,1440,
Shot 27:1476,1458,1503,1494,1467,1485,
Shot 28:1521,1539,1584,1566,1557,1512,1530,1575,
Shot 29:1593,1602,1611,
Shot 30:1620,
Shot 31:1629,
Shot 32:1638,
Shot 33:1647,
Shot 34:1656,1665,
Shot 35:1674,1683,
Shot 36:1692,
Shot 37:1701,1710,
Shot 38:1737,1728,1719,1746,
Shot 39:1773,1782,1800,1764,1755,
Shot 40:1863,1881,1917,1890,1845,1827,1872,1836,1854,1908,
Shot 41:1953,1989,1962,1998,1944,
Shot 42:2025,2007,2016,
Shot 43:2124,2070,2043,2079,2061,2142,2034,2088,2115,2052,2097,2133,2106,
Shot 44:2259,2268,2187,2223,2151,2232,2241,2205,2295,2169,2160,2286,2250,2196,2214,2277,2178,
Shot 45:2493,2331,2367,2385,2313,2529,2304,2376,2349,2322,2439,2520,2502,2511,2403,2448,2457,2466,2475,2421,2484,
Shot 46:2682,2547,2574,2637,2592,2610,2556,2538,2655,2619,2664,2565,2583,2673,2628,2646,2601,
Shot 47:2700,2691,2709,
Shot 48:2718,
Shot 49:2736,2925,2898,2880,2763,2907,2853,2916,2799,2727,2871,
Shot 50:2979,3015,3006,3033,2943,3042,2997,3024,2961,2934,2988,
Shot 51:3069,3168,3150,3105,3141,3159,3114,3177,3087,3051,3060,
Shot 52:3249,3366,3357,3330,3348,3339,3222,3393,3213,3384,3375,3195,3186,3312,3204,3285,3240,3303,3276,
Shot 53:3429,3456,3492,3420,3474,3447,3411,
Shot 54:3501,
