Shot 0:126,18,54,27,90,9,72,45,117,108,135,
Shot 1:171,351,225,405,342,324,261,297,360,315,279,234,387,414,243,207,396,378,180,153,162,
Shot 2:540,468,423,477,594,450,486,459,495,441,576,432,567,513,504,522,549,
Shot 3:621,792,756,774,648,675,666,801,711,603,639,783,729,720,765,747,630,612,
Shot 4:828,972,1017,873,936,891,1035,954,918,981,810,999,927,882,855,1044,963,900,864,837,
Shot 5:1062,1098,1116,1089,1071,
Shot 6:1161,1152,1134,1143,1170,
Shot 7:1197,1188,1206,
Shot 8:1431,1341,1566,1251,1503,1386,1530,1314,1638,1368,1485,1620,1224,1656,1332,1512,1350,1584,1539,1377,1449,1404,1674,1494,1467,1413,1242,1557,
Shot 9:1809,1863,1719,1737,1701,1782,1890,1746,1728,1773,1827,1755,1818,
Shot 10:1935,1989,1971,1953,1917,1980,1944,
Shot 11:2007,2043,
Shot 12:2187,2331,2241,2061,2421,2142,2259,2088,2124,2214,2196,2277,2160,2367,2349,2304,2385,2403,2223,2070,2394,2340,2115,2286,2232,2151,2106,2097,2205,2268,2178,
Shot 13:2511,2448,2457,2430,2547,2466,2475,2484,2493,2556,2529,
Shot 14:2691,2907,2835,2871,2601,2781,2664,2619,2889,2853,2862,2817,2799,2637,2808,2826,2844,2592,2700,2574,2754,2736,2718,2673,
Shot 15:2952,2916,2943,
Shot 16:2997,2970,2979,3042,3096,3078,3069,3015,3024,2961,3006,3105,
Shot 17:3213,3114,3141,3267,3123,3240,3258,3159,3177,3168,3204,3231,3150,3186,3222,3195,
Shot 18:3348,3312,3276,3330,3285,3303,3375,3294,3339,3357,3366,
Shot 19:3492,3438,3555,3393,3465,3546,3447,3573,3402,3537,3456,3564,3474,3528,3420,3501,3483,3519,3510,3429,
Shot 20:3600,3645,3627,3654,3636,3582,3609,
Shot 21:3672,3681,3690,3663,
Shot 22:3699,3708,
Shot 23:3735,3717,3753,3726,3744,
Shot 24:3798,3762,3771,3789,3807,
Shot 25:3816,3825,
Shot 26:3834,3843,
Shot 27:3888,3870,3852,3879,3861,
Shot 28:3915,3897,3906,3924,
Shot 29:3933,3942,
Shot 30:3969,3951,3978,3960,
Shot 31:4005,3987,4023,4014,3996,
Shot 32:4104,4059,4032,4167,4185,4041,4194,4122,4077,4050,4113,4176,4158,4131,4149,4140,4086,4068,4095,
Shot 33:4212,4221,4203,
Shot 34:4239,4257,4248,4266,4230,
Shot 35:4275,4284,
Shot 36:4311,4302,4293,
