Shot 0:27,441,279,216,333,306,9,72,18,63,
Shot 1:468,765,819,855,450,801,747,684,522,774,828,792,702,657,729,720,558,513,504,576,630,585,
Shot 2:891,918,873,882,
Shot 3:2790,3276,3573,4887,2349,3339,3600,3492,4869,3816,1062,3249,1179,1116,3222,3159,3267,936,3051,2223,3483,3519,4662,4644,2124,3357,3258,3528,2376,3546,3618,1521,4248,3303,3501,3798,1125,3330,1404,3087,4509,3024,3447,4320,3321,3582,1413,2142,3690,1872,1098,3555,1836,3861,1782,4014,2259,1314,2205,3069,2754,1107,2115,3510,1674,3645,3564,3294,1422,3771,3672,4131,2232,2313,3015,3726,1665,1998,4032,3825,4680,1134,1224,1935,999,3906,1080,4356,1773,3465,4653,3186,2835,4851,1188,1980,1053,1512,4266,1791,1548,2925,2133,1827,2151,1467,3078,1899,2394,1845,1737,3285,1647,4581,3375,4491,1719,3411,1359,1800,2439,2016,3681,3978,1089,3744,3843,1809,4284,2808,3114,4167,2457,1620,2997,2061,3663,3636,4473,3195,945,1386,1485,1152,4185,4545,1071,1602,2160,1575,1026,3033,4878,1305,3141,4383,3384,4329,2538,2196,1953,3879,4023,3753,4401,2979,4086,4536,1890,990,4761,4158,1332,2178,4176,2610,2475,3924,1971,4194,2736,3717,4257,2529,1854,1017,1593,4599,4410,1476,2034,4824,2520,2583,2961,2763,2871,4221,2412,4671,4446,4689,2088,972,2466,2898,4527,2934,4392,3960,4806,2358,4716,2007,3942,2043,2916,4788,4797,
Shot 4:4914,4896,4905,4923,
Shot 5:5031,5400,5472,5652,5553,5544,5175,5220,5436,5193,5490,5634,5562,5418,5346,5661,5265,5391,5373,5670,5238,5247,4941,5283,5625,5292,5481,5607,5328,5355,5184,5445,5301,5598,5589,4968,5148,5535,5454,5256,5130,5499,5202,5157,5139,4959,5166,5580,5463,5040,
Shot 6:5706,5688,5760,5724,5679,5733,5751,5715,5697,
Shot 7:5769,
Shot 8:5832,5859,5787,5886,5895,5850,5778,5814,5868,5823,5877,5841,
Shot 9:6021,6120,6084,6003,6093,5967,6075,6156,6111,6138,6039,6048,5985,5931,6057,6012,6129,6030,6102,5904,6147,5922,5994,
Shot 10:6840,6228,6282,6165,6192,6606,6372,6174,6237,6210,6255,6525,6201,6615,6246,6624,6867,6822,6858,6633,6741,6831,
