Shot 0:171,252,234,225,243,216,9,
Shot 1:315,
Shot 2:342,414,828,648,513,450,468,621,396,819,801,558,756,810,594,693,486,378,405,783,324,
Shot 3:909,954,927,882,945,918,936,837,846,
Shot 4:1116,981,1026,1098,1134,
Shot 5:1179,1161,1188,1215,1152,1206,1197,1170,
Shot 6:1341,1260,1458,1422,1350,1485,1359,1467,1224,1386,1377,1476,1332,
Shot 7:1512,1494,1503,1539,
Shot 8:1566,
Shot 9:1647,1611,1836,1575,1818,1845,1827,1674,1602,1584,1809,1593,1746,1620,
Shot 10:1863,1899,1854,1872,
Shot 11:1962,2097,2052,2124,2034,1908,2079,1980,
Shot 12:2556,2466,2241,2277,2151,2502,2493,2205,2169,2223,2187,2259,2475,2340,2430,2592,2511,
Shot 13:2637,2664,
Shot 14:2826,2709,2952,
Shot 15:2988,3087,
Shot 16:3096,3105,
Shot 17:3150,3141,3114,3132,3123,3177,
Shot 18:3330,3420,3384,3276,
Shot 19:3483,3852,3546,3537,3555,3744,3870,3663,3690,3843,3528,3780,3816,3564,3429,
Shot 20:3879,3888,
Shot 21:4185,4320,4338,4257,4050,4077,4059,4329,4068,4572,3942,4248,4311,3978,4437,4473,4698,4590,4023,4113,
Shot 22:4734,4725,4707,4743,4716,
Shot 23:5148,4905,4851,4932,4995,4959,4977,5247,5013,4941,4842,4824,4869,5004,4887,5031,5274,5301,4896,4986,5067,4815,5121,5184,5328,4950,5049,5238,4752,4860,4797,
Shot 24:5373,5382,
Shot 25:5841,5427,5697,5760,5409,5904,5886,5418,5796,5868,5526,5400,5778,5769,5850,5877,5895,5805,5751,5436,5481,5544,5832,5859,
