Shot 0:9,252,441,414,477,387,423,459,405,306,180,531,
Shot 1:585,594,
Shot 2:630,603,621,612,639,
Shot 3:657,684,648,693,
Shot 4:738,729,702,711,756,
Shot 5:972,1269,1305,1044,1080,1296,819,1098,927,1143,1017,1035,945,837,855,1071,891,909,990,1125,1287,963,918,1242,1188,1116,
Shot 6:2376,1467,1845,1386,1638,1341,1314,1602,2502,1431,2196,2421,2439,1611,1503,1593,1359,1395,1989,1683,1791,2403,1323,1377,1332,1368,1620,2052,1476,1350,2160,1485,2322,2475,1863,1899,1944,1413,2025,2520,1494,2385,2169,1656,2142,1836,2466,1881,2484,2340,1818,2511,2277,1854,1908,2448,2367,1728,
Shot 7:2610,2538,2565,2583,2592,2547,2619,
Shot 8:2763,2718,2817,2745,2790,2682,2727,2754,2799,2772,2709,
Shot 9:2835,
Shot 10:2979,3240,3177,3195,3096,3141,3123,2898,3222,3060,3159,2925,3015,3231,3006,2961,
Shot 11:3348,3285,3420,3267,3384,3312,3303,3276,3330,3402,3258,3366,3321,3429,3339,3375,3357,
Shot 12:3465,
Shot 13:3492,3546,3528,3474,3555,
Shot 14:3690,3600,3654,3618,3609,3663,3699,
Shot 15:3726,
Shot 16:3735,
Shot 17:3753,
Shot 18:3798,3987,3897,3870,3933,3852,3915,3879,3834,3861,3762,
Shot 19:4050,4059,4041,
Shot 20:4113,4068,4158,4086,4185,4149,4140,4095,4077,4104,
Shot 21:4284,4320,4392,4203,4302,4266,4374,
Shot 22:4428,4482,4410,4464,4473,4446,4419,4455,
Shot 23:4491,
Shot 24:4500,
