Shot 0:9,63,
Shot 1:99,
Shot 2:144,
Shot 3:180,
Shot 4:297,396,387,207,423,306,351,
Shot 5:576,495,549,522,486,585,
Shot 6:1143,1161,720,630,738,1080,675,1044,882,801,936,702,
Shot 7:1206,1188,1179,1215,1197,
Shot 8:1332,1278,1233,1395,1359,1251,1377,1386,1305,1314,1296,1341,1350,1224,1269,1323,1287,1368,
Shot 9:1440,1404,1413,1422,1449,
Shot 10:1476,1458,1467,1503,1494,1485,
Shot 11:1530,1539,1512,
Shot 12:1548,1557,
Shot 13:1566,1575,
Shot 14:1584,1593,
Shot 15:1602,1611,
Shot 16:1638,1674,1701,1683,1656,1719,1620,1710,1665,1647,1629,
Shot 17:1728,
Shot 18:1791,1800,1782,
Shot 19:3384,3591,4149,3681,3141,4086,3510,4077,1854,2610,4176,3726,3537,2025,3519,3996,3951,4194,4131,4095,3627,3456,2889,4167,3924,2358,3798,4329,1908,4113,3699,4023,3834,3222,3735,4311,1827,3492,4140,3969,3654,2304,2079,2313,2619,2592,2007,1926,2250,2349,2628,2385,3447,1944,2547,2232,3168,2214,2034,1809,3015,2331,2097,1836,2511,1899,2664,3087,2655,2376,2709,1980,2484,2907,3114,2763,2223,3285,3249,3438,3330,3006,2961,3186,3420,3051,
Shot 20:4374,4491,4338,4365,4437,4392,4446,4428,4383,
Shot 21:4599,4725,4626,4689,4563,4680,4698,4653,4716,4554,
Shot 22:4734,
Shot 23:4743,
Shot 24:4761,
Shot 25:4779,4833,4770,4815,
Shot 26:5103,4995,4950,4905,5220,5130,4932,5058,5031,5166,5202,5265,4968,4923,5112,5184,5022,4941,4986,
