Shot 0:9,171,27,135,81,144,90,126,
Shot 1:297,243,207,270,279,225,306,288,252,315,261,216,234,
Shot 2:414,522,369,459,342,378,450,441,468,396,432,423,
Shot 3:558,531,540,
Shot 4:684,603,711,630,576,648,612,702,594,639,621,675,693,
Shot 5:747,792,774,855,720,891,864,783,819,846,729,873,765,882,738,837,810,828,756,
Shot 6:909,918,900,
Shot 7:936,927,945,
Shot 8:1026,954,999,963,1062,1098,1008,1107,1116,1035,1017,
Shot 9:1197,1152,1224,1170,1215,1188,1206,
Shot 10:1242,
Shot 11:1251,
Shot 12:1269,1305,1287,1296,1278,1260,
Shot 13:1323,
Shot 14:1611,1395,1503,1341,1476,1683,1404,1548,1656,1629,1818,1575,
Shot 15:1872,1836,1854,1908,1845,1863,1890,1899,
Shot 16:2160,2313,1917,2034,2295,2214,2106,2322,2142,2070,2304,2178,2205,
Shot 17:2448,2475,2484,2493,2349,
Shot 18:2583,2691,2655,2619,2511,2547,
Shot 19:2736,2718,2700,2745,
Shot 20:3042,2790,2817,2898,2853,3258,3114,2961,2799,3060,2772,2844,2871,3141,2979,2754,3123,3069,3240,3051,2862,2943,3132,2808,3078,3006,3096,2988,2826,2925,3015,2997,3033,3249,3105,3024,3087,3231,
Shot 21:3285,3267,3303,3321,
Shot 22:3447,3402,3357,3420,3474,3465,3429,3438,3456,
Shot 23:3663,3510,3564,3528,3546,3681,3591,3537,3582,3555,3573,3618,3654,3672,
Shot 24:3699,
Shot 25:3735,3771,3753,3780,3762,3726,
Shot 26:3789,3798,
Shot 27:3807,
Shot 28:3825,3816,3843,
Shot 29:4176,3987,4266,3852,4104,4032,4140,4239,4275,4194,
Shot 30:4464,4428,4482,4455,
Shot 31:4545,
Shot 32:4554,4572,4563,
Shot 33:4590,
Shot 34:4599,
Shot 35:5103,4608,4779,4923,4725,5472,5157,5004,4743,4707,4869,5319,4806,4653,5409,4968,5049,4896,4833,5238,4716,4815,5022,4680,5139,5265,5184,4986,5148,4950,4851,5202,5121,
Shot 36:5490,
Shot 37:5580,
