Shot 0:1026,1647,36,1656,684,1062,9,1359,54,666,702,1125,1665,1206,567,756,1341,864,774,972,477,1449,936,1629,594,1422,180,1674,1404,1044,1296,801,621,819,1395,1440,126,1368,1089,1638,1332,963,954,531,711,513,1107,657,1161,18,1476,738,882,1620,909,1134,27,252,1071,783,387,918,1278,720,1458,675,1143,198,1116,693,990,468,846,891,162,1314,945,585,1557,1494,450,540,873,1008,747,927,504,1521,1269,765,1431,396,90,810,900,1035,1197,837,1377,135,612,1323,1251,1350,999,1305,414,1179,1602,1413,792,1530,45,828,1539,1503,432,405,441,423,
Shot 1:1710,1683,1701,1719,
Shot 2:1764,1818,1728,1800,1737,1746,1809,1755,1791,1782,
Shot 3:1827,1836,
Shot 4:1926,1845,1854,1890,1863,1971,1872,1962,1953,1908,1935,
Shot 5:2025,2097,2043,1980,2088,2079,2007,
Shot 6:2124,2106,2115,2133,
Shot 7:2214,2142,2196,2178,2151,2205,
Shot 8:2232,2250,2241,2259,2223,
Shot 9:2592,2745,2331,2304,2736,2349,2286,2475,2376,2682,2718,2295,2430,2313,2448,2322,2700,2457,2466,2277,2385,2529,2340,2646,2673,2709,2484,2691,2493,2502,2727,2367,2412,2664,2439,2394,2628,2601,2655,2610,2583,
Shot 10:2772,2754,2781,2763,
Shot 11:3330,3204,2988,3123,2997,3114,3456,3474,3096,3222,3195,3366,3132,2862,3186,3420,3465,3249,3276,3141,3231,3168,3447,2970,3060,3069,3303,3240,3294,2844,2925,3375,3087,3015,3033,3159,3042,2853,2790,3393,3258,3384,3357,2799,2826,2871,3213,3105,3429,3177,3348,3078,2889,3285,3402,3006,3312,2943,3024,2898,
Shot 12:3501,3483,3492,3510,
Shot 13:3591,3609,3519,3564,3600,3582,3537,3546,3618,3573,
Shot 14:3681,3717,3645,3699,3663,
Shot 15:3798,3771,3870,4059,3816,3753,4023,3924,3942,3852,4041,4068,3933,3735,3888,4032,3762,3987,3807,3726,3843,3834,3978,4005,4050,3780,3825,3951,3906,3789,3879,3969,3897,
Shot 16:4248,4212,4077,4113,4185,4176,4095,4194,4203,4221,4086,4230,4140,4131,4104,4167,4149,4122,4239,
Shot 17:4293,4392,4410,4401,4491,4419,4365,4428,4464,4374,4266,4329,4500,4446,4275,4302,4473,4257,4284,4320,4347,
Shot 18:4518,4527,
Shot 19:4644,4734,4761,4779,4545,4743,4536,4608,4716,4590,4725,4689,4707,4680,4572,4563,4698,4626,4662,4653,4635,
Shot 20:4815,4788,4797,4806,
Shot 21:5238,5400,5184,5112,4986,4878,4860,5193,4887,5382,5022,5139,5166,4833,4932,5265,5049,5067,5085,4824,5283,5301,4851,4968,4959,5247,4914,4995,5373,5229,
Shot 22:5499,5445,5472,5409,5454,5481,5463,5526,
