Shot 0:9,63,
Shot 1:99,
Shot 2:144,180,
Shot 3:396,522,639,189,306,549,603,702,216,675,585,351,495,432,
Shot 4:1143,810,1161,882,1080,954,1062,
Shot 5:1179,1188,
Shot 6:1197,
Shot 7:1206,1224,1215,
Shot 8:1242,1233,1251,
Shot 9:1269,1278,1305,1287,1260,
Shot 10:1323,1332,1314,
Shot 11:1341,1350,
Shot 12:1359,1368,
Shot 13:1386,1395,1377,
Shot 14:1404,
Shot 15:1431,1467,1485,1503,1494,1413,1458,1440,1476,1422,
Shot 16:1512,1530,
Shot 17:1548,1557,
Shot 18:1566,1575,
Shot 19:1593,1620,1602,1611,1584,
Shot 20:1638,1665,1656,1629,1647,
Shot 21:1674,
Shot 22:1728,1701,1710,1719,1683,
Shot 23:1737,
Shot 24:1791,1809,1800,1782,
Shot 25:2331,2088,2898,2385,1818,3060,2493,1845,2628,2358,2313,2610,2592,1944,2763,1971,2016,2250,1908,1899,3015,2232,2520,1980,2043,1953,2709,2304,2916,2664,2106,2547,2349,3006,2970,
Shot 26:3132,3087,3114,3150,
Shot 27:3186,3231,3168,3438,3222,3330,3249,3294,3420,3402,
Shot 28:3447,3465,3456,
Shot 29:4032,4086,3591,4158,3636,3843,3492,4185,3933,4050,3708,3735,3960,4149,4104,4347,3807,3519,4203,3672,3681,3978,4014,3537,4131,4329,3744,
Shot 30:4383,4446,4356,4428,4410,4401,
Shot 31:4617,5049,4464,5085,4473,4932,4725,4977,5301,4590,4995,5157,5013,4788,5247,4860,5058,4761,5229,4572,5193,4644,4743,5211,4968,4716,4797,5130,4770,4833,4752,5121,4545,4959,4680,5022,
Shot 32:5517,5454,5355,
Shot 33:5625,5814,5706,5652,5688,5580,5733,5778,5598,5607,5535,
Shot 34:5832,5850,
Shot 35:5868,
Shot 36:5967,5931,5895,
Shot 37:6210,6408,5985,6309,6093,6030,6129,6381,6048,6021,6327,6039,6345,6300,6183,6246,6273,6228,6282,
