Shot 0:486,54,675,954,9,180,738,90,153,972,900,126,621,792,603,531,459,360,414,882,297,567,441,288,333,495,261,
Shot 1:990,
Shot 2:999,
Shot 3:1017,1026,1008,
Shot 4:1035,1044,
Shot 5:1053,1071,1089,1062,
Shot 6:1161,1125,1179,1170,1116,1188,1134,1107,1215,1143,1098,1206,1152,
Shot 7:1224,1233,
Shot 8:1251,1260,
Shot 9:1269,1287,1278,
Shot 10:1296,
Shot 11:1323,1314,1332,1305,
Shot 12:1341,1350,
Shot 13:1359,1386,1440,1395,1404,1377,1422,1368,
Shot 14:1449,
Shot 15:1485,1494,1503,
Shot 16:2826,1989,1593,1530,1611,2601,1548,2196,2169,1512,1881,1683,2691,1971,1935,1863,2160,2646,2124,2412,2097,1737,2223,2520,2259,1629,1926,1755,1953,2079,1701,2574,1656,2430,2628,2745,2313,2871,2475,2718,2511,2781,2610,2556,2853,2664,
Shot 17:2880,2889,
Shot 18:3177,3042,3285,3411,3366,3609,3060,2943,3492,3132,2952,3510,3204,3429,3348,3483,3447,2916,3087,2997,3096,3303,3321,3114,
Shot 19:3636,3735,3672,3807,3726,3717,3825,3708,3663,3681,
Shot 20:3951,3834,3852,3906,3879,3933,3942,
Shot 21:3969,
Shot 22:4050,3978,3996,4113,4005,4131,4059,4041,
Shot 23:4149,
Shot 24:4158,4167,
Shot 25:4185,
Shot 26:4743,4473,4716,4284,4851,4788,4608,4761,4365,4554,4383,4212,4626,4248,4275,4338,
Shot 27:5022,4869,4977,4941,4896,5049,4995,4923,5085,4950,
Shot 28:5184,5157,5211,5139,5121,5193,5247,
