Shot 0:9,
Shot 1:108,162,
Shot 2:189,
Shot 3:225,
Shot 4:261,
Shot 5:396,891,279,1080,774,837,1008,972,1071,1062,702,360,621,459,513,675,540,432,639,729,567,558,423,351,405,594,
Shot 6:1116,1134,1125,1089,1098,1107,
Shot 7:1143,
Shot 8:1161,1179,1170,1188,1152,
Shot 9:1197,1278,1314,1296,1242,1269,1233,1224,1305,1260,1287,1206,1215,
Shot 10:1341,1323,1350,1332,
Shot 11:1368,1359,1377,
Shot 12:1395,
Shot 13:1512,1485,1422,1467,1440,1503,1449,1431,1494,1530,1413,1539,1404,1521,1476,1458,
Shot 14:1548,1557,
Shot 15:1602,1611,1593,
Shot 16:1728,1692,1620,1980,1845,1782,2079,1710,2034,1755,2061,2025,1962,1629,1863,1656,1746,1800,2052,
Shot 17:2178,2097,2268,2205,2295,2232,
Shot 18:2331,
Shot 19:2367,2412,
Shot 20:2565,2520,2529,2601,2538,
Shot 21:2628,
Shot 22:2718,2655,2682,2727,2709,
Shot 23:2925,2745,2799,2853,2970,2763,2790,2817,2889,2952,
Shot 24:2979,2997,2988,
Shot 25:3033,3375,3330,3600,3393,3510,3042,3447,3537,3267,3339,3474,3240,3177,3222,3429,3060,3609,3141,3411,3276,3159,3105,3312,3573,3555,3717,3195,3015,
Shot 26:3762,3825,3780,3807,3816,3735,
Shot 27:3960,3933,4392,4293,3834,4563,4158,4104,4329,4086,4374,4221,3978,4320,4059,4527,4257,4077,4275,4482,3870,4113,4041,4410,4239,4347,4464,4437,4455,4068,4140,4005,3924,
Shot 28:4572,
Shot 29:4779,4959,4923,4815,4671,4716,4950,4851,4869,4725,4887,4662,4761,4707,4797,
Shot 30:4968,4995,
Shot 31:5013,
Shot 32:5040,5085,5058,5022,5049,
Shot 33:5301,5139,5265,5157,5238,5220,5337,5319,5193,5121,5103,5256,5283,5310,
Shot 34:5346,
Shot 35:5364,5382,
Shot 36:5400,
Shot 37:5427,
Shot 38:5454,5526,
Shot 39:5535,
Shot 40:5553,5544,5616,
