Shot 0:9,243,
Shot 1:279,252,270,288,261,
Shot 2:630,297,612,360,729,342,414,738,405,549,306,513,477,621,
Shot 3:819,837,
Shot 4:945,954,936,
Shot 5:963,999,
Shot 6:1035,1053,1044,
Shot 7:1062,
Shot 8:1125,1143,1134,1152,
Shot 9:1170,
Shot 10:1395,1557,1296,1350,1548,1314,1359,1341,1323,1539,1224,1512,1386,1530,1485,1305,1377,1458,1404,
Shot 11:1620,1638,1629,
Shot 12:1863,1647,1746,1683,1827,1764,1782,1836,1737,1755,1908,1899,1854,1845,1881,
Shot 13:1962,1917,1980,1926,1989,
Shot 14:2088,2160,2133,2151,2043,2115,2052,2106,2061,
Shot 15:2268,2214,2178,2295,2286,2241,2259,
Shot 16:2304,
Shot 17:2313,
Shot 18:2556,2646,2466,2385,2502,2475,2457,2691,2484,2367,2448,2412,2601,2376,2538,2511,2403,2574,2619,2565,2664,2493,
Shot 19:3231,2763,2700,2736,2952,2709,3303,2745,2835,2781,3006,3240,
Shot 20:3321,
Shot 21:3825,3492,3888,3672,3627,3861,3582,3564,3681,3717,3636,3879,3708,3330,3618,3663,3726,3591,3852,3789,3843,3735,3816,3339,3528,
Shot 22:3897,3906,
