Shot 0:9,27,
Shot 1:351,117,423,360,207,
Shot 2:594,540,666,
Shot 3:684,711,1476,927,1233,1539,1593,1143,1746,1044,1386,1314,1791,1764,1566,1692,1728,693,
Shot 4:1854,1908,1836,1818,1845,1899,1890,1863,1872,
Shot 5:1935,
Shot 6:3888,4365,4977,2907,4086,2673,4347,3348,4257,2196,4887,4068,2934,2160,4770,4833,3195,3024,4878,1998,2052,4860,1971,3528,4698,3267,4311,4626,4320,2817,4851,2916,3618,3951,3141,2106,4545,4500,2745,4572,2088,3996,2421,2547,4824,3987,3960,3186,4590,3564,3096,3978,4689,2439,3492,4707,3429,3834,4662,2322,3942,4005,4617,3744,2016,4599,2961,3114,3078,2763,4959,3231,4437,4536,3393,2853,2619,4302,3087,3285,2358,4581,4644,4329,3069,4338,2124,3933,3537,4293,2241,2952,3645,3915,4410,3906,
Shot 7:4986,
Shot 8:6129,6300,6030,5904,5373,6318,5040,6444,5292,5436,6282,5067,6093,5994,5202,6228,5445,5085,5877,6165,5607,6273,4995,6336,6057,5553,5634,5427,5454,6363,5364,6381,5472,5931,5355,5283,5859,6156,6102,6138,
Shot 9:6534,6543,
Shot 10:7425,6705,6714,6552,6930,6687,6669,7020,6867,7074,6759,6642,6885,7344,
