Shot 0:441,576,72,252,603,9,117,630,180,387,342,450,666,225,369,468,306,153,144,405,423,
Shot 1:756,693,792,711,702,
Shot 2:1170,1395,1233,1404,1449,1683,1017,1557,1494,936,819,855,1593,1089,1179,963,1323,1647,1422,1305,1485,1215,1377,1278,1350,
Shot 3:1692,1728,1764,
Shot 4:3186,2817,1899,2511,2466,1854,1917,2727,2664,2439,1809,2691,2853,2862,3204,2628,2871,2763,2943,2088,2754,2043,2403,1836,1944,2214,2736,2133,2880,1989,3240,3096,1791,3132,2106,2025,2799,3159,2070,2952,
Shot 5:3249,3276,3258,
Shot 6:3807,3546,3330,3501,3393,3456,3681,3420,3654,3942,4050,3933,4167,4131,3627,3771,3357,3465,3348,3447,3816,
Shot 7:4203,4230,
Shot 8:4347,4248,4401,4374,
Shot 9:4437,4446,
Shot 10:4491,4509,4464,4455,4500,4473,4482,
Shot 11:4518,
Shot 12:6003,6084,5004,5463,5427,5220,5994,6039,6030,4581,4689,5238,4617,4545,5895,5499,5022,5202,5265,5256,5949,6075,
Shot 13:6102,
Shot 14:6912,8028,7362,8937,7821,9729,9009,8352,7614,7074,9459,9369,7974,8451,10215,7380,8667,8307,9243,7452,6246,10098,9414,6534,6435,8541,9540,6156,6993,6768,7488,9846,9333,6282,7101,6597,7722,7218,8109,7623,8469,8433,6669,8991,10314,7929,6624,6372,8514,7092,6453,7146,9126,6840,9189,6831,9063,8172,6867,10287,9396,7713,9765,8829,7038,8487,8775,7731,7137,6570,8271,8118,6174,7002,6705,6507,7056,7992,9216,8334,7020,7047,6966,9612,9027,6741,7083,9054,6930,6309,9486,6579,6750,9585,7029,7632,6885,7983,6291,9432,7533,7011,7299,6237,6687,7965,6903,7677,6471,8316,6192,8523,6336,9522,6354,7182,7704,6894,7479,6165,7461,6399,7569,7398,6606,6552,6201,6516,9738,6129,6651,6588,7326,7785,7740,8460,7110,
