Shot 0:144,9,126,135,117,
Shot 1:252,225,234,243,
Shot 2:333,279,306,297,315,378,
Shot 3:801,450,531,594,576,729,567,585,747,648,468,549,711,693,846,702,756,738,
Shot 4:1026,918,891,864,900,1062,855,963,999,
Shot 5:1125,1089,1107,1071,1080,1116,
Shot 6:1287,1206,1332,1269,
Shot 7:1431,1350,1377,1386,1368,1341,1440,
Shot 8:1503,
Shot 9:1575,1656,1593,
Shot 10:1791,1890,1854,1872,1881,1863,1728,
Shot 11:1953,1908,2034,1917,2025,1926,1962,
Shot 12:2106,2097,
Shot 13:2169,2214,2223,2160,
Shot 14:2466,2592,2322,2538,2259,2493,2448,2340,2439,2547,2403,2556,2511,
Shot 15:2610,2601,2637,
Shot 16:2673,2646,2682,
Shot 17:2871,2745,2907,2799,2826,2781,2898,2727,
Shot 18:2916,2925,
Shot 19:2952,
Shot 20:3069,3168,2970,3150,3204,3024,3159,3033,3186,3015,3087,3051,3006,3060,
Shot 21:3510,3951,3348,3762,3240,3312,3645,4005,3816,3888,3717,3609,3555,3807,3438,3780,3339,3447,3456,3897,3573,3663,3357,3915,3798,3618,3474,3654,3384,3771,3465,3906,3933,3627,3753,3402,3528,3681,3996,3564,3483,3870,3942,3708,3591,
Shot 22:4014,
Shot 23:4023,
Shot 24:4221,4095,4167,4032,4158,4284,4293,4194,4239,
Shot 25:4392,4410,4365,4338,4347,4401,
Shot 26:4725,4626,4446,4599,4563,4608,4527,4491,4617,4671,4473,4653,4752,4500,4464,4662,4707,4743,4572,4455,4635,4509,4734,4716,
Shot 27:4779,4761,4815,4770,4797,
Shot 28:5364,4950,5265,5049,4986,4932,4851,5454,5121,5076,4824,4941,4833,5229,4995,5436,5463,5337,5445,5247,4959,4878,5103,5238,5058,5193,4977,5319,5328,5355,5274,5067,5112,5373,5409,5310,5283,5184,
Shot 29:5490,5553,
Shot 30:5607,5598,5616,
Shot 31:5625,
Shot 32:5886,5868,5895,
