Shot 0:18,126,108,117,9,36,27,135,
Shot 1:2484,1575,351,1233,2268,1215,558,1791,243,1017,2142,1602,1251,1485,2592,918,2016,450,1809,2043,2367,1125,1917,2574,1800,2250,2133,2241,1692,2358,1926,342,1701,2025,1818,2583,1935,2493,2385,2034,2529,2286,2475,
Shot 2:2673,
Shot 3:2925,2682,2781,3024,2691,2808,2700,2907,3006,2790,3015,2916,
Shot 4:3141,3231,3132,
Shot 5:3330,3240,3348,
Shot 6:3564,3357,3591,3456,3465,3393,3474,3573,
Shot 7:3699,3681,3717,
Shot 8:4032,3807,3924,4131,3915,4023,3798,3933,3816,4041,
Shot 9:4149,4140,4158,
Shot 10:4437,4491,4248,4356,4374,4365,4257,4473,4383,4482,
Shot 11:4815,4599,5157,5049,4743,4806,5139,5130,4698,4824,
Shot 12:5256,5247,5265,
Shot 13:5598,5355,5805,5931,5490,5463,5706,5823,5472,5697,5580,5922,5364,5814,5688,5589,
Shot 14:6039,6129,6030,6048,
Shot 15:6156,6255,6138,6147,6246,6210,
Shot 16:6975,6669,6480,6363,6687,6570,6795,6660,6552,7011,6561,6903,7002,6471,6489,6912,
Shot 17:7020,7407,
