Shot 0:342,279,9,225,108,333,459,621,720,
Shot 1:738,747,
Shot 2:765,
Shot 3:918,828,855,
Shot 4:981,
Shot 5:1008,990,999,1017,
Shot 6:1035,1044,
Shot 7:1485,1080,1620,1206,1728,1143,1116,1323,
Shot 8:2601,2016,1971,1881,2313,2187,2007,1953,2070,1827,2709,1746,2862,2952,2997,2772,2898,2799,2763,3015,2736,2808,2655,2673,2637,2844,2961,2619,2745,2835,2628,2916,2790,2718,2700,2979,2934,2331,2178,2124,
Shot 9:3069,3033,3087,3051,
Shot 10:3105,3150,
Shot 11:3402,3537,3582,3510,3339,3690,3555,3519,3699,3708,3375,3393,3411,
Shot 12:3717,
Shot 13:3996,4005,3798,3969,
Shot 14:4059,
Shot 15:4608,4293,4698,4122,4536,4104,4554,4140,4365,4518,4374,4239,4680,4572,4662,4671,4581,4707,4635,4617,4653,4626,4590,4599,
Shot 16:4716,4752,4743,
Shot 17:4806,
Shot 18:4815,4824,
Shot 19:5976,5076,6309,6435,4986,6489,6363,6102,5598,5310,6210,6228,5805,
Shot 20:6669,6696,6624,
