Shot 0:9,90,
Shot 1:99,108,
Shot 2:117,126,
Shot 3:162,171,
Shot 4:279,180,207,324,189,216,297,315,
Shot 5:342,333,351,
Shot 6:414,360,369,522,387,639,774,396,459,432,
Shot 7:792,801,
Shot 8:846,918,909,810,891,
Shot 9:927,936,
Shot 10:945,963,954,
Shot 11:1008,972,990,981,999,1080,
Shot 12:2133,3141,2304,2673,2331,3411,3429,1494,1863,3177,2574,3114,2196,3213,1440,2286,3195,2871,2736,2826,1512,2835,2619,2907,3231,3096,2403,2421,1197,2052,1980,3060,1125,2853,1656,2070,2943,1449,2880,2079,2781,2169,3249,2124,2223,2691,2808,1566,1161,1143,1971,2034,1989,
Shot 13:6147,3438,6687,6678,6471,4338,6435,3708,4221,4059,5202,4788,4356,4230,5517,4995,4932,4302,4014,4707,4392,5814,3465,3690,6597,4914,4680,6669,6570,5256,4113,3771,5544,4284,4851,3528,6624,4833,4131,5211,4419,4032,5184,6219,6480,6399,3447,3717,6543,5418,3474,4977,3699,5499,6084,5553,4248,5040,5877,5562,
Shot 14:6714,6696,6705,6741,6750,
Shot 15:6768,6777,
Shot 16:6786,6795,
Shot 17:6804,6813,
