Shot 0:9,18,
Shot 1:54,81,
Shot 2:90,99,108,
Shot 3:405,261,225,378,144,207,153,396,171,
Shot 4:423,
Shot 5:1440,675,576,1116,810,1404,873,1260,981,621,459,693,1017,1332,1314,1422,432,765,918,1080,1071,1134,1152,603,1044,1413,522,909,954,549,729,540,1053,504,945,594,999,1368,837,
Shot 6:1467,1476,
Shot 7:1485,
Shot 8:2025,2322,1719,1620,2664,2727,3312,2043,2943,2187,2106,3258,1548,2088,1809,2988,2529,3285,1998,2871,3033,2394,2691,3051,2376,3168,1611,2844,2745,2781,1980,1962,2601,1683,1890,2934,1755,2358,3330,1935,2889,1845,2718,2817,2079,3222,2997,1503,2034,3204,2340,1944,2016,3348,2961,
Shot 9:3366,
Shot 10:3393,3465,3429,3384,3411,
