Shot 0:18,9,180,
Shot 1:207,234,198,
Shot 2:558,630,432,675,621,378,603,666,351,468,612,639,576,531,504,585,
Shot 3:711,747,684,720,693,702,729,
Shot 4:756,774,765,
Shot 5:810,927,873,783,828,837,882,792,819,900,801,918,
Shot 6:990,936,1008,945,963,981,999,
Shot 7:1026,
Shot 8:1224,1350,1395,1341,1071,1386,1404,1359,1377,1332,1188,1323,1035,1116,1080,1206,1143,1278,1260,1044,1107,1125,
Shot 9:1413,
Shot 10:1422,1431,
Shot 11:1449,
Shot 12:1476,1458,1467,1485,
Shot 13:1503,1494,1530,1521,
Shot 14:1548,1557,
Shot 15:1782,1683,1611,1566,1629,1620,1674,1656,1647,1746,1791,1755,1773,
Shot 16:1827,1800,1854,1809,1845,1818,
Shot 17:1881,1908,1899,1917,1890,1863,
Shot 18:2079,1926,2259,2268,2295,2313,1971,1962,2088,2250,2394,2304,2340,2556,2160,1935,2628,2241,2403,1998,2322,1980,2187,2520,1953,2043,2466,2142,2601,2124,2052,2007,1989,2214,2448,2538,1944,2169,2529,2457,2331,2070,2097,2133,2502,2493,2565,2574,
Shot 19:2817,2673,2853,2736,2790,2772,2700,2664,2844,2808,2826,2646,
Shot 20:3051,3159,2988,2862,2898,2889,2907,2880,2943,3123,2952,2916,2961,2871,2979,2997,3132,3114,3015,3024,3105,3096,2925,3006,2934,3069,3078,
Shot 21:3321,3168,3231,3375,3267,3222,3204,3366,3213,3339,3303,3294,3330,3240,3312,
Shot 22:3483,4140,3798,4131,3861,4050,3546,4122,3519,3897,3681,4086,3924,3717,3537,3780,3960,3843,3978,3636,3510,3429,4095,3654,4113,3771,3465,3582,3906,3663,3708,4059,3915,3933,4023,3888,4077,3402,3699,3852,3870,3438,3474,4014,
Shot 23:4149,4158,
Shot 24:4320,4581,4635,4302,4239,4653,4383,4671,4680,4167,4608,4266,4491,4284,4257,4176,4293,4194,4311,4338,4356,4221,4626,4185,4410,4482,
Shot 25:4950,4860,4842,4923,4716,4779,4878,4689,4932,4698,4941,
Shot 26:5076,4968,4959,5004,5013,5112,4986,5094,
Shot 27:5130,5139,5148,5121,
Shot 28:5355,5175,5220,5184,5265,5211,5193,5229,5157,5301,5391,
Shot 29:5409,
