Shot 0:9,
Shot 1:90,99,
Shot 2:108,117,
Shot 3:1179,2538,2313,693,2457,225,2529,1512,504,1998,2295,1782,1296,2277,711,126,2520,2007,738,1872,459,495,1638,252,1440,675,1953,
Shot 4:2556,2691,2547,2592,
Shot 5:2727,2700,3249,2709,
Shot 6:3267,3348,3330,3321,3258,3339,
Shot 7:3375,3474,3420,3456,
Shot 8:3600,3762,3753,3483,3645,3744,3573,3492,3672,3735,3501,
Shot 9:4068,3960,3816,3771,3987,3798,3888,4095,4023,3834,3780,
Shot 10:4149,
Shot 11:4734,4176,4158,5301,4185,4167,4194,4752,4293,
Shot 12:5643,5805,5571,5733,5868,5706,5787,5688,5580,5616,5796,5715,5778,5850,5859,5697,5661,5724,5670,5589,5625,5634,5679,5652,5814,
Shot 13:6219,6048,6120,5967,5886,6012,5940,6174,6264,6102,6192,6111,5949,6021,5931,6255,6246,6030,5895,6165,6003,6237,6093,5958,6039,
Shot 14:6273,
Shot 15:6759,6282,6345,
