Shot 0:9,
Shot 1:18,27,
Shot 2:459,153,540,
Shot 3:639,594,630,657,
Shot 4:747,1008,981,810,837,891,792,936,963,801,855,765,864,918,990,783,819,882,828,774,846,720,999,
Shot 5:1035,1017,1053,1026,1044,
Shot 6:1098,1062,1080,
Shot 7:1143,1152,
Shot 8:1188,1323,1251,1206,1161,1314,1197,
Shot 9:1629,1791,1548,1746,1683,1665,1440,1512,1611,1692,1638,
Shot 10:1854,2052,2079,1908,1836,1845,2088,1890,1881,
Shot 11:2106,
Shot 12:2421,2232,2520,2448,2124,2763,2295,2880,2205,2268,2169,2709,2214,2187,2259,2835,2772,2655,2160,2115,2349,
Shot 13:2889,
Shot 14:2898,
Shot 15:2907,
Shot 16:3321,3258,3105,3033,3078,2916,3240,3168,3096,3348,3330,
Shot 17:3366,
Shot 18:3528,3600,3501,3780,3375,3519,3897,3744,3411,3537,3456,3483,3870,
Shot 19:3924,
Shot 20:4257,4293,4149,4518,4680,4095,4086,3933,4194,4104,4446,4527,4374,4365,4536,4167,4545,3978,4023,4131,4383,4077,4320,4428,4113,4509,4266,4284,3960,4239,4230,
Shot 21:4716,
Shot 22:4770,4941,4950,5013,4788,4725,4860,4824,5103,5049,5004,5076,4734,4779,
Shot 23:5184,
Shot 24:5193,5310,5364,5355,5346,5265,5202,
Shot 25:5373,
Shot 26:5382,
Shot 27:5391,
Shot 28:5661,5436,5751,5580,6219,6624,5805,6534,5940,6597,5490,6507,5895,6651,5562,5409,6300,6156,5598,6723,5796,5850,6246,5607,5400,5589,5535,6741,5634,5742,5652,6678,5697,5616,5733,5643,5679,
Shot 29:6750,
Shot 30:6759,
Shot 31:6768,
Shot 32:6777,6786,
Shot 33:6795,
Shot 34:6984,7074,6894,7029,7164,7047,6804,7056,7002,6975,
Shot 35:7191,7236,
Shot 36:7290,7299,7245,
Shot 37:7731,7587,7506,7578,7308,7749,7740,7596,
Shot 38:7758,7776,
