Shot 0:495,666,54,954,9,171,963,81,153,594,729,900,612,117,324,477,783,405,252,351,558,450,315,531,432,288,873,
Shot 1:1008,1017,990,981,999,
Shot 2:1053,1026,1071,1062,1044,
Shot 3:1080,
Shot 4:1107,1134,1089,1125,1116,1098,
Shot 5:1152,1161,
Shot 6:1188,1170,1179,1197,
Shot 7:1224,1242,1215,1233,
Shot 8:1251,
Shot 9:1260,1269,
Shot 10:1287,1296,
Shot 11:1305,1314,1323,
Shot 12:1359,1341,1377,1332,1350,1368,
Shot 13:1386,
Shot 14:1413,1431,1422,1395,
Shot 15:1440,
Shot 16:1494,1503,1485,
Shot 17:2547,1989,1926,2187,2214,2421,1674,1512,2259,1548,1692,1602,1971,2097,2070,1638,1917,2691,1737,2160,2511,1854,1584,2628,1620,1521,2637,1872,1953,1944,2412,2574,1755,2232,2601,2430,2304,2124,1647,2853,2709,2745,2610,2475,2781,2655,2826,
Shot 18:2880,2889,2871,
Shot 19:3033,3402,3366,3114,3276,2934,3609,3087,3069,3204,3420,3321,3465,3339,3447,2907,3168,3159,2952,3312,3303,3285,2997,
Shot 20:3627,3726,3654,3717,3672,3708,3798,3699,
Shot 21:3960,3978,3897,3870,3933,3825,3852,3951,
Shot 22:3996,4113,4131,4005,4050,
Shot 23:4149,4167,
Shot 24:4176,4194,
Shot 25:4743,4464,4212,4761,4446,4707,4599,4275,4815,4851,4545,4239,4779,4284,4329,4554,4617,4374,4347,4356,
Shot 26:4932,5031,5049,4860,4977,4887,5076,4995,4950,5013,4914,
Shot 27:5292,5256,5211,5337,5319,5112,5193,5274,5175,5148,5202,5238,
