Shot 0:270,9,63,342,54,351,45,72,18,369,324,153,27,225,36,81,333,135,360,306,90,108,126,189,315,162,99,297,252,279,261,
Shot 1:459,378,405,441,387,450,423,468,432,477,
Shot 2:882,1080,1377,1287,1089,1359,1296,1197,1260,1404,621,1278,1188,1395,837,1269,963,1251,810,630,1350,828,1323,819,612,1098,594,1071,801,1233,531,1305,846,1386,1341,783,576,954,1215,1107,1242,639,918,549,855,1314,495,792,675,603,945,1053,990,972,513,765,927,981,585,1017,504,900,711,657,747,1026,891,873,648,738,
Shot 3:1611,1575,1530,1503,1584,1440,1458,1593,1422,1548,1809,1656,1512,1602,
Shot 4:1899,2088,1818,2052,1827,2070,2007,2034,1953,1917,1872,1845,1836,1962,1980,1935,2016,
Shot 5:2907,2205,2772,2106,3249,2781,2304,3231,2790,2223,2169,2979,3114,2187,2268,2943,2655,3159,3168,2151,2277,2241,2295,2313,3051,2970,3177,2988,2178,2763,3105,2925,3006,3186,2934,3123,3195,2286,2340,2799,3213,3069,3222,3060,2961,2259,2745,3150,3033,3132,2997,2844,3024,2808,3015,3096,2952,2871,2898,2889,2916,2835,3204,2862,
Shot 6:3294,3591,3456,3267,3438,3573,3492,3582,3447,3519,3429,3465,3537,3276,3420,3501,3474,3312,3285,
Shot 7:3726,3618,3600,3780,3663,3636,3744,3699,3771,3762,3690,3735,3717,
Shot 8:3798,
Shot 9:4005,4311,4356,4059,4329,4095,4995,4635,5058,4905,4032,4815,3960,4050,4671,4410,4698,4833,4284,4086,3942,3951,5022,5085,4716,4869,4068,5004,4689,4401,4923,4788,5103,4302,4752,4986,3969,3924,4023,5121,3987,3978,4734,
Shot 10:5157,
