Shot 0:9,
Shot 1:63,72,
Shot 2:81,369,360,90,
Shot 3:459,540,
Shot 4:648,549,630,720,
Shot 5:2061,1854,918,1764,1377,729,3177,1674,2790,2151,1215,2502,1494,1863,2880,2610,1575,2241,1107,1017,828,1944,1026,2340,2412,3159,1296,2601,1404,1665,2043,2142,1476,3168,
Shot 6:3249,3258,
Shot 7:3366,3276,3348,
Shot 8:3717,3528,3618,3537,3735,3627,
Shot 9:4941,5139,3816,5805,6246,4014,5517,5607,6354,6912,5976,5409,6273,4779,6831,4482,4185,4392,6462,4284,5049,5697,6732,4095,5229,3996,4851,6543,6264,6435,6255,6444,6066,5877,5031,4932,6165,5967,6813,6534,6453,4959,
Shot 10:7002,6921,6993,6930,7011,
Shot 11:7092,7101,
