Shot 0:9,
Shot 1:189,225,162,216,207,171,180,198,
Shot 2:414,486,288,441,495,405,423,
Shot 3:504,513,
Shot 4:612,540,720,558,702,531,522,666,648,639,693,603,549,711,
Shot 5:729,
Shot 6:819,765,783,918,738,774,792,900,909,801,756,846,810,
Shot 7:1017,1062,927,1053,936,1044,972,999,1035,
Shot 8:1071,
Shot 9:1098,1080,1116,1089,
Shot 10:1134,1188,
Shot 11:1350,1440,1332,1413,1395,1377,1341,1431,1359,
Shot 12:1575,1620,1566,1611,1494,1512,1476,1593,1530,1656,
Shot 13:1791,2052,1863,2043,1917,1710,1827,1737,
Shot 14:2214,2286,2331,2169,2097,2313,2268,2178,2133,2322,2304,2079,2124,2277,2187,2232,2151,2061,2241,2205,2142,
Shot 15:2385,2358,2448,2340,2403,2367,2376,2394,2430,2457,
Shot 16:2466,
Shot 17:2475,2484,
Shot 18:2565,2781,2727,2655,2790,2673,2709,2691,2826,2772,2835,2799,2700,2745,2808,2520,2493,2763,2817,2538,2601,2628,2556,2583,
Shot 19:2844,
Shot 20:2880,2871,2862,2853,2889,
Shot 21:2898,
Shot 22:2916,2907,2925,
Shot 23:2943,2952,2934,
Shot 24:2961,2970,
Shot 25:2988,
Shot 26:3042,2997,3060,3015,3006,3033,
Shot 27:3213,3456,3393,3537,3312,3258,3069,3483,3510,3573,3582,3564,3501,3357,3240,3519,3474,3411,3294,3186,3375,3105,3195,3276,3249,3267,
Shot 28:3600,3591,3609,
Shot 29:3636,3627,3618,3654,
Shot 30:3681,3708,3663,3699,3672,
Shot 31:3735,3771,3717,3762,3753,
Shot 32:3780,
