Shot 0:504,675,972,63,180,9,909,882,162,126,738,90,603,414,333,621,963,531,486,540,360,261,792,324,441,567,297,252,459,
Shot 1:1008,1026,1017,999,990,
Shot 2:1035,
Shot 3:1062,1080,1089,1071,1053,
Shot 4:1116,1098,1134,1107,1143,1125,
Shot 5:1161,1170,
Shot 6:1197,1179,1188,1206,
Shot 7:1242,1224,1251,1233,
Shot 8:1260,
Shot 9:1269,1278,
Shot 10:1296,1305,
Shot 11:1314,1332,1323,
Shot 12:1341,1350,
Shot 13:1368,1386,1431,1440,1422,1404,1395,1359,1377,
Shot 14:1449,
Shot 15:1503,1512,1494,
Shot 16:2556,2268,1746,1530,2241,2430,1557,1980,1935,1881,2520,2169,2646,2619,2106,2700,1755,2079,1593,1683,1971,1611,1926,1863,1629,2421,1701,2196,1647,1521,1998,1989,1764,2223,2439,2583,1656,1953,2313,2610,2133,2718,2862,2754,2790,2664,2637,2484,2835,
Shot 17:2889,2898,2880,
Shot 18:3168,2943,2916,3096,3456,3006,3366,3312,3177,3123,3474,3294,3348,3375,3078,3042,3285,3618,3429,3411,2961,3330,3213,3321,
Shot 19:3636,3726,3735,3807,3681,3717,3663,
Shot 20:3969,3834,3906,3942,3879,3861,3960,
Shot 21:3978,3987,
Shot 22:4140,4122,4014,4005,4059,
Shot 23:4158,4176,
Shot 24:4185,4212,4203,
Shot 25:4338,4473,4716,4770,4788,4248,4824,4608,4356,4860,4365,4221,4293,4455,4383,4464,4752,4284,4626,4563,4554,
Shot 26:5022,4869,5058,4986,5040,4923,5085,4896,5004,4959,4941,
Shot 27:5301,5328,5346,5220,5139,5283,5265,5157,5202,5121,5184,5211,5247,
