Shot 0:450,378,9,342,405,324,351,360,396,252,207,
Shot 1:513,504,495,522,
Shot 2:576,531,540,549,585,
Shot 3:846,684,801,612,738,864,774,702,837,819,765,621,
Shot 4:936,954,1089,1071,873,1053,900,891,918,945,
Shot 5:1593,1350,1233,1692,1386,1098,1143,1341,1179,1116,1161,1332,1251,1521,1818,1368,1107,1170,1206,1125,1134,1152,1404,1224,1539,1791,1242,1719,1656,1800,1449,1575,1548,1845,
Shot 6:1953,2043,2007,2034,1899,1989,1935,1971,
Shot 7:2142,2232,2106,2088,2187,2061,2070,2160,2124,2079,2169,2151,
Shot 8:2331,2259,2295,2304,2277,2358,2286,2313,2349,2340,
Shot 9:2367,
Shot 10:2529,2700,2637,2421,2718,2664,2601,2511,2583,2619,2655,2475,2610,2556,2439,
Shot 11:2808,2754,2736,2772,2727,2745,2790,2826,2799,2817,
Shot 12:2853,2871,2889,2844,
Shot 13:2916,2961,2943,2898,
Shot 14:3069,2988,3015,3006,3051,3087,3078,3060,
Shot 15:3114,
Shot 16:3141,3123,3204,3195,3132,
Shot 17:3231,3276,3258,3222,
Shot 18:3321,
Shot 19:3411,3375,3393,3384,3402,
Shot 20:3492,3420,3456,3429,3465,3510,
Shot 21:3636,3564,3654,3609,3582,
Shot 22:3681,3690,
