Shot 0:243,423,297,477,405,441,459,387,414,9,
Shot 1:603,585,612,594,
Shot 2:729,621,648,639,684,693,630,720,738,657,
Shot 3:927,1287,1062,1233,828,1305,1125,1035,1044,999,846,1089,1296,1017,1260,963,909,972,810,1143,1071,1107,1197,
Shot 4:1494,1881,1413,2187,1314,1620,1728,1602,1359,1377,1341,1611,2142,1386,1647,1440,1395,1350,1323,1476,1593,1368,2025,1332,1683,1458,1845,2052,1980,1404,1818,1467,1854,1530,2169,2160,1485,1836,1899,1512,
Shot 5:2340,2439,2403,2466,2268,2367,2475,2322,2448,2376,
Shot 6:2565,2520,2619,2502,2511,2493,2592,2583,2547,
Shot 7:2808,2727,2682,2754,2745,2790,2763,2709,2817,2772,
Shot 8:2835,
Shot 9:2970,3249,3159,3195,3096,3222,3123,3069,3141,3231,2898,3033,3177,3006,2916,2961,
Shot 10:3366,3276,3312,3285,3402,3267,3339,3303,3348,3384,3330,3375,3357,
Shot 11:3438,3465,3420,
Shot 12:3492,3528,3474,
Shot 13:3681,3555,3618,3600,3654,3609,3699,
Shot 14:3726,
Shot 15:3735,
Shot 16:3753,3744,3807,
Shot 17:3861,3834,3888,3915,3870,3852,
Shot 18:3978,
Shot 19:4041,4059,4032,4050,
Shot 20:4104,4068,4185,4086,4158,4140,4131,4176,4077,4095,
Shot 21:4275,4392,4311,4356,4293,4365,4257,
Shot 22:4428,4464,4401,4473,4410,4455,4446,4419,4437,
Shot 23:4482,
Shot 24:4491,
