Shot 0:9,
Shot 1:54,
Shot 2:432,522,405,477,414,441,423,
Shot 3:945,702,567,882,765,828,801,927,
Shot 4:1017,990,963,981,1008,1044,999,1062,972,
Shot 5:1134,1143,1089,1116,
Shot 6:1242,1287,1170,1305,1260,1161,1224,1251,
Shot 7:1449,1350,1413,1368,1386,1404,1395,1377,1458,1440,
Shot 8:1494,1602,1593,1575,1557,1584,1530,1548,1476,1566,1485,1512,
Shot 9:1665,1629,1611,1620,1701,1647,1719,1638,1656,1692,1674,
Shot 10:1881,1782,1818,1728,1917,1755,1809,1764,1827,1746,1773,1836,1845,1872,1899,1854,1863,
Shot 11:2106,1989,2034,2052,2124,1935,2079,2007,1980,2025,2070,2088,2097,
Shot 12:2205,2232,2151,2178,2214,2223,2187,2160,2196,
Shot 13:2376,2421,2259,2241,2313,2412,2277,2295,2268,2403,2367,2331,2385,
Shot 14:2430,
Shot 15:2439,
Shot 16:2448,
Shot 17:2475,2457,2466,2484,
Shot 18:2493,2502,
Shot 19:2538,2511,2529,2547,2520,
Shot 20:2664,2565,2700,2583,2691,2682,2592,2556,2655,
Shot 21:2754,2709,2826,2736,2718,2853,2763,
Shot 22:2952,2970,2898,2979,2916,
Shot 23:3006,3078,3060,3069,3087,3015,3042,2988,3033,2997,
Shot 24:3222,3096,3105,3132,3303,3150,3285,3240,3177,3213,
Shot 25:3330,3348,3321,
Shot 26:3411,3447,3366,3384,3429,3393,
Shot 27:3474,3492,3483,3501,3465,
Shot 28:3510,
Shot 29:3573,3645,3519,3618,3627,3528,3537,3555,3582,3636,3564,
Shot 30:3699,3879,3762,3852,3843,3744,3672,3816,3708,3861,3663,3717,3654,3834,3753,3780,3798,3870,3735,3690,
Shot 31:3888,
