Shot 0:450,54,504,9,
Shot 1:666,900,540,612,927,594,
Shot 2:981,
Shot 3:1359,1287,1386,1422,1368,
Shot 4:1935,1449,1719,1692,1962,1917,
Shot 5:2592,2286,2133,2097,2214,2115,2250,2376,2349,2304,2160,2439,2835,2322,2196,2358,2709,2079,2052,2682,2763,2295,2178,2646,2628,2673,2430,2619,2574,
Shot 6:3321,3546,3177,3267,2853,3474,3357,2934,3294,3519,
Shot 7:3609,3780,3816,3843,3798,3789,3870,3861,3807,3717,3897,3834,3825,3735,3951,3852,
Shot 8:3969,
Shot 9:3987,3978,4005,3996,
Shot 10:4095,4131,4068,4041,4086,4149,
Shot 11:4158,
Shot 12:4527,4536,4509,4518,4545,
Shot 13:4563,4572,4554,
Shot 14:4581,4590,
Shot 15:4599,
Shot 16:4608,
Shot 17:5157,4626,5364,4824,5103,5004,4752,4842,5139,
Shot 18:5391,5400,5382,
