Shot 0:9,
Shot 1:45,297,279,162,324,81,36,
Shot 2:657,1161,1899,936,918,1962,1296,972,1674,981,1062,1989,1323,675,1656,1422,1917,1476,954,909,576,522,1026,1584,1683,864,963,1053,1269,603,1944,1809,558,639,1863,621,1035,1773,
Shot 3:2097,2061,2142,2088,2043,2007,2079,2016,2133,
Shot 4:2196,2160,2367,2205,2151,2385,2340,2232,
Shot 5:2565,2511,2394,2403,2421,2493,2538,2475,2547,2466,2592,2610,2520,
Shot 6:2799,2673,2844,2637,2727,2862,2736,2853,2772,2664,2709,2718,2817,2745,2808,
Shot 7:3042,3267,3348,3312,2961,2889,2880,3240,2907,3159,3429,3114,3069,3195,3330,3096,3150,2997,3483,3024,2898,3015,3204,3357,3006,
Shot 8:3501,3645,3627,
Shot 9:3798,4113,3699,3744,4104,4059,4086,3663,3681,4014,3735,3888,3654,3915,3753,4023,4068,3690,4041,3852,3780,4032,3897,3996,3717,3978,
Shot 10:4122,4230,4383,4266,4284,4365,4131,4257,
Shot 11:4491,4410,4401,4419,4392,4446,4437,4428,4464,4509,
Shot 12:4788,4554,5058,4779,4797,4824,4950,
Shot 13:5112,5139,5085,5103,5094,5121,
Shot 14:5157,
