Shot 0:225,315,135,351,36,216,
Shot 1:378,459,
Shot 2:477,504,
Shot 3:576,612,594,
Shot 4:720,657,756,747,684,783,
Shot 5:1143,1404,810,1683,1647,909,1341,999,1476,882,945,1764,1530,1044,1746,1026,1089,1116,1314,1278,1179,1233,
Shot 6:1809,1818,1782,1800,1791,
Shot 7:1980,1854,1836,2088,1953,1998,2025,1881,2106,1944,2097,2115,2007,2061,1908,1962,1926,2070,1917,1935,1899,2052,2016,1827,1989,1872,
Shot 8:2124,2142,
Shot 9:2151,
Shot 10:2259,2223,2160,2169,2214,2304,2277,2322,2187,2268,2196,2205,2250,2241,2178,
Shot 11:2331,
Shot 12:2385,2394,2403,
Shot 13:4005,2979,4707,2853,3492,4806,2952,3195,3222,2502,4347,3114,3312,4986,4104,3150,2610,4050,4194,4293,2430,4140,3753,2961,2421,2565,2520,4581,2700,4122,2412,4626,4518,2916,4554,4536,4734,4302,2448,2682,3618,4689,4932,4059,3510,2547,4950,4329,4635,3276,3771,2826,2934,2439,2637,2493,2574,3258,2898,3690,3825,3852,3087,3366,3888,3717,3933,3654,4032,3789,3582,
Shot 14:5004,5067,5049,5175,5058,5013,
Shot 15:5796,7002,6309,5391,5958,5319,6885,5580,6642,5400,6228,6732,6570,6120,6714,5616,5247,6138,6804,6930,6849,5454,6822,5688,5355,5526,5742,5850,5364,6588,6516,6651,5814,6498,5652,5553,5220,6534,6984,5571,6057,6615,5184,6903,6948,5823,6777,5337,6840,5274,6462,6336,6426,6282,
