Shot 0:9,
Shot 1:27,54,18,
Shot 2:63,
Shot 3:72,
Shot 4:81,90,
Shot 5:126,99,153,144,135,108,117,
Shot 6:162,
Shot 7:189,171,198,
Shot 8:207,
Shot 9:216,
Shot 10:243,225,234,
Shot 11:261,288,297,279,270,252,
Shot 12:315,333,306,
Shot 13:342,351,
Shot 14:360,
Shot 15:369,378,
Shot 16:432,387,450,459,441,405,414,
Shot 17:468,486,477,
Shot 18:639,567,603,549,648,612,702,540,495,585,576,594,684,522,621,630,558,693,504,531,657,513,675,666,
Shot 19:711,
Shot 20:873,801,720,819,846,837,747,756,738,729,810,828,855,774,783,792,864,
Shot 21:882,
Shot 22:927,891,909,900,918,
Shot 23:936,945,
Shot 24:954,963,
Shot 25:981,999,990,
Shot 26:1008,
Shot 27:1017,
Shot 28:1026,
Shot 29:1035,
Shot 30:1080,1062,1053,1044,1089,1071,
Shot 31:1098,
Shot 32:1134,1332,1341,1242,1359,1278,1107,1296,1116,1350,1287,1323,1125,1179,1314,1188,1143,1251,1215,1233,1305,1206,1260,
Shot 33:1404,1368,1449,1386,1377,1440,1431,1395,1422,1413,
Shot 34:1467,1503,1611,1575,1494,1512,1593,1485,1521,1548,1584,1476,1530,1602,1539,1458,
Shot 35:1665,1692,1683,1620,1647,1629,1638,1674,1656,
Shot 36:1728,1863,1908,1890,1872,1737,1881,1845,1782,1746,1836,1701,1809,1791,1764,1719,1917,1926,1854,
Shot 37:2016,2277,1935,2250,2286,2232,2079,2169,2124,2241,2097,2223,1971,2160,1953,2061,2052,1980,2196,2106,1944,2088,2268,2025,2214,2034,2115,2178,1998,2043,
Shot 38:2295,2304,
Shot 39:2313,
Shot 40:2322,2331,
Shot 41:2349,2385,2367,2340,2358,
Shot 42:2394,2403,
Shot 43:2421,2457,2439,2475,2484,2466,2412,2430,2448,
Shot 44:2547,2601,2511,2502,2538,2583,2556,2592,2529,2610,2574,2565,2520,
Shot 45:2628,2637,2619,2646,
Shot 46:2673,2655,2682,2691,
Shot 47:2781,2745,2700,2754,2736,2709,2763,2727,2799,2790,2772,
Shot 48:2871,2853,2835,2880,2889,2808,2844,
Shot 49:2916,2952,2970,2961,2979,2907,2925,2898,2934,2988,2943,
Shot 50:3015,3051,3078,2997,3033,3042,3060,3069,3087,3006,
Shot 51:3132,3114,3150,3123,3141,
Shot 52:3348,3438,3420,3159,3186,3429,3177,3213,3411,3456,3357,3447,3231,3204,3402,3258,3249,3339,3195,3393,3366,3285,3240,3168,3375,3330,3303,
Shot 53:3492,3465,3474,3510,3483,
Shot 54:3537,3582,3591,3708,3609,3681,3627,3645,3636,3555,3618,3654,3663,3672,3600,3564,3699,3528,3546,3519,
Shot 55:3717,
Shot 56:3735,3744,3726,
Shot 57:3753,
Shot 58:3798,3771,3825,3816,3780,3789,
Shot 59:3852,3834,3843,
Shot 60:3960,3888,3996,4005,4014,3978,3861,3942,3933,3870,3906,3915,3951,3924,3879,3969,3987,3897,
Shot 61:4122,4203,4428,4248,4401,4077,4284,4059,4320,4230,4194,4293,4392,4356,4311,4257,4086,4185,4032,4266,4239,4365,4212,4041,4302,4167,4095,4068,4176,4023,4149,4338,4050,
Shot 62:4437,4446,
Shot 63:4482,4455,4518,4491,4473,4500,4464,4527,
Shot 64:4536,
Shot 65:4545,
Shot 66:4554,
Shot 67:4563,
Shot 68:4581,
Shot 69:4608,4752,4707,4689,4653,4644,4716,4725,4770,4734,4680,4671,4761,4779,4599,4626,4743,4590,4617,
Shot 70:4815,4914,4887,4869,4905,4860,4896,4878,4788,4833,4842,4797,4806,
Shot 71:4986,5004,4941,5013,4977,4950,4968,4932,4959,4995,4923,
Shot 72:5022,
Shot 73:5040,
Shot 74:5049,5058,
Shot 75:5067,
Shot 76:5076,
Shot 77:5085,5121,
Shot 78:5148,5157,
