Shot 0:432,9,531,369,684,243,396,81,585,504,324,666,405,387,558,459,378,495,423,
Shot 1:720,747,774,819,801,702,729,756,
Shot 2:855,900,828,837,
Shot 3:954,1008,
Shot 4:1017,
Shot 5:1053,1125,1026,1098,1035,1107,1062,
Shot 6:1206,1251,1134,1296,1224,1278,1161,1233,1179,1305,1197,
Shot 7:1368,1476,1332,1404,1431,1350,
Shot 8:1539,1503,1593,1557,1584,1548,1485,1521,1602,1530,1566,1512,1575,
Shot 9:1611,1647,
Shot 10:1656,1755,2016,1836,1827,2070,1872,1800,1989,2043,1773,1899,1719,1971,1998,1737,1764,2025,1692,
Shot 11:2115,2079,2088,2142,2178,2196,2160,2106,2214,2124,
Shot 12:2304,2232,2340,2331,2286,
Shot 13:2349,2367,2376,2358,
Shot 14:2394,2421,2547,2457,2583,2502,2385,2520,2565,2529,2556,2574,2403,2439,
Shot 15:2637,2592,2601,2646,2655,2610,
Shot 16:2781,3051,2970,3321,3159,3312,2889,3258,3033,3087,2898,2862,3249,3042,3267,3069,2925,3276,3015,2673,3186,2844,3222,2754,3240,2682,2745,2799,2718,2772,2817,2835,
Shot 17:3357,3339,3366,3348,
Shot 18:3699,3771,3447,3825,3879,3537,3609,3519,3384,3501,3429,3483,3654,3852,3465,3681,3933,3969,3960,3717,3915,3987,3636,
Shot 19:4041,4086,4014,4059,4077,4032,
Shot 20:4176,4095,4230,4419,4455,4554,4302,4536,4239,4338,4113,4311,4401,4509,4158,4131,4437,4149,4356,4545,4320,4482,4104,4203,4527,
Shot 21:4644,4689,4581,4707,4590,4716,4671,4662,4626,4653,4635,4608,
Shot 22:4725,
Shot 23:4743,4797,4752,4779,4788,4734,4761,
Shot 24:4860,5913,5337,5202,5049,5004,5832,5256,5598,5022,5103,5013,5814,5616,4950,5688,5643,5283,5373,5382,5796,5229,4914,5418,5859,5625,5877,5472,5247,5706,4806,5769,4977,5076,5301,5454,5904,4842,5292,5184,5310,5067,4968,
Shot 25:5940,5958,5949,5931,
Shot 26:6354,6228,6147,6102,6399,6075,6057,6066,6282,5976,6318,6183,6129,6030,6093,6372,6255,6336,
Shot 27:6426,6435,6408,
Shot 28:6498,6552,6444,6543,
Shot 29:6597,6561,6579,6570,6615,
Shot 30:6957,6894,6831,7083,6930,6786,7011,6795,6903,6777,6813,7020,6993,6768,6660,6912,
Shot 31:7173,7119,7164,7200,
Shot 32:7218,
