Shot 0:270,36,450,18,9,108,351,126,396,135,216,225,234,378,243,342,369,99,
Shot 1:459,
Shot 2:468,
Shot 3:477,
Shot 4:486,
Shot 5:522,495,513,504,
Shot 6:531,
Shot 7:540,
Shot 8:549,558,567,
Shot 9:621,576,711,702,675,639,585,693,603,657,612,630,594,666,648,684,
Shot 10:774,729,783,738,720,756,747,
Shot 11:864,819,792,882,873,810,837,801,846,855,
Shot 12:891,900,
Shot 13:909,918,
Shot 14:927,
Shot 15:954,936,945,
Shot 16:1071,1008,1026,990,963,972,1044,1035,1062,981,999,1080,1089,
Shot 17:1098,1107,
Shot 18:1125,1179,1116,1170,1161,1143,1152,1134,
Shot 19:1188,1197,
Shot 20:1242,1224,1206,1233,1215,
Shot 21:1251,1413,1332,1386,1323,1422,1305,1350,1260,1377,1395,1404,1341,1314,1359,1287,1269,1296,1368,1278,
Shot 22:1467,1458,1440,1431,1449,
Shot 23:1647,1683,1566,1665,1476,1494,1512,1719,1611,1575,1485,1593,1692,1503,1521,1602,1620,1539,1701,1656,1728,1638,1674,1557,1530,1629,1548,1710,1584,
Shot 24:1854,1890,1755,1899,1764,1782,1845,1791,1737,1863,1818,1773,1881,1872,1836,1809,1800,1827,
Shot 25:1908,
Shot 26:1917,1926,
Shot 27:1944,1953,
Shot 28:1971,1962,1989,1980,
Shot 29:2088,1998,2142,2043,2052,2034,2124,2007,2061,2115,2016,2025,2070,2133,2079,
Shot 30:2151,2160,
Shot 31:2169,2187,
Shot 32:2196,2205,
Shot 33:2223,2241,2232,2214,
Shot 34:2250,
Shot 35:2304,2259,2367,2286,2376,2268,2349,2322,2295,2358,2331,2277,2340,2313,
Shot 36:2385,2394,
Shot 37:2421,2439,2448,2403,2412,2430,
Shot 38:2790,2466,2907,2871,2574,2943,2502,2925,2628,2493,2961,2511,2601,2853,2457,2844,2538,2655,2772,2475,2547,2484,2934,2952,2709,2745,2691,2880,2826,2862,2619,2727,2835,2592,2682,2664,2889,2565,2637,2529,2610,2583,2718,2781,2736,2700,2754,2817,2808,2763,2799,2673,2916,2898,
Shot 39:2988,2970,3006,2979,3015,
