Shot 0:9,144,72,
Shot 1:171,153,198,162,180,189,
Shot 2:225,216,288,333,234,252,270,342,279,261,243,207,
Shot 3:378,441,351,450,459,423,387,414,396,432,405,360,369,
Shot 4:477,486,
Shot 5:504,513,495,
Shot 6:522,531,
Shot 7:567,540,594,603,549,558,576,612,585,
Shot 8:621,
Shot 9:630,639,
Shot 10:657,729,702,648,684,711,693,675,666,720,
Shot 11:909,828,738,837,810,954,981,846,864,882,918,873,945,
Shot 12:1116,1170,1152,990,1017,1026,1062,1080,1098,1089,1143,1125,1008,1044,1161,1107,1179,999,1134,
Shot 13:1224,1188,1314,
Shot 14:1332,1341,1350,
Shot 15:1359,1449,1368,1404,1440,1377,1386,1395,
Shot 16:1458,1485,
Shot 17:1620,1494,1593,1611,
Shot 18:1656,1638,1647,1665,
