Shot 0:378,27,162,1035,9,756,99,1116,837,441,504,351,135,585,54,1098,540,675,477,657,900,630,558,306,1008,261,693,531,234,198,
Shot 1:1143,1179,1170,1161,1134,1152,
Shot 2:1188,1206,
Shot 3:1251,1260,1224,1233,1242,
Shot 4:1278,1305,1287,1296,1269,
Shot 5:1332,1350,1314,1341,
Shot 6:1377,1359,1395,1368,
Shot 7:1422,1413,1431,
Shot 8:1449,1458,
Shot 9:1467,1485,
Shot 10:1503,1512,
Shot 11:1548,1521,1539,1530,
Shot 12:1584,1557,1566,1602,1575,1593,
Shot 13:1629,1638,1674,1611,1656,1620,
Shot 14:1683,
Shot 15:1755,1737,1746,
Shot 16:3339,2331,3888,1809,4059,1800,3915,1881,2034,3663,2178,4041,2637,1764,1962,3582,2574,3474,3177,3870,1863,3546,2313,2547,3798,2844,3879,2205,2268,4284,3411,3042,3402,1782,3492,3744,3654,2664,3987,1899,3960,1989,2970,2583,4086,4113,3069,3123,2466,3690,3753,3933,3456,2304,2439,2250,2169,3393,2052,2610,2862,1791,2286,2718,1935,3105,3240,3285,2925,1854,3204,2502,3375,3141,3006,
Shot 17:4365,4419,4509,4410,4401,4338,4356,4302,4428,
Shot 18:4635,4842,4689,4932,4599,4923,4743,4887,4707,4716,4752,4671,4545,4905,4797,4572,
Shot 19:5076,5013,4968,5085,5166,5004,5202,5148,5040,5184,
Shot 20:5472,5310,5409,
Shot 21:5886,6354,5787,6084,5724,6183,5661,6237,5994,5940,5598,5850,6255,5634,5688,5922,6156,6201,6003,5967,6129,5814,5490,5769,6336,5877,6282,6048,6174,6300,6102,
