Shot 0:54,72,63,9,
Shot 1:90,81,108,
Shot 2:189,360,774,279,621,414,306,738,549,756,495,342,765,459,252,522,702,288,378,585,270,180,216,
Shot 3:909,1143,828,936,1035,972,810,783,1089,864,882,1116,801,1008,891,1170,900,792,1044,990,918,
Shot 4:1188,1233,1251,1224,1206,1242,1179,1215,1197,
Shot 5:1431,1548,1260,1368,1440,1395,1557,1467,1566,1314,1422,1413,1449,
Shot 6:1584,1593,
Shot 7:1602,1638,
Shot 8:1710,1737,1701,1719,1683,1692,1728,
Shot 9:1800,1953,
Shot 10:1980,2016,1998,1962,2070,2007,1989,2034,1971,
Shot 11:2178,2457,2367,2484,2502,2376,2421,2385,2349,2439,2304,2592,2394,2250,2430,2412,2520,2331,2277,2142,2340,2223,2079,
Shot 12:2790,2799,2772,2754,2781,2763,
Shot 13:2853,2952,2889,2808,
Shot 14:2997,
Shot 15:3312,3042,3267,
Shot 16:3384,3510,3501,3474,
Shot 17:3519,3528,
Shot 18:3546,3564,3537,3555,
Shot 19:3807,3609,3573,3726,
Shot 20:3861,
Shot 21:3906,4059,4185,4050,4221,4041,4068,4023,4347,4383,
Shot 22:4401,4437,4455,4410,
Shot 23:4545,4464,4626,
Shot 24:4968,4689,4662,4959,4896,4887,4725,4905,4986,4914,4671,4653,4977,4815,4923,4680,4950,
Shot 25:4995,
Shot 26:5004,
Shot 27:5112,5013,5256,5157,
Shot 28:5436,5283,5454,5292,5301,5445,
Shot 29:5481,5472,5463,
Shot 30:5571,5643,5616,5598,5589,5490,5607,5625,5553,5580,
Shot 31:5652,5670,5724,5706,5679,5661,
Shot 32:6021,5769,6237,6246,5877,6264,5742,6165,5787,5814,6255,5841,5931,6075,6210,5958,5985,6102,
Shot 33:6282,6291,6300,6273,
Shot 34:6417,6705,6696,6372,6309,6354,6345,6435,
Shot 35:6813,6876,6714,6741,6840,6723,6759,6831,6795,6849,6804,6732,6750,6867,6822,6912,
