Shot 0:234,531,414,477,396,450,423,378,297,9,243,
Shot 1:585,594,
Shot 2:639,603,621,612,630,
Shot 3:657,693,675,648,
Shot 4:738,711,792,
Shot 5:990,1296,1089,1062,819,1305,1260,1143,1035,963,1044,1125,918,1080,900,864,1287,1017,927,837,1071,972,1107,
Shot 6:1548,1359,2169,1899,1314,1332,1620,1377,1728,1692,1440,1476,1602,1611,2151,1386,1368,1341,1395,1413,1350,1593,1656,1458,2025,1638,1323,2043,1980,1854,1485,1467,1521,1818,1836,2196,2133,1566,1494,1881,2142,
Shot 7:2340,2439,2502,2421,2403,2313,2466,2367,2475,2268,2376,2448,2493,2331,
Shot 8:2574,2700,2538,2520,2592,2619,2547,2673,2583,2565,
Shot 9:2772,2745,2808,2727,2754,2790,2763,2817,
Shot 10:2835,
Shot 11:2970,3195,3258,3222,3159,3060,3123,3231,3096,3141,2898,3006,3033,3240,3177,2916,2952,
Shot 12:3357,3402,3267,3312,3294,3285,3276,3330,3384,3366,3339,3348,3393,
Shot 13:3420,3465,3438,
Shot 14:3474,3546,3528,3492,
Shot 15:3690,3555,3627,3654,3609,3672,3708,
Shot 16:3726,
Shot 17:3735,
Shot 18:3762,3834,3753,3807,
Shot 19:3870,3960,3852,3906,
Shot 20:3978,4023,
Shot 21:4059,4041,4068,4050,
Shot 22:4140,4167,4086,4149,4122,4104,4095,4077,
Shot 23:4401,4302,4266,4185,4419,4356,4284,4455,4428,4320,4203,4374,4410,
Shot 24:4464,4482,4473,
Shot 25:4491,
