Shot 0:216,9,162,180,27,189,171,198,225,207,252,
Shot 1:1116,1161,1224,1170,954,1134,1179,900,972,1080,1008,1188,
Shot 2:1377,1350,1395,1368,1404,1386,
Shot 3:1836,1530,2106,1431,1611,1602,2097,1620,1656,1485,1521,1458,1584,1629,1557,1422,1512,1467,1440,1575,1827,1845,
Shot 4:2115,2124,
Shot 5:2187,2160,2142,2178,
Shot 6:2340,2223,2196,2205,2304,2268,2214,2232,2376,2313,2367,2358,2322,
Shot 7:2394,2430,2421,2403,2385,
Shot 8:2448,2439,2457,
Shot 9:2547,2475,2502,2484,2520,2529,2538,2565,
Shot 10:2628,2619,2583,2637,
Shot 11:2655,2673,2664,2646,
Shot 12:2700,2682,2691,2709,
Shot 13:2799,2718,2736,2754,2835,2727,2781,2745,2826,2808,
Shot 14:2862,2907,2889,2898,2844,
Shot 15:2925,3033,2979,2916,2943,
Shot 16:3681,3042,3528,
Shot 17:3735,
Shot 18:3744,3798,3843,3753,
Shot 19:3852,
Shot 20:4122,4230,3861,4221,4212,4086,4158,4185,4203,4167,4149,4104,
Shot 21:4338,4365,4284,4257,4356,
Shot 22:4464,4437,4383,4410,4428,4392,4482,4455,
Shot 23:4608,4527,4545,4509,4869,4824,4779,4815,4833,4518,4500,4797,4554,4788,4752,4563,4743,4536,4653,4725,4707,4698,4671,4572,4617,
Shot 24:4941,4905,4923,4878,
Shot 25:4959,4977,
Shot 26:4995,
Shot 27:5121,
