Shot 0:810,1602,1548,1341,1521,1494,1053,1629,1071,1467,1926,1593,1062,2457,1845,216,909,2169,603,1170,2313,1260,630,1080,1539,369,1557,63,2529,1269,1512,945,342,2178,2493,1458,306,1017,2205,1989,2475,378,9,1728,1323,882,1242,2322,2385,1917,1854,1386,594,2466,2547,954,2097,1431,2511,639,315,1278,2034,1332,963,162,2214,1737,1647,1026,918,72,1935,1881,1485,1962,1098,1413,2394,1035,1575,1359,1089,2223,2061,2106,2367,2403,1107,171,2115,2538,1620,
Shot 1:2574,2592,
Shot 2:3060,3393,2682,2961,3438,3321,2826,2601,3402,2952,2610,2853,2871,2673,2898,3042,2835,3330,2907,2691,3051,3339,
Shot 3:3447,
Shot 4:3456,
Shot 5:3465,
Shot 6:3474,3483,
Shot 7:4401,4419,4446,4383,4572,4581,4590,4014,4464,4437,
Shot 8:4941,4950,4896,4905,4932,
Shot 9:4959,
Shot 10:4968,
Shot 11:5013,5031,4986,5004,4977,5022,
Shot 12:5049,5121,5040,
Shot 13:5139,5130,5148,
Shot 14:5301,5418,5292,5409,5283,
