Shot 0:171,243,9,207,153,189,45,
Shot 1:315,288,306,
Shot 2:504,351,594,648,585,414,
Shot 3:1323,819,1296,729,972,846,1116,1305,864,1170,1314,
Shot 4:1422,1647,1476,1575,1449,
Shot 5:1692,1755,
Shot 6:2421,2475,2358,2709,2682,2457,2376,2592,
Shot 7:3474,3429,2889,3357,3114,3312,3564,
Shot 8:3708,3609,3726,3627,3663,3690,
Shot 9:3762,3789,3843,3735,3798,3771,3861,3807,
Shot 10:4608,4581,3987,4167,3906,4338,4518,4068,4383,4131,4635,3879,4545,4365,3870,4536,3951,4203,4104,4050,4500,4176,4428,4284,4626,4572,4554,4320,3933,4086,4473,
Shot 11:4851,4941,4995,4806,4743,4644,
Shot 12:5094,5346,5256,5148,5193,
Shot 13:5373,5436,
