Shot 0:540,423,306,504,396,459,432,477,414,9,252,
Shot 1:612,621,594,603,
Shot 2:648,729,693,657,702,630,666,639,
Shot 3:1017,738,1035,819,936,990,855,909,837,756,918,
Shot 4:1116,1143,1305,1080,1044,1260,1296,1071,1098,1134,
Shot 5:2574,1476,1314,2052,2817,1422,1908,1629,1665,1332,1602,1350,1548,1386,1611,2178,2736,1737,1449,2529,1368,2700,1503,1710,1323,1683,2142,2835,1377,1341,2781,1467,1395,2763,1494,2718,2322,1359,2430,2601,2403,2466,1620,1863,2754,2475,2511,2268,1530,1980,2025,2385,2160,2547,1854,2439,2799,1413,1827,2214,2367,2484,1431,1485,1935,2745,2520,2448,2628,1890,2772,2592,2673,2583,2349,2556,2502,
Shot 6:2844,
Shot 7:3015,3249,2898,3195,3123,3231,3159,2925,3141,3186,3069,3096,2979,3258,3042,2961,
Shot 8:3330,3285,3411,3303,3375,3312,3276,3321,3267,3294,3348,3402,3357,3384,3339,
Shot 9:3429,3465,
Shot 10:3537,3492,3555,3519,3474,
Shot 11:3699,3600,3735,3564,3654,3618,3690,3717,
Shot 12:3744,
Shot 13:3816,3987,3870,3906,3843,3879,3924,3762,
Shot 14:4050,4059,4041,
Shot 15:4113,4077,4167,4149,4095,4185,4140,4068,4086,4104,
Shot 16:4284,4320,4374,4203,4356,4266,4302,
Shot 17:4428,4410,4419,
