Shot 0:441,9,405,342,360,324,387,351,369,252,207,
Shot 1:486,495,
Shot 2:522,513,504,531,
Shot 3:549,576,540,
Shot 4:603,684,585,630,612,
Shot 5:945,1134,1197,1233,1440,1152,1350,1170,1341,1404,1071,1107,873,1098,1269,1116,1332,810,1161,1125,1143,1368,891,1215,954,1089,846,1251,864,729,1053,1188,1287,1224,1080,900,909,792,1242,1521,702,756,828,1035,1179,990,927,
Shot 6:2142,1584,1809,2007,2097,2025,1782,1971,1890,2043,1800,2232,1683,1845,2106,2160,2205,2088,1710,1548,2061,1539,1944,2034,1980,1935,1791,2187,2070,1566,1953,2124,2151,
Shot 7:2304,2331,2358,2259,2286,2277,2349,2295,2313,
Shot 8:2367,
Shot 9:2628,2583,2700,2682,2655,2412,2601,2673,2511,2547,2574,2475,2646,2610,2619,2439,
Shot 10:2799,2736,2853,2718,2745,2754,2727,2772,2826,2844,2781,2817,2808,2790,
Shot 11:2871,2889,
Shot 12:2943,2898,2907,2934,
Shot 13:3096,2997,2961,3024,3051,3078,
Shot 14:3114,
Shot 15:3132,3186,3123,3141,
Shot 16:3231,3204,3267,3222,3249,
Shot 17:3321,
Shot 18:3366,3375,
Shot 19:3402,3393,3384,3411,
Shot 20:3420,3456,3429,
Shot 21:3537,3492,3564,3474,
Shot 22:3681,3582,3600,3645,3699,3672,3690,
Shot 23:3726,3717,3735,
Shot 24:3744,
