Shot 0:702,261,27,144,765,477,54,837,1035,540,1116,9,351,1098,594,630,504,675,450,306,981,99,171,387,657,252,549,
Shot 1:1134,1143,
Shot 2:1152,
Shot 3:1170,1161,1179,
Shot 4:1260,1197,1224,1233,1206,1188,1287,1278,1296,1269,1242,1215,
Shot 5:1332,1314,1305,1323,
Shot 6:1341,1350,
Shot 7:1377,1359,1368,1413,1395,
Shot 8:1431,1449,1422,
Shot 9:1458,
Shot 10:1476,1467,1485,
Shot 11:1503,1512,
Shot 12:1539,1530,1521,1548,
Shot 13:1584,1611,1557,1566,1620,1575,1593,
Shot 14:1629,
Shot 15:1638,1665,1683,1674,1656,
Shot 16:1692,
Shot 17:1746,1737,1764,
Shot 18:3375,2664,3699,4113,2583,2043,2565,2259,4095,1773,3915,3636,3069,3987,4041,2619,3663,3969,2313,1971,3447,3186,3600,2439,3888,3411,3474,3492,3798,1809,1863,4284,4059,3546,1881,3762,3690,2475,3933,3123,1989,2853,3420,2871,2547,2187,2268,2061,2304,2502,2340,1782,2970,2205,1908,2286,1926,2448,3204,1935,2718,3105,3393,3285,3249,2943,3042,3015,3339,3141,
Shot 19:4401,4419,4518,4428,4410,4365,4356,4311,4338,
Shot 20:4572,4545,4698,4950,4887,4815,4932,4599,4725,4743,4671,4914,4752,4707,4635,
Shot 21:4968,4986,
Shot 22:5148,5310,5472,5769,5607,5409,5535,5166,5184,5004,5688,5202,5553,5040,5661,5490,5256,5580,5733,5094,5643,
Shot 23:5814,6003,5940,5886,5823,5850,5976,5994,6048,5787,
Shot 24:6264,6300,6336,6183,6237,6084,6201,6120,6138,6282,6165,6255,6363,
