Shot 0:9,
Shot 1:36,18,90,144,135,63,54,72,27,
Shot 2:261,279,243,189,297,162,153,171,
Shot 3:360,324,414,
Shot 4:441,
Shot 5:450,459,
Shot 6:477,504,468,495,
Shot 7:684,531,549,513,585,540,558,639,567,648,675,
Shot 8:846,720,738,729,747,783,1080,1170,774,756,981,1062,1215,792,945,765,1197,1017,909,1107,900,1089,1071,954,1188,999,1053,963,1179,918,1044,927,1098,1206,810,1134,972,936,990,882,828,1026,837,1161,1035,873,1008,864,1152,855,
Shot 9:1242,1233,1224,
Shot 10:1260,1296,1278,1269,1251,1287,
Shot 11:1305,
Shot 12:1314,
Shot 13:1359,1323,1332,1341,1377,1386,1350,1368,
Shot 14:1413,1512,1494,1503,1485,1395,1458,1404,1467,1422,1449,1476,1431,
Shot 15:1521,1530,
Shot 16:1548,1557,1539,
Shot 17:1602,1566,1620,1584,1611,
Shot 18:1638,1710,1665,1674,1683,1692,1656,1647,1629,
Shot 19:1719,1728,
Shot 20:1737,
Shot 21:1755,1746,1764,
Shot 22:1791,1809,1836,1827,1773,1800,1818,1782,
Shot 23:1854,1845,1863,1872,
