Shot 0:90,9,135,45,
Shot 1:486,702,198,675,684,693,666,387,657,378,549,468,
Shot 2:747,900,711,972,846,720,783,855,729,774,801,864,
Shot 3:1179,1035,1125,981,1368,1143,1134,1278,1251,1062,990,1161,1260,1215,1170,1197,
Shot 4:1386,1377,1395,
Shot 5:1413,1521,
Shot 6:1989,2484,2493,2043,2052,2385,1890,1917,1773,1665,1962,2070,2322,1845,
Shot 7:2754,2628,3366,2889,2691,2520,2565,2934,2502,2817,2538,2673,2511,2664,2952,2682,2556,2619,2898,2880,2529,2583,2925,2547,2943,2961,2646,2871,2709,2853,2574,2799,2826,2916,2637,2655,2718,2835,2862,3114,2592,2907,2727,3024,2844,2700,2736,2790,2745,2772,3429,2970,
Shot 8:3528,3600,3555,3510,3573,3519,3537,
Shot 9:3618,
Shot 10:3627,3762,3735,3717,3753,3744,3708,3726,3690,3672,
Shot 11:3780,3825,3771,3798,3807,3816,3789,
Shot 12:3843,3861,3852,3834,
Shot 13:3879,3870,3888,
Shot 14:3969,3906,3924,3987,3960,
Shot 15:4131,4023,4077,4158,4167,4239,
Shot 16:4248,4257,
Shot 17:4266,
Shot 18:4275,4284,
Shot 19:4302,4365,4293,
Shot 20:4437,4374,4626,4509,
Shot 21:4716,4725,
Shot 22:4743,4770,4734,
