Shot 0:171,153,9,162,
Shot 1:468,477,216,
Shot 2:486,495,
Shot 3:576,882,702,729,657,1053,639,675,756,936,648,846,1008,819,567,612,
Shot 4:1080,1197,1107,1377,1161,1170,1251,1188,1332,1071,1350,1089,
Shot 5:1404,1431,1440,1422,1413,
Shot 6:1602,1530,1458,1449,1710,1719,1638,1467,1584,1629,1611,
Shot 7:1737,
Shot 8:1791,1845,1827,1836,1755,
Shot 9:1854,1863,
Shot 10:2043,
Shot 11:2115,2097,2070,2088,2079,2052,2142,2061,
Shot 12:2214,2403,2412,2493,2457,2475,2529,2394,2286,2340,2421,2439,2583,2502,2376,2151,
Shot 13:2808,2736,2745,2718,2844,2754,
Shot 14:3339,2889,2952,3240,3357,
Shot 15:3384,3375,3366,
Shot 16:5391,4086,4329,4572,5625,4554,4824,5094,4140,3915,4500,3789,5076,5112,4950,4311,4518,3942,5202,5139,4320,3654,5166,4581,4095,4356,4293,4590,4833,3528,5067,4752,4302,4041,4563,3393,4842,5103,5265,5184,5445,5220,5148,5247,3816,4689,4221,3600,5571,3771,4599,3681,3798,5049,5301,5013,5130,
Shot 17:5634,5643,
Shot 18:6102,5994,5679,6165,5670,6075,5661,6129,5787,5652,6093,6138,6120,6111,5706,6147,
