Shot 0:90,54,36,243,495,9,387,18,342,225,72,252,198,135,
Shot 1:576,
Shot 2:585,
Shot 3:621,603,612,594,639,630,
Shot 4:648,
Shot 5:657,
Shot 6:666,
Shot 7:675,684,
Shot 8:693,
Shot 9:711,720,
Shot 10:747,729,738,
Shot 11:756,
Shot 12:765,774,
Shot 13:783,
Shot 14:792,810,801,
Shot 15:828,837,819,
Shot 16:1575,1332,1539,1107,1593,882,1494,873,990,1323,1431,846,1260,1098,1026,954,1251,1152,891,1440,1161,1566,1035,1692,972,1530,1548,1611,1629,1512,1476,1647,1683,1467,
Shot 17:1701,
Shot 18:2709,3123,2340,2475,2898,2412,2664,2997,1908,2322,2232,3096,3051,3159,2205,2484,1710,3087,2367,2493,2025,3150,2376,2214,1782,2601,2808,3177,2385,2970,2160,1980,1953,2448,1854,1755,3132,3105,2457,2466,2916,2304,2835,1746,3069,2187,1845,2178,2529,2934,2007,1737,1962,2502,2826,2988,3186,2979,2952,2277,2610,2295,
