Shot 0:9,
Shot 1:18,
Shot 2:63,
Shot 3:90,
Shot 4:126,
Shot 5:162,
Shot 6:171,216,198,
Shot 7:405,360,306,270,288,378,252,351,
Shot 8:423,
Shot 9:594,648,513,720,711,630,603,540,675,549,486,522,693,576,
Shot 10:738,837,828,774,792,810,909,873,729,846,783,882,891,855,765,
Shot 11:927,936,
Shot 12:954,963,
Shot 13:1017,1044,1035,1062,972,1026,981,1053,999,
Shot 14:1116,1206,1080,1179,1188,1071,1089,1197,1098,1125,
Shot 15:1215,
Shot 16:1287,1224,1260,
Shot 17:1980,1314,1548,1530,1845,1512,1395,1521,1341,1962,1656,1620,1386,1323,1494,1467,1746,1944,1305,1872,1332,1350,1890,1539,1908,1404,1863,1701,1881,1359,1827,1989,1368,1692,1998,1971,1854,1719,1710,
Shot 18:2079,2115,2106,2097,2052,
Shot 19:2241,2565,2556,2340,2547,2349,2421,2223,2250,2475,2124,
Shot 20:2655,2709,2601,2691,2583,
Shot 21:2718,
Shot 22:3339,3465,3573,2988,3429,3681,2754,2835,3186,2970,2880,2889,2952,2727,3474,3600,2997,2763,2853,2979,
Shot 23:3726,3699,3690,3708,3753,
Shot 24:3771,
Shot 25:3870,3807,3834,3861,3879,
Shot 26:3897,
Shot 27:3915,3942,
Shot 28:3951,3969,
Shot 29:4077,4149,4167,4131,4203,4140,4158,4176,4005,4122,4041,4104,
Shot 30:4257,4239,4248,4221,4212,
Shot 31:4311,4266,4302,
Shot 32:4320,
Shot 33:4374,4383,
Shot 34:4410,4428,4392,4419,4401,
Shot 35:4482,4437,4446,
Shot 36:4518,4527,
Shot 37:4536,
Shot 38:4554,4599,
Shot 39:4617,4626,
Shot 40:4689,4635,4698,
Shot 41:4716,4752,4779,4743,
Shot 42:4914,4815,4869,4887,4905,4896,
Shot 43:4932,4950,4923,4941,
Shot 44:5373,5643,5031,5517,4959,5688,5058,5472,5553,4986,5076,5535,5211,5760,5958,5868,5292,5724,5337,5994,5508,5463,5184,5112,5229,5301,5220,5202,5166,
Shot 45:6084,6282,6192,6048,6174,6057,6156,6120,6066,6129,6219,6300,
Shot 46:6408,6363,6381,6372,6390,6354,6435,6399,6417,
Shot 47:6561,6660,6678,6462,6624,6642,6534,
Shot 48:6705,6687,6750,6840,6804,6696,6831,6822,6732,
Shot 49:6858,6849,6867,
Shot 50:6876,6885,
Shot 51:6912,6939,6903,
Shot 52:6966,7146,6975,7128,7074,6993,7101,7002,7038,7029,7056,
Shot 53:7164,
Shot 54:7263,7299,7317,7326,7308,7245,
Shot 55:7362,7551,7515,7416,7542,7560,7461,7398,7335,7380,
Shot 56:7587,7569,7578,7596,
Shot 57:7614,7677,
Shot 58:7776,
Shot 59:7848,7902,7785,
Shot 60:7947,7938,8100,7911,7992,
Shot 61:8163,8118,8181,8154,8127,
Shot 62:8631,8757,8226,8721,8253,8775,8235,8262,8271,8307,8748,8370,8613,8298,8316,8622,8559,8649,8766,
