Shot 0:36,765,324,585,297,315,306,252,162,207,117,9,243,18,27,
Shot 1:792,882,774,873,783,
Shot 2:1206,2160,2358,1656,2331,1809,900,1521,2340,2016,1512,1062,1530,2502,1179,1746,2007,891,2034,1503,1926,2349,2097,1773,2178,1602,1368,1710,1188,2367,1197,
Shot 3:2565,2511,2520,2682,2529,2637,2601,
Shot 4:2808,2727,2952,2736,2889,2745,2862,2916,2781,2835,2763,
Shot 5:2979,
Shot 6:3006,2988,3258,3132,2997,3186,3078,
Shot 7:3474,3375,3564,3393,3429,3510,3456,3492,
Shot 8:3681,3861,3573,3771,3762,3582,3753,3780,3726,3591,3645,3699,
Shot 9:3996,3978,3987,4005,
Shot 10:4374,4149,4131,4257,4266,4437,4140,4275,4239,4284,4203,4410,4347,4167,
Shot 11:4518,4527,4455,
Shot 12:4581,4536,4617,4545,4608,
Shot 13:4626,4635,
Shot 14:5166,4734,5040,4716,4896,5220,5103,4725,4914,5112,4851,4923,4788,4815,4950,4761,4986,5211,5121,5193,5139,
Shot 15:5562,5229,5481,5391,5490,5472,5238,5643,5499,5607,5283,5580,5544,5445,
Shot 16:5688,5697,
Shot 17:6309,5805,6003,6039,6030,5814,6318,6120,6048,5823,6021,6183,5832,6300,
Shot 18:6390,6327,6471,6336,6426,6354,
