Shot 0:54,9,135,108,18,81,126,36,
Shot 1:153,162,
Shot 2:216,
Shot 3:234,
Shot 4:261,315,306,279,297,324,288,243,
Shot 5:342,378,369,387,360,396,351,333,
Shot 6:522,441,576,405,432,414,549,423,495,558,477,513,
Shot 7:603,
Shot 8:1062,612,1035,1080,1053,1071,
Shot 9:1116,1224,1233,1251,1188,1206,1134,1152,1215,1107,1242,1125,1098,1179,1260,
Shot 10:1269,
Shot 11:1332,1386,1287,1494,1521,1404,1296,1431,1305,1377,1359,1458,1314,1341,
Shot 12:1800,2475,1548,2214,2700,2412,1575,2097,2736,2619,1566,2997,2556,3087,2970,3096,2367,2187,3051,1917,2799,1557,1539,2421,2979,2115,1584,1908,1827,1935,1728,2934,2916,1602,3033,2817,2241,1791,1638,2169,3006,1782,3078,1809,1647,1863,1773,3042,1881,1593,1818,2340,
Shot 13:3186,3294,3321,3123,3285,3231,3141,3150,3168,3195,
Shot 14:3825,3969,3744,3636,3960,3942,3762,3645,3690,3618,3897,3600,3663,3924,3726,3402,3699,3888,3771,3654,3672,3717,3555,3933,3807,3708,3735,3915,3492,3573,
Shot 15:3978,3987,
Shot 16:5337,5256,4572,5382,4716,5211,5472,4131,4482,5418,4887,4509,5400,4680,4428,5364,4329,5040,4644,4059,4005,4104,4086,4383,4167,5238,5373,4464,5229,4689,4635,4032,4122,4230,5409,4914,4041,4878,5193,3996,4518,5247,5436,5310,4734,4896,4140,5355,5274,4653,4446,4356,4626,4824,4437,5445,4761,5103,5427,4500,4068,5175,4554,4113,5292,4455,4347,4599,4095,5319,4986,4743,4707,4788,4617,5283,5301,4365,4320,5463,5157,5346,4392,5328,4779,
Shot 17:5535,5733,5481,
