Shot 0:9,
Shot 1:18,
Shot 2:45,54,27,
Shot 3:63,
Shot 4:72,
Shot 5:81,
Shot 6:198,108,90,216,189,
Shot 7:261,270,
Shot 8:279,
Shot 9:288,
Shot 10:828,387,1431,1674,927,441,333,891,1269,1782,351,369,630,1818,486,945,1242,1512,756,1386,648,297,1683,612,468,603,1638,909,315,1116,1035,1566,711,1170,1476,450,621,1746,657,693,639,783,504,1791,972,495,1278,684,1314,792,1044,1755,459,477,819,
Shot 11:1944,2016,1881,2133,2250,2097,1971,2043,1953,1935,
Shot 12:2493,3204,3708,3141,2880,3285,4752,3321,3429,3231,3582,4338,2664,3573,3069,4212,4113,4725,4257,3789,3627,3123,3681,2394,4698,4644,2799,3357,4185,3744,3933,3150,4320,3384,4059,2412,2286,4599,2592,3735,4365,2457,3348,2934,2295,2790,2736,3546,3195,3402,3375,4743,3537,3438,4545,3330,2610,2727,2574,4608,4176,4122,2466,3393,4554,4068,3447,4230,3303,2502,
Shot 13:4761,4770,
Shot 14:4851,4932,4905,4896,4779,4869,4878,4833,4824,4923,4842,4860,
Shot 15:4941,
Shot 16:4950,4959,
Shot 17:4968,
Shot 18:4977,
Shot 19:4986,4995,
Shot 20:5013,5031,5004,5022,
Shot 21:5040,
Shot 22:5049,5058,
Shot 23:5094,5103,5085,
Shot 24:5112,
Shot 25:5121,
Shot 26:5130,
Shot 27:5139,5157,5148,
Shot 28:5472,5877,5337,5778,5274,5733,5616,5634,5841,5706,5859,5643,5760,5895,5319,5184,5670,5796,5202,5166,5715,5652,5751,5661,5445,5697,5508,5364,5328,5805,5589,5175,5517,5742,5526,5265,5769,5463,5481,5490,5724,
Shot 29:6039,6066,6048,5922,6021,
Shot 30:6093,6210,6165,
