Shot 0:81,9,45,144,
Shot 1:243,
Shot 2:252,
Shot 3:288,
Shot 4:333,432,450,441,378,396,423,324,369,351,
Shot 5:531,477,540,549,468,513,459,
Shot 6:558,576,
Shot 7:594,621,657,585,612,
Shot 8:738,666,702,693,675,720,
Shot 9:783,801,756,819,810,765,792,
Shot 10:828,837,
Shot 11:846,
Shot 12:891,1098,918,972,1071,927,990,1080,945,1134,855,1143,1017,1089,882,936,900,
Shot 13:1179,
Shot 14:1188,
Shot 15:1197,
Shot 16:1224,1386,1206,1296,1377,1305,1242,1323,1269,1278,1215,1260,1251,1233,1287,
Shot 17:1395,
Shot 18:1449,1521,1503,1467,
Shot 19:1530,
Shot 20:1575,
Shot 21:1683,
Shot 22:1773,1782,
Shot 23:1872,1845,1917,1890,1836,1899,1863,1827,1854,1881,
Shot 24:1953,1980,1935,1944,1971,1962,
Shot 25:2277,2322,2232,2025,2133,2223,2331,2088,2007,1989,2367,2070,2178,2187,2403,2286,2016,2250,1998,2295,2313,2241,2205,
Shot 26:2637,2727,2592,2439,2574,2511,2538,2691,2547,2475,2655,2556,2664,
Shot 27:2736,
Shot 28:2745,2754,
Shot 29:2790,2763,2772,
Shot 30:2844,2871,2880,2862,2799,2817,2835,2853,
Shot 31:2889,2898,
Shot 32:2907,
Shot 33:2916,2979,3231,3006,3087,3195,3024,3132,3168,3060,2970,3069,3213,2988,3042,3186,3096,3078,3204,2943,3177,3240,3015,
Shot 34:3249,
Shot 35:3330,3285,3339,
Shot 36:3348,
Shot 37:3600,3537,3411,3645,3447,3438,3501,3384,3546,3519,3609,3555,3393,3366,3636,3582,3528,3591,3402,3627,3618,3357,3510,3420,
Shot 38:3654,
Shot 39:3672,3681,
Shot 40:3690,
Shot 41:3960,3780,3726,3888,3834,3951,3825,3843,3753,3924,3807,3762,3870,3699,3942,3744,3933,3798,3978,3708,3969,3735,
Shot 42:3996,4005,
Shot 43:4068,4356,4482,4437,4284,4032,4131,4248,4050,4194,4059,4176,4311,4419,4014,4158,4077,4464,4041,4491,4392,4302,4473,4401,4410,4347,
Shot 44:4500,
Shot 45:4599,4518,4617,4554,4509,4608,
