Shot 0:486,666,54,9,954,180,729,153,900,963,126,567,90,594,783,360,576,531,297,459,414,324,612,252,333,261,441,495,873,
Shot 1:981,1008,990,999,
Shot 2:1152,1026,1044,1251,1179,1116,1170,1233,1071,1062,1242,1080,1215,1098,1197,1134,1161,1125,1089,1017,1107,1224,1053,
Shot 3:1260,1269,
Shot 4:1287,1296,
Shot 5:1305,1323,1314,
Shot 6:1332,1341,
Shot 7:1395,1386,1431,1359,1377,1422,1368,1350,1413,
Shot 8:1440,
Shot 9:1494,1503,1485,
Shot 10:2817,2250,1584,2088,2511,1512,1944,2601,1548,2160,1962,1926,2187,1737,2151,1854,1674,1521,1980,1872,2682,2115,2403,1602,2637,1620,2214,1692,1638,2565,2421,1917,2862,2304,1647,2070,1746,2619,2502,2736,2772,2592,2709,2466,2655,2844,2547,
Shot 11:2871,2880,
Shot 12:3105,3600,3456,3033,3213,3294,2934,3339,3438,3330,3177,3087,3402,3411,3276,2943,3051,3312,3123,3258,2907,3222,2988,3069,3357,
Shot 13:3618,3717,3663,3699,3708,3789,3645,
Shot 14:3888,4095,3960,3978,3861,3924,3942,3915,3816,3987,4122,4032,3834,3951,
Shot 15:4131,
Shot 16:4149,4140,4158,
Shot 17:4167,
Shot 18:4401,4446,4356,4203,4221,4581,4599,4194,4689,4338,4311,4527,4266,4329,
Shot 19:4716,4725,
Shot 20:4797,4761,4734,4824,
Shot 21:4995,4842,4959,4923,5013,4977,4869,5022,5058,4896,4914,
Shot 22:5274,5301,5130,5319,5238,5256,5193,5094,5184,5157,5175,5220,
