Shot 0:9,
Shot 1:18,
Shot 2:27,36,
Shot 3:54,81,45,
Shot 4:162,135,144,126,117,153,
Shot 5:189,171,180,198,
Shot 6:279,207,252,225,333,306,261,
Shot 7:558,351,504,396,513,522,369,414,567,
Shot 8:738,936,693,828,801,918,891,900,666,819,612,720,756,648,864,882,909,702,711,774,729,810,765,792,657,747,675,585,954,783,594,
Shot 9:1350,1548,1044,1575,1413,1125,1017,1611,1449,1476,1305,1035,1557,1089,1206,1593,1341,1521,1494,1161,1071,1296,1404,1584,1386,
Shot 10:1620,1674,
Shot 11:1701,1719,
Shot 12:1908,2223,2241,2214,1953,2007,1836,1926,1737,1935,2178,1791,1989,1845,2034,2232,1899,1854,1818,2088,2187,2151,2205,
Shot 13:2277,2331,2250,2322,2304,
Shot 14:2340,
Shot 15:2376,2394,2385,2349,2403,2367,
Shot 16:2475,2502,2511,2493,2412,2430,
Shot 17:2574,2556,2529,2619,2520,2610,2547,2601,2565,
Shot 18:2754,2898,2691,2943,2934,2952,2925,2871,2817,2862,2790,2637,2835,2745,2916,2709,2664,2880,2673,2763,2736,
Shot 19:2961,
Shot 20:3330,3780,3024,3528,3474,3690,3150,2970,3744,3591,3186,3834,3726,3762,3465,3087,3168,3735,3114,3771,3717,3753,3204,3456,3852,3492,3807,3699,3105,3798,3420,3051,2979,3789,3339,3843,2988,3825,3411,3357,3348,
Shot 21:3861,3888,3879,3906,3870,
Shot 22:3960,4005,3996,4077,4032,4014,3978,3933,4095,
Shot 23:4158,4212,4194,4149,4176,4167,
Shot 24:4284,4374,4401,4356,4275,
Shot 25:4446,
Shot 26:4455,
Shot 27:4509,4473,4464,4572,4671,4599,4626,4482,
Shot 28:4770,4698,4806,4707,4734,4815,4761,4797,4752,4716,4788,4779,4725,
Shot 29:4887,4833,4860,4824,4896,4878,4842,4905,4851,4869,
Shot 30:4914,
Shot 31:5040,5283,4977,4950,5139,4923,5121,5265,5229,5238,4959,5148,5166,5292,4968,4941,5085,5247,4932,5184,5202,4986,5175,
Shot 32:5301,
Shot 33:5310,5391,5553,5445,5436,5427,5400,5589,5418,5517,5562,5409,5364,5328,
Shot 34:5598,5607,
Shot 35:5616,
Shot 36:5625,
Shot 37:5634,
Shot 38:5823,5724,5931,5904,5886,5940,5751,5742,5967,5643,5769,5688,5958,5778,5850,5913,5868,5715,5760,5895,5832,5733,
Shot 39:6084,6012,5994,6111,6066,
Shot 40:6147,6183,
Shot 41:6435,6282,6201,6327,6228,6192,6210,6255,6300,6246,6264,6381,6417,6336,6444,
Shot 42:6453,
