Shot 0:225,252,432,405,477,423,450,387,306,576,531,9,
Shot 1:585,594,
Shot 2:630,603,621,612,639,
Shot 3:675,648,702,693,657,
Shot 4:756,720,738,729,
Shot 5:900,1305,1143,1035,1098,1278,1071,819,1296,1260,990,1044,963,918,855,837,1017,927,972,1080,1125,1107,
Shot 6:2340,1323,1494,1908,2466,1386,1413,1611,1368,2502,1728,1620,2043,1332,1350,1647,1602,1377,1395,2403,1341,1314,1476,1359,1863,1440,2430,2160,1683,2196,1467,1836,1485,2520,2169,2142,2025,1503,2475,2439,2133,1980,2385,2376,2322,1854,2511,1890,2367,2448,1818,2493,
Shot 7:2583,2538,2646,2610,2565,2592,2547,2628,
Shot 8:2754,2709,2790,2817,2727,2745,2682,2772,2763,2808,
Shot 9:2835,2880,
Shot 10:2970,3231,3195,3141,3060,3159,3096,3123,3249,2898,3015,2916,3006,3177,2952,
Shot 11:3330,3285,3402,3366,3267,3276,3348,3303,3384,3321,3312,3339,3375,3357,
Shot 12:3438,3420,3465,
Shot 13:3528,3492,3546,3474,
Shot 14:3663,3609,3555,3699,3600,3618,3654,
Shot 15:3726,
Shot 16:3735,
Shot 17:3762,3852,3753,3834,3780,
Shot 18:3897,3987,3870,3933,3915,3879,
Shot 19:4059,4041,4050,4068,
Shot 20:4113,4077,4185,4158,4095,4140,4149,4104,4086,
Shot 21:4284,4374,4356,4401,4203,4302,4320,4266,
Shot 22:4428,4464,4410,4446,4473,4482,4455,4419,
Shot 23:4491,
Shot 24:4500,
