Shot 0:234,531,450,405,387,423,468,297,9,243,
Shot 1:585,594,
Shot 2:639,603,612,621,630,
Shot 3:657,693,675,648,
Shot 4:810,738,711,828,
Shot 5:972,1269,1305,1359,1062,1332,1089,1143,1341,1296,1350,1035,1323,1314,1044,1125,846,909,1242,1017,891,963,1287,927,1071,990,1188,1107,
Shot 6:2565,1494,2772,1611,1377,2052,1854,1386,3033,1620,2754,1368,2835,1404,3096,1440,1818,2268,1656,2673,1593,1476,1602,2403,2430,2745,2511,1980,2916,2709,1413,2160,2808,1566,1539,1395,2466,2187,2520,2376,2619,2790,1638,1683,2142,3006,1881,2439,1467,2763,2727,1728,2025,2502,1836,1485,2817,1845,1449,2538,1899,2583,2358,2493,3060,2970,2340,2592,2322,2448,2475,2547,1512,2898,2952,2574,
Shot 7:3141,3195,3177,3123,3159,
Shot 8:3231,3249,3222,
Shot 9:3348,3285,3294,3267,3384,3312,3276,3330,3366,3339,3357,
Shot 10:3420,3465,3402,3438,
Shot 11:3474,3546,3492,3528,
Shot 12:3717,3654,3555,3609,3618,3600,3690,3663,3726,
Shot 13:3735,
Shot 14:3762,3753,3816,
Shot 15:3870,3933,3843,3888,3906,3879,3861,
Shot 16:3978,
Shot 17:4059,4041,4050,4068,
Shot 18:4095,4167,4149,4077,4122,4104,4140,4086,
Shot 19:4203,4320,4374,4284,4302,4356,4266,4185,4392,
Shot 20:4464,4410,4482,4428,4455,4419,4473,
Shot 21:4491,
