Shot 0:36,108,63,90,9,
Shot 1:180,171,243,
Shot 2:387,414,297,378,396,
Shot 3:468,558,495,504,486,531,477,549,540,450,
Shot 4:585,576,567,603,594,
Shot 5:612,639,
Shot 6:675,711,
Shot 7:792,837,738,
Shot 8:891,1017,927,954,882,1044,909,900,981,1035,
Shot 9:1188,1107,1116,1062,1053,1161,1251,1071,
Shot 10:1296,1341,1314,1287,1269,
Shot 11:1485,1413,1467,1503,
Shot 12:1728,1566,1548,1602,1620,1521,1755,1674,1575,1692,1629,1656,1710,1764,1737,1746,1719,
Shot 13:1782,1818,1800,1791,1773,
Shot 14:1908,1971,1998,1827,1872,1926,
Shot 15:2052,2007,2079,2016,2043,2070,2061,
Shot 16:2268,2214,2286,2151,2304,2277,2241,
Shot 17:2376,2493,2322,2466,2439,
Shot 18:2565,2538,2601,2583,
Shot 19:2619,2655,2646,2637,
Shot 20:2673,2664,2682,
Shot 21:2718,2754,
Shot 22:2781,2817,2799,2763,2790,
Shot 23:2835,2853,2862,2844,2826,
Shot 24:2898,2871,2880,2889,
Shot 25:2925,2916,2934,2907,
Shot 26:2970,2979,2943,
Shot 27:2997,3096,3105,3060,3078,3051,3087,3033,3024,2988,3015,3006,
Shot 28:3150,3267,3249,3384,3312,3357,3195,3231,3123,3348,3285,3168,3204,3366,3132,3159,3177,3141,3114,3321,
Shot 29:3420,3492,3393,3447,
Shot 30:3555,3600,3627,3789,3510,3618,3744,3609,3546,
Shot 31:3825,3897,
Shot 32:4032,3969,4059,4068,4014,4050,
Shot 33:4158,4077,4104,4176,4086,4140,4131,4167,
Shot 34:4185,4203,
