Shot 0:9,
Shot 1:90,
Shot 2:99,
Shot 3:162,108,252,270,144,135,261,234,117,207,126,180,243,216,198,189,171,153,
Shot 4:279,
Shot 5:288,
Shot 6:378,315,333,468,432,306,450,324,297,405,441,369,342,360,477,414,459,396,387,351,423,
Shot 7:486,
Shot 8:495,
Shot 9:504,513,
Shot 10:549,522,531,558,540,
Shot 11:729,576,666,567,603,684,612,585,594,693,630,648,702,720,738,711,
Shot 12:891,747,936,783,882,792,774,918,819,954,765,864,900,927,909,801,756,873,810,945,846,
Shot 13:972,1026,963,1017,981,999,1008,990,
Shot 14:1107,1224,1242,1071,1197,1170,1215,1089,1125,1206,1053,1098,1143,1233,1044,
Shot 15:1251,1260,
Shot 16:1296,1269,1278,1287,1314,
Shot 17:1332,1341,1323,
Shot 18:1404,1467,1359,1377,1350,1485,1494,1449,1440,1476,1368,1386,1458,1422,1413,1395,
Shot 19:1503,
Shot 20:1881,1980,2079,1971,1692,2034,1512,1548,1989,1710,1629,1944,1962,2043,1701,1935,1647,1818,1836,2070,1530,1611,1773,1683,2007,1638,1953,1746,1719,1917,1998,1566,1674,1854,1908,1584,1665,2061,1620,1845,1557,1791,1827,1521,1809,1575,1539,2025,1593,1890,1863,1872,
Shot 21:2088,2097,
Shot 22:2115,2106,2124,2133,
Shot 23:2151,2142,2169,2160,
Shot 24:2277,2214,2178,2340,2376,2232,2196,2250,2313,2187,2367,2268,2304,2358,2205,2223,2241,2322,2295,2259,2349,
Shot 25:2385,2412,2439,2421,2403,2430,2394,
Shot 26:2457,2448,2493,2475,2466,
Shot 27:2691,2889,2727,2907,2754,2781,2574,2637,2799,2502,2916,2808,2898,2673,2763,2520,2880,2538,2628,2610,2835,2682,2772,2556,2826,2511,2871,2817,2601,2790,2745,2736,2619,2853,2718,2664,2529,2583,2844,2646,2655,2700,
Shot 28:2925,
Shot 29:2934,
Shot 30:2943,
Shot 31:2952,
Shot 32:3105,3195,2961,3051,2997,2970,3060,3186,3015,3069,3132,3096,3177,2979,3006,3042,2988,3033,3150,3114,3123,3087,
Shot 33:3222,3258,3249,3204,3240,3231,3213,
Shot 34:3267,
Shot 35:3276,3285,
Shot 36:4140,4329,3294,3870,4248,4356,3708,4320,3420,4194,3339,4338,3447,3438,3465,3573,4257,3474,3321,4167,4302,3636,3375,4284,4230,4221,3933,4311,3303,3996,3789,3699,3897,3726,3456,3951,3492,3600,4266,4212,4347,3843,3537,4293,4185,3645,3654,3330,3564,4095,3429,3771,4086,3942,3888,3978,4014,3312,3690,4239,3969,4131,3753,3501,3348,3906,4041,3393,3717,3987,3735,3924,3915,3744,3483,3825,4122,3780,3663,3762,3591,3798,3366,4158,3402,3555,3807,3627,3411,4059,4176,3519,3816,3681,3357,4113,3510,3384,
Shot 37:4374,4383,4365,
Shot 38:4446,4392,4410,4401,4419,4464,4437,4455,4428,
Shot 39:4500,4590,4608,4473,4572,4581,4563,4518,4536,4482,4491,4554,4545,4527,
Shot 40:4635,4653,4617,4644,4626,
Shot 41:4662,4671,
Shot 42:4680,4689,
Shot 43:4707,4698,4716,
Shot 44:4743,4734,4761,4725,4752,
Shot 45:4788,4770,4797,4779,
Shot 46:4806,4824,
Shot 47:4833,
Shot 48:4842,4851,
Shot 49:4860,
Shot 50:4869,4878,
Shot 51:4887,4896,
Shot 52:4959,4914,4941,4986,4905,4932,4950,4968,4977,
Shot 53:5004,
Shot 54:5013,
Shot 55:5022,5031,
Shot 56:5040,5049,
Shot 57:5085,5094,5058,5076,5067,
Shot 58:5103,5112,
Shot 59:5121,5130,
Shot 60:5148,5184,5175,5166,5139,5157,5193,
Shot 61:5202,
Shot 62:5211,5220,
Shot 63:5229,
Shot 64:5238,
Shot 65:5247,
Shot 66:5256,
Shot 67:5265,
Shot 68:5274,
Shot 69:5418,5517,5571,5535,5490,5472,5544,5499,5463,5445,5355,5526,5508,5373,5400,5337,5481,5553,5436,5409,
Shot 70:5607,5580,5625,5634,5661,5589,5598,5616,5652,
Shot 71:5697,
Shot 72:5706,
