Shot 0:9,18,
Shot 1:45,144,126,108,81,27,
Shot 2:234,369,261,162,
Shot 3:432,
Shot 4:513,765,756,666,441,
Shot 5:1251,783,1116,972,801,936,774,1161,873,1017,1287,810,1071,990,963,828,900,1125,1098,1044,
Shot 6:1323,1701,1512,1440,1890,1620,1800,1395,1368,1566,1494,1845,1773,1458,1656,1305,1350,1314,1386,1332,
Shot 7:2097,1908,2115,1971,
Shot 8:2214,2124,2223,2187,2241,
Shot 9:2349,2268,2313,2358,
Shot 10:2385,2970,2547,2700,2898,3114,3051,2664,3087,2934,2781,2619,2880,2745,3024,2853,2520,2439,2943,2952,2916,
Shot 11:3384,3672,4113,3852,4068,3591,3546,4095,3879,3690,3834,3753,3132,3654,4284,4077,3636,3564,3933,3348,3213,3510,3465,3906,3429,3528,4050,3483,
