Shot 0:9,
Shot 1:99,117,
Shot 2:576,306,180,423,396,207,693,477,279,360,243,675,387,342,369,144,486,630,522,540,585,
Shot 3:801,711,1161,1026,1143,738,1080,1053,918,873,
Shot 4:1215,1440,1404,1251,1206,1179,1395,1278,1296,1422,1269,1350,1449,1485,1188,1332,1233,1197,1323,1467,1359,1413,1341,1305,1386,1260,1458,1314,1368,1377,1287,1224,
Shot 5:1917,1836,1728,2079,1899,1665,1566,2970,2601,2304,2223,1602,2025,1494,2511,1521,3114,1791,1854,1809,3087,2358,1629,2790,1503,2331,1674,2034,1971,1845,1557,2241,1701,3159,2484,2907,2187,1575,1512,1782,2592,1944,1719,2619,1647,1800,3168,2673,1827,3123,1539,2295,2889,1656,2205,1593,2007,1962,2817,2349,2376,1611,2097,2250,1710,1890,2547,1926,1620,1584,3015,1548,2709,3141,3051,2655,2763,1638,3186,2700,
Shot 6:3411,3591,3870,3843,3708,3456,3519,3627,4203,3924,3483,3726,3222,4032,3960,4185,3762,3681,3915,3654,4158,3933,4140,3978,3780,4086,3735,4005,3501,3798,4149,3537,4104,3744,3447,3699,4122,3330,3285,3438,3249,3375,
Shot 7:4347,4383,4329,4410,4401,
Shot 8:4446,4455,
Shot 9:4473,4572,4527,4464,
Shot 10:4671,4761,4581,4752,4644,4716,4734,4698,4617,
Shot 11:4860,4788,4968,4797,4932,4950,4824,4851,
Shot 12:4977,4995,
Shot 13:5040,5013,5049,
Shot 14:5130,5454,5337,5058,5085,5805,5598,5706,5517,5247,5220,5571,5679,5184,5769,5355,5535,5301,5625,5733,5643,5112,
Shot 15:6237,6048,6093,5958,5985,5877,5859,6030,5823,6012,5931,5913,5967,6111,5832,5895,5922,6246,6147,6174,6210,6282,6264,6192,6201,6129,6255,6219,6228,
Shot 16:6300,6327,6345,
Shot 17:6516,6525,
