Shot 0:9,45,
Shot 1:261,531,441,513,423,459,405,432,477,333,81,288,
Shot 2:585,594,576,603,
Shot 3:648,621,666,612,630,657,
Shot 4:756,693,783,711,774,
Shot 5:918,1305,1161,1260,1206,1233,1197,1179,1287,1017,1377,1188,972,1224,954,945,1215,1035,1170,1251,1323,828,1332,1242,1314,1269,855,1125,846,810,981,900,927,999,1080,1386,
Shot 6:2241,1674,1467,1422,1872,1431,2187,1521,1413,2115,2088,1791,1449,1638,2313,1620,2142,2052,1926,2205,1602,1737,2178,2340,1881,2070,1485,1629,1899,1980,2124,1773,1863,1656,2268,2169,2016,2106,2232,2151,2034,2214,2250,
Shot 7:2412,2439,2358,2376,2430,2394,2367,2421,
Shot 8:2448,
Shot 9:2709,2799,2565,2745,2772,2502,2664,2781,2736,2691,2646,2682,2610,2520,2790,2700,2592,2718,2547,
Shot 10:2880,2853,2817,2925,2826,2835,2907,2808,2862,2916,2871,2889,
Shot 11:2943,2970,2934,
Shot 12:2997,3042,3024,2979,
Shot 13:3150,3087,3051,3132,3168,3096,3141,3159,
Shot 14:3186,
Shot 15:3195,
Shot 16:3204,
Shot 17:3258,3213,3222,
Shot 18:3312,3285,3357,3303,3339,
Shot 19:3402,
Shot 20:3447,3456,
Shot 21:3483,3474,3465,3492,
Shot 22:3510,3546,3528,3537,3501,
Shot 23:3645,3573,3591,3564,3654,3636,
Shot 24:3663,3681,
