Shot 0:18,297,261,9,63,126,
Shot 1:783,720,477,495,702,342,333,540,315,585,675,468,432,567,621,603,324,765,504,747,666,369,576,657,
Shot 2:909,864,891,927,
Shot 3:1179,1161,1035,1116,936,1008,1098,1026,1170,1197,1125,1188,1062,1206,1044,
Shot 4:1359,1422,1449,1440,1278,1215,1413,1287,1368,
Shot 5:1575,1593,1458,1611,1512,1530,1548,1584,1557,1503,
Shot 6:1872,1638,1854,2088,2043,1701,1917,2007,2034,2025,1665,1953,1620,1746,1971,
Shot 7:2151,2169,
Shot 8:2241,2178,2367,
Shot 9:2439,2403,2493,2538,2628,2385,2556,2511,2376,2547,2430,2457,
Shot 10:2655,2664,
Shot 11:2673,
Shot 12:2799,2682,2727,2925,2898,2754,2826,2763,
Shot 13:3222,3087,2943,3105,2961,3033,3159,2979,3078,3141,2970,3060,3177,3006,3204,3150,3213,3042,3231,3114,3186,
Shot 14:3339,3402,3411,3375,3285,3258,3348,
Shot 15:3672,3681,3582,3780,3591,3465,3753,3798,3501,3699,3627,3483,3573,3735,3438,3555,3717,3636,3546,3645,3654,
Shot 16:3825,4005,3951,4014,4032,4023,3915,3888,3924,3879,3834,3861,3906,3933,3978,
Shot 17:4140,4158,4050,4104,4077,4041,4149,4095,4068,4113,4167,4086,4059,4122,
Shot 18:4185,4176,4194,
Shot 19:4203,4212,
Shot 20:4284,4221,4311,4230,4302,
Shot 21:4401,4509,4329,4446,4491,4347,4356,4374,4437,4338,4482,4428,4419,4383,4410,
Shot 22:4518,
Shot 23:4779,4725,4554,4689,4698,4662,4635,4545,4608,4752,4563,4707,4653,4572,4770,4788,
Shot 24:4833,4977,4941,4959,4932,4797,4806,4950,4905,4860,
Shot 25:4995,5157,5274,5256,5067,5103,5220,5085,5175,5031,5238,5130,5013,5202,5184,5004,4986,
Shot 26:5328,5364,5283,5355,5319,5346,
Shot 27:5373,
Shot 28:5391,
Shot 29:5400,
