Shot 0:9,
Shot 1:180,162,234,243,225,153,207,
Shot 2:405,315,261,351,297,369,414,342,360,306,432,378,270,333,423,396,
Shot 3:441,450,
Shot 4:486,531,459,477,495,
Shot 5:540,
Shot 6:549,558,
Shot 7:576,621,603,594,630,612,567,585,
Shot 8:648,639,657,
Shot 9:666,
Shot 10:675,684,
Shot 11:693,702,
Shot 12:720,729,
Shot 13:747,801,783,792,756,774,738,
Shot 14:954,810,846,864,828,891,873,945,963,
Shot 15:1251,1332,999,1089,1359,1386,1350,1053,1170,1134,1323,990,1107,1296,1377,1368,1071,1152,1125,1197,1269,1098,1035,1017,1161,1179,1242,1341,1305,1080,1260,
Shot 16:1422,1395,1458,1440,1404,1413,1431,
Shot 17:1494,1467,1485,1503,1476,
Shot 18:1521,1548,1530,1557,1512,
Shot 19:1566,
Shot 20:1575,
Shot 21:1584,1593,
Shot 22:1602,
Shot 23:1611,1620,
Shot 24:1629,1647,1638,
Shot 25:1665,1701,1773,1746,1683,1656,
Shot 26:2133,1827,2061,2088,2151,1800,2187,
Shot 27:2313,2232,2241,2250,2268,2286,2259,2331,2304,
Shot 28:2664,2754,2385,2538,2520,2691,2574,2736,2709,2610,2637,2457,2601,2529,2439,2565,2403,2700,2682,2394,2592,2448,
Shot 29:2862,2799,2826,2880,2844,2808,2889,2853,2871,2835,2817,
Shot 30:2916,2934,2898,2943,2907,2925,
Shot 31:2997,2961,2979,2988,3006,
Shot 32:3024,3015,3033,
Shot 33:3177,3042,3060,3087,3132,3051,3069,3141,3096,3159,3168,3105,3078,3123,3150,3186,
Shot 34:3204,
Shot 35:3222,3231,
Shot 36:3249,3267,3240,3258,
Shot 37:3348,3429,3384,3303,3402,3447,3276,3312,3375,3411,3393,3357,3330,3339,
Shot 38:3717,3861,3456,3618,3888,3816,3537,3789,3843,3600,3474,3690,3672,3555,3492,3834,3465,3636,3510,3591,3528,3744,3654,3735,3771,3708,
Shot 39:3906,3951,3933,3915,
Shot 40:3969,3987,3978,3960,
Shot 41:3996,
Shot 42:4086,4005,4032,4131,4068,4050,4113,4014,4059,4023,4104,4077,
Shot 43:4140,
Shot 44:4158,4176,4149,
Shot 45:4221,4239,4185,4203,4230,4212,
Shot 46:4428,4626,4338,4680,4266,4572,4536,4743,4653,4311,4545,4590,4698,4455,4248,4329,4608,4302,4320,4716,4347,4482,4410,4464,4293,4446,4671,4662,4518,4500,4734,4473,4554,4383,4356,4707,4392,4257,4599,4689,4284,4509,4437,4374,4527,4617,4365,4419,4401,4275,4491,
Shot 47:4752,
Shot 48:4770,4788,4797,4761,
Shot 49:4815,
Shot 50:4833,4941,4905,4869,4824,
Shot 51:5004,5337,5256,5454,5409,5301,5211,5364,5436,5319,5103,5247,5184,5418,5031,4968,5346,5382,5283,5058,5445,5400,5355,4977,4986,4995,
Shot 52:5688,5796,5598,5472,5787,5778,5643,5625,5823,5805,5535,5562,5499,5760,5769,5481,5724,5508,5814,5616,5661,5751,5544,5571,5697,5634,5553,5607,5652,5706,5580,5733,5679,5715,
Shot 53:5904,5958,5931,5940,5841,5877,5832,5949,5922,5913,5850,5895,
Shot 54:6021,5976,5994,5967,6012,6003,5985,
Shot 55:6039,6048,
Shot 56:6057,
Shot 57:6120,6075,6084,6066,6093,6129,6111,
Shot 58:6147,6156,6138,
Shot 59:6165,
Shot 60:6174,
Shot 61:6183,6192,
Shot 62:6219,6228,6201,
Shot 63:6237,6246,
Shot 64:6264,6273,6255,
Shot 65:6291,6345,6309,6327,6318,6282,6300,
Shot 66:6354,
Shot 67:6372,6390,6381,6363,
Shot 68:6399,
Shot 69:6426,6408,6435,6417,
Shot 70:6453,6462,6444,
Shot 71:6471,6480,
Shot 72:6552,6525,6489,6534,6579,6561,6570,6516,6498,6543,
Shot 73:6642,6696,6687,6678,6588,6669,6597,6660,6615,6606,6651,6624,6633,
Shot 74:6705,
Shot 75:6750,6768,6732,6723,6714,6759,6741,
