Shot 0:9,
Shot 1:279,387,441,396,153,423,405,171,360,234,378,216,306,369,
Shot 2:837,720,459,819,666,738,684,918,702,747,828,882,756,765,540,
Shot 3:954,1017,
Shot 4:1062,1305,1215,1116,1044,
Shot 5:1368,1386,1314,1359,1377,
Shot 6:1404,1422,1413,1395,
Shot 7:1485,1431,1467,1458,1539,1530,1494,1476,1449,1503,1440,
Shot 8:1854,1818,1557,1683,1755,1782,1638,1773,1566,1836,1872,
Shot 9:1962,1917,2007,2025,1899,1998,1971,2016,1935,1980,1989,1953,
Shot 10:2133,2187,2034,2061,2097,2070,2142,2169,2106,
Shot 11:2214,2475,2358,2439,2457,2223,2313,2196,2259,2322,2232,2205,2304,2286,
Shot 12:2772,2727,2493,2754,2916,2628,2790,
Shot 13:3060,3078,3051,3069,
Shot 14:3096,3123,3114,3087,3105,
Shot 15:3150,3132,3141,3159,
Shot 16:3168,3186,
Shot 17:3240,3213,3312,3204,3258,3231,
Shot 18:3636,3456,3807,3843,3600,3357,3825,3753,3474,3654,3384,3438,3618,
Shot 19:3870,3879,3861,
Shot 20:4293,3906,4239,4221,4347,4275,4212,4320,4302,
Shot 21:4401,4392,4365,4383,4374,
Shot 22:4437,4455,4419,4428,4446,
Shot 23:4464,
Shot 24:4815,5130,5121,4473,5058,4626,4995,5103,4581,5013,5040,4932,5049,4689,4950,4770,5022,
Shot 25:5139,
Shot 26:5436,5913,5832,5526,
Shot 27:6048,6156,6120,6084,6021,6129,6165,6057,6147,6030,6003,
Shot 28:6201,6210,6183,6192,
Shot 29:6264,6237,6291,6300,6255,6246,6273,6228,6282,6219,
Shot 30:6318,6309,6327,
Shot 31:6354,6336,6345,
Shot 32:6372,6381,6363,
Shot 33:6390,6399,
Shot 34:6444,6498,6408,
Shot 35:6570,6660,
Shot 36:6759,7029,6840,6921,
