Shot 0:180,207,99,18,639,693,36,558,54,198,549,27,576,108,81,135,126,9,45,153,216,567,612,144,63,243,72,621,603,189,225,162,585,
Shot 1:756,
Shot 2:1215,1242,
Shot 3:1305,
Shot 4:1341,
Shot 5:1467,1557,1395,1548,1503,1449,
Shot 6:2313,1629,1674,1818,1962,2106,2241,2376,2475,2178,2358,2304,2502,2529,
Shot 7:2790,2664,2763,2808,
Shot 8:2817,2880,
Shot 9:2943,
Shot 10:3141,3303,3231,3357,3087,3159,3096,
Shot 11:3375,
Shot 12:3798,3528,3663,3627,3582,3510,3906,3924,3744,
Shot 13:5553,4923,5463,5139,4689,4599,5616,4662,4284,5058,5481,4491,4788,5499,5166,4221,4347,5589,5076,5346,4869,5157,3933,5517,4815,4239,4914,5508,5580,5571,4671,5598,5535,5607,4617,5544,4068,5202,4149,
Shot 14:5625,5697,
Shot 15:5769,
Shot 16:5850,
Shot 17:6336,6453,6282,6111,6084,5976,6102,6372,6057,6021,6012,5958,6255,
Shot 18:6516,6543,
Shot 19:6831,7074,7164,6660,7002,6552,6570,7182,6885,6876,6678,
Shot 20:7191,
Shot 21:7200,
Shot 22:7362,7218,7425,7416,7407,7398,7326,7389,7353,
Shot 23:7434,
Shot 24:7443,
Shot 25:7533,7551,
