Shot 0:414,999,153,324,720,756,828,684,900,252,846,9,738,504,396,702,468,819,585,675,558,837,441,
Shot 1:1017,
Shot 2:1053,1026,1107,1098,1035,1071,
Shot 3:1737,2079,1539,1503,2349,1170,2196,1962,2007,2286,1836,2097,1611,1305,1602,1593,1656,2250,1134,1782,1404,1197,2358,1233,1980,1485,1521,2043,2133,2331,1278,1575,2295,1890,1206,1359,1530,2223,1512,1224,1548,1467,2115,1764,2025,2169,1917,1719,1755,1701,
Shot 4:2376,2385,
Shot 5:2520,2439,2583,2574,2421,2565,2403,2475,2529,2502,
Shot 6:2610,2646,2592,2655,2601,2673,
Shot 7:3663,3204,3321,3510,3825,3267,3771,2889,2799,3384,3168,2907,3051,3249,3537,2979,3717,3357,3474,2862,3276,3339,3438,2745,2682,3006,2835,3960,3879,2853,3366,3240,2718,2754,3636,3348,2817,3924,3969,
Shot 8:4320,4014,4455,4113,4086,4068,4140,4347,4158,4230,4050,4554,4428,4518,4248,4032,4491,4536,4374,4194,4311,
Shot 9:4608,4725,4644,4689,4626,4590,
Shot 10:6354,4968,4752,5931,5976,5382,5715,5634,5949,5643,5598,5193,4797,5256,5616,4806,5013,6057,6192,6255,5373,5823,5904,5004,6129,5445,6282,5112,5841,5877,5319,5958,5076,6147,4842,5049,5688,6102,5481,5022,5229,5751,4734,6228,4788,4977,4743,5769,4761,6336,4959,
Shot 11:6435,6408,6498,6426,6444,
Shot 12:6804,6768,6561,6597,7119,7173,7164,7011,6903,6570,6579,6822,6786,6669,6912,7020,6777,7209,
