Shot 0:27,9,36,18,
Shot 1:612,855,927,513,333,468,909,90,774,423,153,846,594,369,684,459,639,720,864,477,918,756,522,603,702,
Shot 2:1080,1053,1098,
Shot 3:1584,1728,1161,1665,1836,1341,1800,1458,1818,1701,1143,1197,1251,1476,1404,1125,1755,1629,1494,1314,1431,1557,1377,1719,1467,1296,1827,1782,1323,1179,1575,1269,1746,
Shot 4:1926,1854,1908,1890,1917,1863,1935,
Shot 5:2106,2016,2052,2178,2268,2232,2205,2079,2250,
Shot 6:2331,2484,2475,2376,
Shot 7:2835,2817,2574,2601,2547,2556,2565,2988,2628,2925,3033,2763,2583,2529,2952,2610,2934,2808,2898,2826,
Shot 8:3069,3096,3042,
Shot 9:3969,3951,3276,3429,3546,3204,3114,3780,3402,3321,3150,3591,3303,3852,3834,3456,3393,3177,3924,3843,4041,3762,4194,3231,3420,3258,3132,3213,3285,3825,3771,3978,
Shot 10:4320,4248,4239,4266,
Shot 11:4329,4365,
Shot 12:4824,4887,5103,4536,4860,4950,4662,5067,4698,4446,4518,4896,4959,5139,4761,5121,4968,4905,4869,4482,4788,4401,5058,4554,4923,4671,4851,4410,4725,4878,4779,4806,5076,
Shot 13:5247,5148,5202,5256,5328,5184,5229,5157,5211,5238,5193,
Shot 14:5400,5490,5517,5463,5391,5499,5418,
Shot 15:5535,5589,5553,5562,5526,
Shot 16:5661,5796,5724,5715,5823,5742,5616,
Shot 17:5859,5931,5886,5868,5850,
Shot 18:6399,6174,7092,7263,6102,6687,6408,7137,7551,7398,6903,6426,6498,6858,7065,6696,7479,6210,6714,7416,7245,6066,7452,7308,7515,6417,6678,6984,6120,7794,6660,6786,8010,6156,7992,6732,7119,6804,6147,7317,7434,7659,6642,6921,6291,6741,6273,6489,7470,7497,6759,7533,6750,6840,7677,7848,7002,6552,6435,6282,6885,6048,6192,7380,7875,7110,6957,7290,6165,7164,6471,7281,7785,7542,7038,7056,6777,6723,6993,6867,7344,
Shot 19:8019,
Shot 20:8028,
