Shot 0:9,54,
Shot 1:81,
Shot 2:126,
Shot 3:153,
Shot 4:261,180,297,333,324,252,288,
Shot 5:495,414,459,360,441,486,
Shot 6:567,900,675,855,738,774,603,531,621,
Shot 7:954,972,
Shot 8:990,
Shot 9:999,
Shot 10:1017,1026,1008,
Shot 11:1035,1044,
Shot 12:1080,1053,1089,1062,1071,
Shot 13:1107,1152,1134,1098,1116,1125,1143,
Shot 14:1161,
Shot 15:1170,
Shot 16:1188,1242,1215,1224,1179,1233,1206,
Shot 17:1251,1260,
Shot 18:1269,1287,1278,
Shot 19:1296,
Shot 20:1323,1314,1305,1332,
Shot 21:1368,1341,1350,1359,1377,
Shot 22:1404,1386,1431,1422,1395,1440,
Shot 23:1449,
Shot 24:1494,1503,1485,
Shot 25:2826,1989,1683,1512,2610,2223,2178,2160,1701,1548,1593,1971,1521,2412,1611,2169,1530,2097,1935,2520,1926,1863,1629,1737,2259,2124,2691,1584,2646,1854,2421,1953,1881,2196,1647,2574,1755,1656,2079,2313,2430,2871,2745,2628,2601,2502,2718,2781,2466,2664,2556,2853,
Shot 26:2880,2889,
Shot 27:2943,3366,3411,3096,3510,3303,3492,3429,3609,3033,3474,3204,3447,3285,3078,3060,2952,2979,3465,3393,3177,3132,3321,3114,2997,3348,2916,
Shot 28:3663,3726,3717,3708,3681,3672,3636,
Shot 29:3906,3879,4221,3996,4428,4194,4347,4383,4158,3978,4113,4059,3951,4284,4248,4464,3933,4365,3735,3780,4050,4212,4167,3825,4149,4275,3969,4005,4338,4311,3852,3924,3834,4131,3942,3816,4032,4185,
Shot 30:4473,
Shot 31:4671,4851,4788,4743,4815,4761,4608,4716,4554,4626,4707,4689,
Shot 32:4941,4869,4977,4950,4896,4923,
Shot 33:5121,5031,5085,5139,5112,5157,5211,5238,5022,4995,5049,5184,5193,
Shot 34:5247,
Shot 35:5265,5283,
Shot 36:5301,
Shot 37:5328,
Shot 38:5346,
