Shot 0:27,9,18,36,
Shot 1:387,333,252,144,360,504,207,126,270,369,288,405,432,
Shot 2:675,801,747,792,585,612,594,630,648,576,
Shot 3:864,909,837,828,927,846,918,873,855,
Shot 4:945,963,954,936,
Shot 5:999,972,981,990,
Shot 6:1080,1125,1017,1107,1053,
Shot 7:1152,1179,
Shot 8:1188,1197,
Shot 9:1278,1260,1287,
Shot 10:1386,1350,1359,1422,
Shot 11:1467,1548,1611,1584,1494,1521,1602,1440,
Shot 12:1638,1656,1647,1620,1629,
Shot 13:1674,1701,1692,1665,1683,
Shot 14:1755,1710,1728,1737,1719,1764,1746,
Shot 15:1863,1809,1890,1782,1827,1800,1854,1818,1872,1881,
Shot 16:1935,1908,1971,1953,1917,1980,1962,1899,1926,1944,
Shot 17:2016,1998,2043,1989,2025,2007,
Shot 18:2142,2097,2178,2052,2187,2169,2115,2160,2070,2133,
Shot 19:2196,2205,
Shot 20:2214,
Shot 21:2223,
Shot 22:2277,2250,2268,2259,2313,2295,
Shot 23:2340,2376,2367,2358,2331,
Shot 24:2385,2394,
Shot 25:2412,2421,
Shot 26:2484,2430,2439,
Shot 27:2601,2556,2736,2673,2538,2502,2547,2574,2628,2691,2646,2529,2709,2583,
Shot 28:2808,2826,2799,2781,2772,2817,2790,
Shot 29:3015,
Shot 30:3150,3321,3294,3087,3267,3339,3222,3114,3069,3177,
Shot 31:3393,3357,3411,
Shot 32:3420,
Shot 33:3429,3438,
Shot 34:3465,3501,3528,3492,3483,3447,3474,
Shot 35:3537,3582,3573,
Shot 36:3636,3672,3744,3762,3708,3726,3717,3609,3681,3654,3753,3645,3690,3627,3591,3618,3735,
Shot 37:3951,3798,4041,3843,3780,3825,3897,3987,3789,
Shot 38:4059,4086,4068,
Shot 39:4104,4140,4131,4122,4095,
Shot 40:4176,4149,4158,4167,4185,
Shot 41:4221,
Shot 42:4473,4329,4599,4383,4401,4230,4437,4356,4293,4527,4491,
Shot 43:4671,4662,4680,
Shot 44:4752,4815,4761,4698,4734,4707,4824,4689,4716,4770,4725,4806,4788,4779,4743,
Shot 45:4869,4833,4842,4851,4860,
Shot 46:4941,4896,4878,4986,4932,4923,
Shot 47:4995,5094,5049,
Shot 48:5202,5112,5301,5139,5220,5193,
Shot 49:5346,5391,5436,5310,
Shot 50:5544,5580,5445,5562,5607,5508,5490,5589,5454,5535,5571,5553,5526,5598,
Shot 51:5625,5670,5616,5643,
Shot 52:5679,5724,
Shot 53:5850,5751,5733,5796,5769,5940,5814,5778,5787,5742,5913,
Shot 54:5976,
Shot 55:6138,6129,6156,
Shot 56:6183,6228,
Shot 57:6264,6246,6282,
Shot 58:6309,6300,6336,
Shot 59:6354,
Shot 60:6408,
Shot 61:6552,6930,6687,6588,6804,6858,6660,6750,6885,6768,6903,6705,6831,6642,6939,6624,6912,6840,6525,6723,6606,6543,6561,
Shot 62:6984,6948,7029,6957,7038,6966,7011,6993,6975,
Shot 63:7047,
Shot 64:7056,7065,
Shot 65:7074,7200,7155,7236,7326,7182,7218,7245,7164,7281,7173,7299,7101,
Shot 66:7398,7353,7335,7371,7344,7380,7389,
