Shot 0:9,180,171,18,99,63,90,72,54,144,126,117,153,108,27,
Shot 1:189,
Shot 2:198,207,
Shot 3:225,216,234,
Shot 4:387,279,243,288,378,306,396,351,324,252,333,441,297,270,477,459,342,423,261,405,504,495,360,315,369,
Shot 5:513,
Shot 6:549,738,522,612,657,531,666,801,684,594,747,630,783,702,558,639,
Shot 7:810,
Shot 8:954,1269,936,1215,873,1242,1008,1251,846,1224,1035,972,1188,1143,1044,1071,855,837,1134,1233,918,1116,819,945,1107,1179,1161,882,999,927,1098,909,
Shot 9:1287,1278,1305,
Shot 10:1629,1665,1395,1719,1350,1737,1314,1359,1422,1404,1593,1638,1656,1377,1485,1620,1386,1467,1710,1368,1530,1521,1674,1728,
Shot 11:1746,
Shot 12:1755,
Shot 13:1773,1764,1782,
Shot 14:1791,1800,
Shot 15:1944,1818,1854,1809,1836,1863,1917,1890,1827,1872,1908,1845,1935,1926,
Shot 16:2169,1998,1971,2061,2052,1953,2241,2358,2385,2088,1980,2376,2142,2367,2070,2034,2214,2232,2106,2313,2277,2097,2187,2079,1989,1962,2223,2016,
Shot 17:2484,2592,2511,2520,2403,2457,2565,2538,2439,2412,2394,2574,2430,2466,
Shot 18:2619,2601,2610,
