Shot 0:225,9,54,153,342,117,189,279,171,315,243,
Shot 1:405,441,396,
Shot 2:504,450,468,486,522,495,513,
Shot 3:549,585,567,594,540,558,
Shot 4:612,603,621,
Shot 5:657,765,630,702,738,684,720,648,666,639,
Shot 6:873,891,783,954,846,882,864,
Shot 7:990,1053,972,981,999,
Shot 8:1080,1098,
Shot 9:1125,1206,1260,1224,1170,1296,1242,1161,1107,
Shot 10:1413,1314,1872,2601,1557,2205,2385,1656,2061,2565,1899,2007,1935,2547,2493,2583,1539,1962,2043,1350,1503,1980,1908,2304,1674,2520,1395,1449,2295,1431,1566,
Shot 11:2619,2745,2763,2664,2718,2610,2637,
Shot 12:2790,2772,2817,2781,2799,
Shot 13:2826,2844,2835,
Shot 14:2952,2997,2862,3024,2961,2916,
Shot 15:3042,3060,3078,3033,
Shot 16:3222,3087,3114,3150,3204,
Shot 17:3375,3231,3348,3393,
Shot 18:3456,3429,3483,
Shot 19:3564,3582,3690,3654,3528,
Shot 20:3924,4005,3879,3951,
Shot 21:4140,4095,4041,4113,4122,4158,4131,4149,
Shot 22:4257,4302,4176,4275,
Shot 23:4347,4401,4383,4320,
Shot 24:4419,
Shot 25:4473,
Shot 26:4491,4482,4509,
Shot 27:4896,4698,4806,4977,4572,4770,4941,4518,4626,4725,4923,4680,4554,4914,4950,4887,
Shot 28:5193,5004,5148,5121,5157,
Shot 29:5247,5265,5256,5238,5211,5274,
Shot 30:5517,5382,5634,5571,5283,5301,5589,5598,5616,5607,5319,5535,5553,5625,5454,5472,5508,
Shot 31:5661,5670,5652,5679,
Shot 32:5697,5706,5688,5715,
Shot 33:5769,5796,5760,5724,5742,5751,5778,
Shot 34:5814,5832,5805,
Shot 35:5877,5841,5859,5886,
Shot 36:5904,5931,
Shot 37:5958,6084,6030,5967,
Shot 38:6309,6237,6093,6138,6372,6192,6219,6336,6264,6354,6282,6318,6300,
Shot 39:6381,6507,6435,
Shot 40:6570,6606,
Shot 41:6705,
Shot 42:6822,6840,6876,
Shot 43:6966,7029,7056,6903,7011,6993,7074,6948,6930,6939,7065,6912,6975,
Shot 44:7119,7092,7083,7101,7128,
Shot 45:7254,7164,7191,7137,7146,7236,7155,7353,
Shot 46:7434,7407,7425,7443,
Shot 47:7542,7452,7569,7488,7605,7506,7515,7551,
Shot 48:7677,7686,
Shot 49:7695,7704,
Shot 50:7713,
Shot 51:7722,7785,7812,7776,7803,
Shot 52:7839,7893,7821,
