Shot 0:9,
Shot 1:576,135,810,396,432,288,540,729,243,414,405,261,378,225,531,711,549,423,801,387,558,747,216,504,108,369,270,720,252,234,702,738,360,117,279,756,477,567,693,126,
Shot 2:927,891,819,909,999,918,828,990,900,837,972,
Shot 3:1071,1143,1008,1134,1017,1107,1026,
Shot 4:1197,1278,1152,1260,1161,1269,1251,1170,
Shot 5:1431,1692,1521,1377,1611,1773,1584,1287,1395,1494,1674,1575,1755,1503,1296,1386,1683,1593,1512,1764,1404,1665,1701,1413,1566,1485,1476,1305,1710,1656,1467,1602,1539,1422,
Shot 6:1908,1800,2187,2151,2331,1998,1881,2322,1782,2025,2169,1989,1872,1890,2007,2313,2160,1863,2178,1791,1899,2016,1980,2196,1854,1926,
Shot 7:2754,2340,2574,2601,2907,2448,2718,2466,2898,2439,2430,2592,2709,2583,2727,2457,2889,2736,2610,2349,2745,
Shot 8:3438,3204,3042,3312,3168,3078,3555,3537,3411,3294,3600,3060,3402,3186,2916,3528,3051,3285,3159,3420,3303,3546,3177,3069,3591,3519,3195,3321,2934,3429,
Shot 9:3771,4131,4284,3906,4176,3609,4491,3726,4050,4266,4509,4347,3744,4041,3888,4032,4275,4158,4194,4059,4356,3753,4167,3897,4365,3735,3879,3618,3762,4500,4338,3870,4023,4095,4257,4446,4149,4185,3978,3861,3627,4374,3816,
Shot 10:4518,4527,
Shot 11:4671,4635,4653,4644,4662,4680,
Shot 12:5202,4806,4851,4734,4968,5103,4941,5121,5040,5229,4743,4833,5022,5130,4752,4842,4923,5220,5049,5139,5031,4824,5013,4860,4950,4959,4761,5112,5058,5148,4932,5004,4770,4869,5067,5211,4914,5157,
Shot 13:5346,5238,5436,5319,5418,5301,5535,5427,5310,5328,5247,5526,5409,5337,5445,5256,5355,
Shot 14:6723,5571,6354,6048,5742,5985,6579,6525,6237,6435,5841,6642,6255,5544,5715,6552,6462,5724,6003,6111,5859,6651,6561,6633,6372,6336,6120,5553,6228,5877,5850,6660,6102,6543,5706,6012,5832,6246,6570,5994,6021,6390,6471,6534,6453,6741,6480,6669,6219,6093,6624,6345,6327,6129,6516,6444,6363,5562,5733,6426,6381,5679,6678,6030,5868,6489,6732,6138,6588,
Shot 15:6750,6759,
