Shot 0:9,36,18,
Shot 1:45,
Shot 2:54,
Shot 3:63,
Shot 4:216,333,504,450,324,72,
Shot 5:999,810,1170,1224,1044,1098,954,828,1071,1116,675,567,756,1017,549,1080,621,
Shot 6:1710,2169,1647,1692,1521,1845,2052,2007,1287,1836,1332,1665,1413,1854,1935,1791,1386,2133,1737,1755,2124,1953,1881,2043,1566,2097,1449,2196,1908,1431,1593,
Shot 7:2241,2304,2349,2412,2385,2232,
Shot 8:2556,2619,2799,2430,2673,2709,2529,2691,2718,
Shot 9:2889,2880,2916,3042,3051,2844,2961,2898,3006,2871,
Shot 10:3483,3312,3447,3168,3222,3573,3339,3195,3537,3249,3141,3375,3240,3294,3114,3393,3600,3510,3474,3258,3060,
Shot 11:3609,
Shot 12:3618,
Shot 13:3663,3645,3654,
Shot 14:3672,3681,
Shot 15:3690,
Shot 16:3780,3717,3753,3735,3744,3771,
Shot 17:3789,
Shot 18:3798,3807,
Shot 19:3825,3834,
Shot 20:3852,
Shot 21:3879,3897,
Shot 22:3933,3915,3924,
Shot 23:3942,
Shot 24:3969,
Shot 25:3987,
Shot 26:4005,4023,
Shot 27:4032,4050,
Shot 28:4059,4077,
Shot 29:4095,4122,
Shot 30:4140,
Shot 31:4167,
Shot 32:4176,
Shot 33:4185,
Shot 34:4221,4212,4203,
Shot 35:4248,4302,4284,4257,
Shot 36:4329,4338,
Shot 37:4419,4356,4365,4347,4401,4437,4383,
Shot 38:4446,4482,4464,
Shot 39:5310,4707,4653,4977,4797,4968,4545,4743,4563,5733,4878,4824,4815,5526,5067,4626,5022,4923,4959,4689,4500,4518,4734,4581,4932,5454,4779,5373,4590,5004,4527,4905,4896,5247,4752,4725,5193,5040,4788,5265,5175,5301,
Shot 40:6021,6111,5967,6039,6075,5922,5904,
Shot 41:6165,6138,6129,6219,6354,6192,6336,
Shot 42:7551,8001,7434,8145,7776,7407,6372,7128,8163,6750,7452,6651,6480,7164,7623,6885,8010,7056,6426,7803,6516,7281,6453,7146,6633,7983,7353,6804,6831,7920,6930,6552,7317,8019,8091,7047,7947,7596,6723,7704,7398,7839,6777,8055,7812,7182,6957,6615,7722,8154,7299,7326,7020,
