Shot 0:9,18,
Shot 1:36,45,27,
Shot 2:54,63,
Shot 3:261,72,81,99,117,
Shot 4:423,450,
Shot 5:756,459,801,621,729,783,
Shot 6:909,990,999,846,873,954,936,
Shot 7:1026,1008,1017,
Shot 8:1035,1044,
Shot 9:1530,1710,1206,1782,1764,1746,1683,1557,1179,1224,1665,1620,1062,1314,1701,1647,1494,1422,1719,1602,1188,1152,1305,1773,1440,1467,1548,1107,1872,1863,
Shot 10:1908,1962,1881,1953,1899,1917,
Shot 11:2016,
Shot 12:2151,2367,2178,2457,2484,2439,2394,2169,2124,
Shot 13:2493,2619,2610,2583,2547,2502,
Shot 14:2790,2655,2745,2628,2817,2709,2646,2664,2637,2772,2835,2781,
Shot 15:2862,2925,2898,2880,2844,
Shot 16:2961,2934,2952,
Shot 17:3024,3213,3150,3186,3114,3087,2970,
Shot 18:3294,3285,3339,
Shot 19:3348,3357,
Shot 20:3366,3375,
Shot 21:3402,3411,3384,3393,
Shot 22:3420,
Shot 23:3429,
Shot 24:3555,3672,3645,3663,3582,3564,3600,
Shot 25:3690,
Shot 26:3798,3960,3879,3717,
Shot 27:4041,4005,4086,3969,4131,4032,4068,3987,4023,4077,4059,4104,4158,4149,
Shot 28:4320,4167,4356,4266,4374,4338,4293,
Shot 29:4419,4401,4428,
Shot 30:4518,4437,4482,4500,4581,
Shot 31:4779,4590,4599,4788,4743,
Shot 32:4806,4797,4815,
Shot 33:5157,5193,5895,5382,5931,5661,5463,5526,5787,5445,5634,5724,5427,5607,5859,5814,5868,5481,5355,5571,5391,5283,5373,5913,5697,5877,5400,5175,5274,5886,5301,5904,5184,5202,5166,4860,5292,4914,
Shot 34:6012,5967,6039,5994,5985,6030,6003,6021,
Shot 35:6228,6084,6201,6111,6237,6219,
Shot 36:6264,6255,6273,6246,
Shot 37:6345,6282,6291,6300,
Shot 38:6435,6408,6453,
Shot 39:6462,6471,6489,6480,
Shot 40:6588,6507,6606,6543,6597,
Shot 41:6624,6642,
Shot 42:6678,6696,
Shot 43:7110,7029,6831,7038,7155,7002,7020,6768,7056,7047,6750,6741,7074,6777,6732,6759,6993,6912,7011,7101,6822,7119,
Shot 44:7263,7389,7371,7380,7344,7209,7281,
Shot 45:7902,7416,7542,7839,7506,7434,7461,7425,7794,7524,7812,7821,7443,7632,7479,7803,7830,7533,7560,7938,7848,
Shot 46:8010,7983,8037,
Shot 47:8361,8082,8334,8280,8415,
Shot 48:8451,8523,8541,8424,
Shot 49:8550,8559,
Shot 50:8568,
Shot 51:8586,8649,8604,8577,8595,8613,
Shot 52:8802,8919,8856,8766,
Shot 53:9090,9261,9450,9369,9225,9027,9072,8946,9333,9441,9405,9117,9081,9099,9063,
Shot 54:9720,9657,9477,9495,9963,9972,9729,10008,9702,9999,9459,10026,9936,9504,9693,9711,9990,10017,9765,9585,9945,9927,9855,9954,
Shot 55:10035,
Shot 56:10044,
Shot 57:10233,10053,10152,
Shot 58:10521,10341,10476,10323,10503,10512,10485,10494,
Shot 59:10584,10620,10602,10530,
Shot 60:10683,10629,10755,10665,10647,10710,10719,10656,10701,
Shot 61:10782,10818,10800,10764,
Shot 62:11025,10827,10845,10944,10899,10980,10836,11052,11007,
Shot 63:11232,11124,11205,11277,
Shot 64:11286,
Shot 65:11295,11304,
Shot 66:11322,11331,11340,11313,
Shot 67:11439,11754,11349,11736,11574,11394,11457,11763,11367,11421,11475,
