Shot 0:162,9,144,153,171,
Shot 1:459,468,216,
Shot 2:486,477,495,
Shot 3:567,558,576,
Shot 4:1206,1386,702,648,819,630,738,873,1044,1125,684,837,801,1296,936,657,1071,1035,810,639,720,1260,999,1341,1170,1152,1323,900,1233,1062,1179,621,1098,1359,1080,1188,1215,
Shot 5:1404,1431,1422,1395,1413,
Shot 6:1440,1449,
Shot 7:1584,1683,1593,1530,1629,1467,1602,1620,1575,
Shot 8:1710,1746,1728,1701,1737,
Shot 9:1782,
Shot 10:1845,1818,1863,1827,1836,1854,1890,
Shot 11:1926,1989,
Shot 12:2052,2079,2088,2070,2061,2043,
Shot 13:2106,2142,2133,2097,2124,
Shot 14:2205,2340,2286,2367,2313,2232,2151,2358,2268,
Shot 15:2475,2430,2394,2385,2412,2457,2403,2439,2484,
Shot 16:2493,2574,2511,
Shot 17:2709,2718,2727,2736,
Shot 18:2826,3132,2907,3195,2943,2862,2745,2889,2799,
Shot 19:3231,
Shot 20:3339,3348,3330,
Shot 21:3357,3366,
Shot 22:3375,3384,
Shot 23:3393,3420,
Shot 24:3582,3645,3519,
Shot 25:3672,3762,3798,3780,3906,3771,3789,4032,3933,4068,3807,
Shot 26:4086,4122,4113,4077,
Shot 27:4203,4266,4131,
Shot 28:4572,4320,4509,4554,4302,4311,4347,4293,4545,4518,4491,4500,4482,4563,
Shot 29:4581,4680,
Shot 30:4968,4833,4815,4959,4950,4977,4824,
Shot 31:5121,5193,5058,5094,5148,5175,5139,5085,4986,5067,5184,5202,5103,5040,5130,
Shot 32:5364,5220,5283,5247,5238,5256,5310,5391,
Shot 33:5526,5562,5490,5436,
Shot 34:5616,5625,
Shot 35:5652,5661,5643,
Shot 36:5868,5994,6003,5688,5715,5670,5733,5778,
Shot 37:6084,6147,6030,6111,6120,6012,6039,6021,6093,6129,6138,6048,6102,
