Shot 0:1017,99,234,450,1116,54,675,594,9,477,351,630,27,135,756,378,837,1035,540,504,531,693,900,549,171,657,306,1098,261,207,
Shot 1:1134,1143,
Shot 2:1152,
Shot 3:1170,1179,1161,
Shot 4:1251,1215,1188,1206,1278,1260,1197,1233,1269,1242,1224,
Shot 5:1287,1332,1350,1314,1305,1296,1341,
Shot 6:1377,1359,1413,1368,1395,
Shot 7:1431,1440,1422,
Shot 8:1449,1458,
Shot 9:1476,1467,1485,
Shot 10:1503,1512,
Shot 11:1521,1530,
Shot 12:1584,1611,1566,1539,1557,1548,1602,1620,1575,1593,
Shot 13:1629,
Shot 14:1674,1638,1665,
Shot 15:1692,
Shot 16:1746,1755,1737,
Shot 17:1854,1764,2043,1935,2187,2313,1989,1962,2268,1881,2205,1809,1863,1926,1782,2061,2304,1773,2169,2286,2259,1899,
Shot 18:2439,2565,2547,2340,2583,2466,2502,
Shot 19:2925,2718,2664,2763,2862,2844,2970,2871,2619,3015,
Shot 20:3069,3042,3105,
Shot 21:3339,3123,3177,3393,3249,3285,3204,3141,3375,
Shot 22:3420,3402,3879,3798,3618,3834,3888,3825,3474,3546,3708,3933,3762,3663,3636,3915,3600,3969,3492,3447,3690,3987,3411,
