Shot 0:351,234,99,189,9,333,288,396,261,342,378,
Shot 1:639,549,459,765,702,522,594,432,666,675,693,756,504,630,657,648,
Shot 2:801,855,891,828,774,783,
Shot 3:900,954,
Shot 4:972,963,999,
Shot 5:1053,
Shot 6:1368,1206,1278,1080,1233,1152,1170,1296,1251,1269,1116,1098,1179,1161,1323,
Shot 7:1422,
Shot 8:1467,1548,1449,1503,1431,1521,1458,1440,1485,1512,1530,1539,
Shot 9:1584,1602,1647,1557,
Shot 10:1674,1656,1683,
Shot 11:1890,1710,1935,1944,1764,1755,1719,1980,1908,1782,1701,1863,1998,1917,1962,1818,
Shot 12:2025,2034,2016,2052,
Shot 13:2097,2511,2394,2277,2466,2142,2295,2313,2358,2349,2493,2331,2448,2232,2502,2286,2367,2475,2340,2070,2259,2196,2376,2169,2151,2106,
Shot 14:2583,2520,2601,2547,2538,2556,2592,
Shot 15:2655,2619,2628,2772,2718,2691,2745,2673,2700,2763,2637,2790,2727,
Shot 16:2835,2826,2907,2817,2808,2880,2844,2871,
Shot 17:2934,3267,3060,3168,3087,3222,2997,3141,3204,3195,3105,2979,3213,2961,3033,3249,3015,2988,3078,2970,3276,2916,2925,
Shot 18:3672,3978,3780,3420,4023,3483,3303,3555,3582,3708,3456,4032,3285,3339,3996,3960,4005,3321,3762,3375,3816,3906,3627,3294,3933,3861,3438,3888,3600,3951,3645,3915,3312,3663,3681,
Shot 19:4041,
Shot 20:4527,4365,4401,4230,4167,4257,4392,4050,4284,4104,4491,4086,4185,4122,4347,4455,4419,4248,4302,4203,4059,4266,4482,4140,4518,
Shot 21:4554,4617,4599,4572,4590,4581,4536,
Shot 22:4626,4653,
Shot 23:4662,4671,
Shot 24:4707,4788,4878,4752,4680,4734,4833,4725,4698,4797,4689,4716,
Shot 25:5400,6138,4959,5805,5157,5850,5769,5580,6021,5877,4968,6048,5328,4986,5544,5238,5652,6165,5571,6003,5931,6075,5913,5256,4896,5130,5895,5778,5067,5490,5625,5823,4923,5193,5868,5733,6093,5013,5904,5751,5562,6120,5247,5886,5364,5283,5031,5418,5841,
Shot 26:6219,6174,6183,6210,6201,
Shot 27:6300,6444,6372,6498,6435,6390,6264,6228,6354,6516,6561,6534,6381,6471,6282,6525,6309,
Shot 28:6975,6660,6957,6858,6768,6813,6903,6723,6732,6840,6930,6606,6696,6741,6885,6750,6948,6822,6849,6966,6984,
Shot 29:7065,7146,7119,7056,
Shot 30:7164,
