Shot 0:900,270,9,981,216,1035,333,315,1071,1026,846,1062,324,954,855,927,306,234,891,279,261,999,
Shot 1:1530,1098,1782,1080,1386,1683,1413,1485,1503,1089,1638,1719,1377,1656,1404,
Shot 2:2016,2304,2259,1791,2331,2070,2295,1998,2250,2232,2241,2196,2169,2088,
Shot 3:2349,2340,2394,
Shot 4:2574,2403,3006,2538,2997,2907,2772,2718,2628,3060,2655,2457,2763,2925,2484,3051,2826,2430,2610,3033,2727,2493,2691,2511,2916,
Shot 5:3132,3141,3123,
Shot 6:3240,3321,3276,3294,3204,3213,3330,3150,
Shot 7:3483,3411,3384,3402,3492,3393,3474,
Shot 8:3681,3501,3771,3582,3564,3780,3816,3672,3537,3690,
Shot 9:3825,
Shot 10:3879,3906,3888,3834,
Shot 11:3915,
Shot 12:3960,3951,3978,3924,3969,
