Shot 0:288,9,81,54,180,675,972,954,153,126,738,261,630,900,333,360,459,801,603,414,432,504,441,531,567,486,
Shot 1:990,
Shot 2:999,
Shot 3:1017,1008,1026,
Shot 4:1035,1044,
Shot 5:1062,1089,1071,1053,
Shot 6:1107,1143,1125,1116,1134,1098,1152,
Shot 7:1161,
Shot 8:1206,1170,1179,1188,1215,
Shot 9:1224,1233,
Shot 10:1251,
Shot 11:1260,1278,
Shot 12:1296,
Shot 13:1332,1314,1305,1323,
Shot 14:1341,1350,
Shot 15:1431,1395,1359,1440,1386,1377,1404,1368,1422,
Shot 16:1449,
Shot 17:1494,1503,1485,
Shot 18:2664,1737,1989,2223,2160,1971,1539,2412,1917,1575,2097,2646,2196,1611,2259,2313,2079,2601,1926,1863,2520,1674,1881,1953,1683,2304,1512,1629,2430,2871,1647,1701,2691,2124,2574,2628,1755,2556,2718,2781,2475,2853,2745,2835,2511,
Shot 19:2916,2880,2943,2889,
Shot 20:3465,3303,3609,3474,3114,2997,3096,3042,3186,3411,3087,2952,3348,3429,3276,3321,3285,3447,3060,3159,3366,
Shot 21:3636,3726,3663,3762,3708,3627,3681,3672,
Shot 22:3942,3825,3852,3879,3933,3906,3951,
Shot 23:3969,
Shot 24:4050,4113,3978,3996,4041,4131,4005,
Shot 25:4149,
Shot 26:4158,4167,
Shot 27:4185,
Shot 28:4617,4473,4698,4716,4779,4653,4761,4284,4851,4554,4383,4275,4815,4608,4212,4338,4860,4680,4743,4365,4248,
Shot 29:5022,5040,4977,4950,4923,4869,5049,4995,4941,4896,5085,
Shot 30:5292,5283,5346,5256,5211,5328,5157,5112,5175,5193,5247,
