Shot 0:18,27,9,
Shot 1:1224,288,657,549,1125,603,639,783,702,1242,108,621,468,1179,54,756,936,891,1098,270,855,360,873,
Shot 2:1431,1512,1665,1323,1557,1485,1710,1728,1539,1305,1449,1530,1395,1476,1503,1332,1341,1440,1458,1377,1386,1368,1359,1314,1350,1422,1467,1296,1287,1260,
Shot 3:4158,2961,2430,2295,3591,2853,2313,4365,3258,2097,2979,4077,2655,2673,3447,1809,3510,1863,2898,2034,4320,2286,2664,3546,2304,3357,4293,2970,2808,4023,4095,2619,4266,3735,4311,3978,2691,4005,1836,2646,2151,2394,1980,4149,1998,4329,4122,2484,1827,3834,2061,3330,2133,4050,3852,3384,1962,2349,3888,2556,
Shot 4:4410,
Shot 5:4896,4788,4833,4887,
Shot 6:4923,
Shot 7:4941,4950,4932,
Shot 8:4986,5004,4995,4959,4968,4977,
Shot 9:5013,
Shot 10:5031,5022,5040,
Shot 11:5049,5058,
Shot 12:5166,5067,5157,
Shot 13:5193,5220,
Shot 14:5949,5328,5580,5274,6336,5337,5652,5814,5841,5418,5616,6291,6003,6273,5733,5985,6318,5517,5373,6210,5598,5634,6183,5679,5967,5895,5715,6138,6012,6102,6165,5697,5778,5724,5670,5760,5796,6021,5922,5823,5913,
Shot 15:6390,6408,
Shot 16:6417,
