Shot 0:306,27,756,675,837,1116,54,1008,351,9,450,594,540,99,477,585,657,135,1035,504,378,900,1098,531,630,261,693,198,549,234,162,
Shot 1:1134,1143,
Shot 2:1152,
Shot 3:1170,1179,1161,
Shot 4:1215,1188,1233,1206,1224,1242,
Shot 5:1251,1260,
Shot 6:1278,1287,1269,
Shot 7:1332,1305,1296,1314,
Shot 8:1341,1350,
Shot 9:1377,1413,1359,1368,1395,
Shot 10:1431,1422,1440,
Shot 11:1449,1458,
Shot 12:1476,1467,1485,
Shot 13:1503,1512,
Shot 14:1539,1530,1521,1548,
Shot 15:1584,1566,1602,1557,1593,1575,
Shot 16:1629,1638,1674,1656,1620,1611,
Shot 17:1683,
Shot 18:1692,
Shot 19:1746,1737,1755,
Shot 20:1899,2034,1863,1764,2259,2313,1962,1881,2268,1782,2052,1809,2187,2304,1791,1935,1989,1773,1926,2205,1800,1854,2286,
Shot 21:2502,2340,2547,2583,2619,2718,2664,2466,2439,
Shot 22:2862,2844,2925,
Shot 23:2970,
Shot 24:3141,3492,4410,3177,5013,4887,5040,4419,4284,4752,3474,4905,3915,4671,4356,4932,4401,3636,4365,3105,5202,4698,4959,4086,3888,4113,3447,3798,3402,4536,4545,3123,5004,4041,3987,3591,4059,4743,4725,4968,3969,4599,3420,4815,3762,3933,3663,4923,3690,4455,4302,4707,3582,4338,4635,3546,5184,4716,3042,3285,4572,3393,3411,3069,3204,3240,3375,3339,3015,
Shot 25:5472,5310,5409,
Shot 26:5643,6300,6102,5850,5544,5688,6003,6183,5823,6201,6336,5724,5787,5877,6255,5580,6156,5769,5994,5967,5886,6282,6129,6237,5598,5922,5490,5940,5661,6048,6084,6363,
