Shot 0:288,117,927,153,54,81,945,612,9,171,711,513,342,423,576,873,396,765,648,441,468,324,549,486,252,
Shot 1:972,963,981,
Shot 2:1062,1143,1134,1125,1026,999,1215,1224,1053,1170,1035,1152,1197,1107,1098,1089,1188,990,1071,1161,1080,1044,1017,
Shot 3:1233,1242,
Shot 4:1260,1269,
Shot 5:1287,1296,1278,
Shot 6:1305,1314,
Shot 7:1332,1359,1395,1368,1386,1404,1350,1323,1341,
Shot 8:1413,
Shot 9:1467,1476,1458,
Shot 10:2610,1944,1638,1701,1908,1485,2475,2124,2061,1890,2565,1926,1818,2367,2646,2151,1557,1503,1566,1539,2592,2385,2088,1665,1593,1836,2178,1881,2223,1719,2700,1611,2034,2529,2556,2268,2736,2583,2511,2808,2664,2790,2439,
Shot 11:2844,2835,3375,3366,2925,3447,3294,3339,2871,3015,3141,2880,3078,3330,3303,2970,3105,3060,2907,3474,3114,3069,3168,2943,2853,2961,3159,3492,2826,
Shot 12:3726,3600,3762,3573,3771,3627,3519,3618,3591,3672,3753,3537,3735,
Shot 13:3780,
Shot 14:4212,3996,3807,4284,4185,3951,4230,4149,3834,4248,3969,3933,4077,4167,
Shot 15:4329,4293,4392,4374,4401,4320,4410,4365,4419,4347,4311,
Shot 16:4446,4608,4491,4455,4554,4545,4563,4509,4590,4473,4527,
