Shot 0:216,9,18,45,
Shot 1:306,252,459,414,333,324,405,315,423,351,243,288,441,279,
Shot 2:486,495,477,
Shot 3:936,1485,585,1350,603,756,1494,891,819,1197,1098,1341,927,846,1251,1404,720,1152,666,648,1431,828,711,1260,900,1143,1476,1278,792,1521,576,675,1008,855,612,729,639,963,765,918,504,657,1089,1395,693,783,990,954,
Shot 4:1620,1539,1656,1557,1584,1611,1566,1647,1575,1602,1629,
Shot 5:1665,
Shot 6:1674,
Shot 7:1692,1683,1701,
Shot 8:1998,3339,2691,1764,2817,3114,3843,3402,2826,3807,3609,2871,1710,3438,3150,2448,2844,2925,3528,1719,2790,3366,3519,3015,2169,2340,1908,3249,2502,1755,3186,2655,2106,2673,3222,3474,3537,2637,1809,2808,2628,2772,3078,1728,1917,3465,2358,2736,3816,1773,2646,2862,3699,2853,1890,2745,2682,3024,1737,1836,2187,2349,1863,2709,3348,1845,2727,3195,2763,3762,2520,3681,2916,2664,3447,2016,3546,3123,3501,2034,3258,2232,1989,2115,3483,3618,2835,3771,2007,1782,2511,1980,2718,3213,2088,1971,3132,
Shot 9:5067,3915,4968,4851,5283,4977,5238,5301,3852,4464,5265,4212,3870,4914,3933,5112,5094,5274,5040,5148,5058,5130,5085,5256,4203,4842,
Shot 10:5328,5364,5310,5319,
Shot 11:5373,5382,
Shot 12:5391,
Shot 13:5400,5463,5499,5508,5418,5427,5490,
Shot 14:5526,
Shot 15:5643,5571,5580,5598,5733,5544,5607,5715,5535,5553,5616,5661,5652,5589,5706,5634,5625,
Shot 16:5760,5769,
