Shot 0:9,
Shot 1:72,81,
Shot 2:117,198,243,225,162,171,90,252,207,153,99,108,
Shot 3:3267,3096,639,3078,1431,3564,2025,279,729,2997,1395,810,603,2007,2385,3087,2376,432,1071,2484,2268,2898,2655,1935,531,1746,477,927,765,1611,2835,2070,2547,1908,2943,3186,2520,3348,1890,342,909,2745,1017,864,2259,855,1143,1620,2574,1728,1764,450,2925,2412,1539,2151,288,549,2871,1791,2799,3105,1107,2133,3213,3528,1899,2394,306,1773,2502,2403,2934,612,1800,1584,3159,1341,2457,3051,396,1692,1287,891,1917,2628,513,2088,801,1368,1053,3123,2538,2286,837,3240,945,3546,3411,1125,990,3483,2304,1863,1386,738,2115,3204,3321,3006,2862,630,3024,1593,2781,2511,2961,1548,3276,3222,3294,3249,936,360,3285,468,2583,387,1467,711,441,3303,3447,774,1656,1035,2916,2601,1737,3132,783,297,459,2529,3258,3573,2889,3555,3537,3042,3033,
Shot 4:3582,
Shot 5:3933,4554,4059,4500,3726,3798,3645,4437,4518,4203,3960,4032,4275,4131,3951,4383,4050,3591,4248,4212,4536,3771,4509,3744,4320,4122,3987,4023,4140,4608,4194,3690,4329,4176,4464,4104,3825,4086,3843,4293,4158,4482,4221,4428,4113,4491,4356,4410,3915,4401,3897,3906,
Shot 6:4617,
Shot 7:4734,4662,4644,4707,4626,4743,4689,4761,4725,
Shot 8:4779,4797,4788,4770,
Shot 9:4815,4842,4806,4824,
Shot 10:4878,4869,4860,
Shot 11:4959,4923,4896,4932,4941,4905,4968,4950,
Shot 12:4977,4986,
Shot 13:5148,5013,5040,4995,5004,5022,5058,5067,5031,5049,5094,5112,5157,5139,
Shot 14:5166,5175,
