Shot 0:90,414,180,405,306,396,315,135,54,234,387,36,9,45,288,153,117,27,144,126,198,81,324,162,189,99,
Shot 1:423,
Shot 2:459,432,441,450,
Shot 3:558,567,522,495,486,513,504,477,549,
Shot 4:576,
Shot 5:585,
Shot 6:630,594,612,675,648,621,639,
Shot 7:738,864,801,828,837,855,792,810,693,765,756,774,783,702,711,720,
Shot 8:873,
Shot 9:891,882,900,
Shot 10:945,1008,999,1035,918,1017,972,909,990,954,1026,927,963,981,936,
Shot 11:1080,1134,1053,1044,1152,1062,1071,
Shot 12:1161,1170,
Shot 13:1188,1206,1179,1197,
Shot 14:1215,1224,
Shot 15:1233,1242,
Shot 16:1251,
Shot 17:1260,
Shot 18:1269,
Shot 19:1278,1287,
Shot 20:1296,
Shot 21:1305,1314,
Shot 22:1368,1341,1332,1359,1350,
Shot 23:1377,1386,
Shot 24:1530,1467,1458,1413,1665,1638,1674,1449,1395,1422,1476,1485,1647,1503,1512,1620,1566,1602,1521,1656,1494,1584,1575,
Shot 25:1683,
Shot 26:1818,1701,1692,1773,1719,1710,1827,1836,1746,1737,
Shot 27:1935,1881,1872,1962,1971,1998,1953,2061,1989,1917,2043,1908,1899,2016,1944,1926,
