Shot 0:180,9,162,153,171,189,
Shot 1:468,495,540,486,504,477,225,
Shot 2:585,648,567,639,621,576,
Shot 3:1026,666,891,720,1053,810,864,702,837,738,1044,927,657,990,765,945,
Shot 4:1071,1062,1080,
Shot 5:1179,1116,1161,1206,1089,1152,1197,1170,1098,1188,
Shot 6:1350,1224,1278,1377,
Shot 7:1422,1476,1440,1467,1404,1458,1431,1449,1413,
Shot 8:1782,2061,2088,1602,1872,1512,1737,1845,2097,2079,2052,1926,1836,1854,1728,2070,1638,1710,1863,1593,1827,1746,1611,1557,1719,1980,1629,1665,1800,1755,1584,
Shot 9:2133,2106,2151,2115,
Shot 10:2214,2394,2295,2322,2250,2376,2340,2160,2277,
Shot 11:2808,2493,2439,2745,2520,2403,2484,2754,2736,2421,2466,2412,2682,2718,2457,2502,2574,2835,2763,
Shot 12:2898,2871,2916,
Shot 13:3195,3051,2952,3231,
Shot 14:3240,
Shot 15:3348,3357,
Shot 16:3420,3366,3384,3393,3375,3402,
Shot 17:3582,3663,3618,3528,
Shot 18:3789,3681,3753,3780,
Shot 19:3807,3816,3798,
Shot 20:4077,4086,3915,3942,4005,4032,4050,
Shot 21:4185,4122,4095,4104,4221,4131,4140,
