Shot 0:9,
Shot 1:306,27,234,162,117,207,450,90,513,378,261,369,414,432,333,396,270,
Shot 2:540,567,
Shot 3:612,738,720,657,765,693,603,639,
Shot 4:828,
Shot 5:1080,936,1179,1098,900,945,963,1053,1161,
Shot 6:1206,
Shot 7:1215,
Shot 8:1224,1242,1233,
Shot 9:1404,1431,1296,1260,1422,1323,1287,1440,1377,1332,1269,1305,1341,1458,1368,1251,1386,1359,1350,1413,1476,1278,
Shot 10:1485,1503,
Shot 11:1521,
Shot 12:1539,1566,1548,1530,
Shot 13:1575,
Shot 14:1584,1593,
Shot 15:1701,1683,1602,1656,1728,1611,1638,1719,1620,1674,1737,1692,1746,1665,1647,
Shot 16:1755,
Shot 17:1800,1827,1818,1809,
Shot 18:2358,1926,2385,2331,1845,1998,1872,2034,2214,2250,1989,2322,2124,2106,1971,1944,2232,2376,1917,2268,1836,2052,2043,2367,
Shot 19:2403,2511,
Shot 20:2538,2565,
Shot 21:2610,2646,2628,
Shot 22:2682,2700,
Shot 23:2790,2727,2808,2844,2781,
Shot 24:2970,2916,2934,3015,
Shot 25:3033,
Shot 26:3150,3078,3132,3105,3141,3168,
Shot 27:3429,3249,3186,3348,3204,3357,3312,3447,3276,3393,3213,
Shot 28:3474,3483,3465,
Shot 29:3978,4005,3924,3789,4185,4131,3717,3645,4140,3555,4167,3960,3510,4311,3933,4095,3915,4032,4077,3672,4059,3951,4086,3609,3537,3807,3843,3762,3618,3528,3690,4113,3753,3735,
Shot 30:4383,4554,4446,4455,4419,4428,4392,4365,4338,4527,
Shot 31:4662,4626,4698,4572,4689,4599,
Shot 32:4788,4752,4914,4734,4941,4842,4779,4770,4725,4824,
Shot 33:4959,4977,
Shot 34:4995,5013,
Shot 35:5517,5337,5319,5040,5661,5787,5490,5139,5625,5715,5031,5112,5229,5067,5805,5796,5121,5553,5436,5274,5499,5211,5580,5688,5751,5607,5193,5175,
Shot 36:5913,5814,5949,6012,5877,6066,6030,5967,5841,5994,5895,5832,
Shot 37:6318,6471,6273,6300,6381,6129,6354,6219,6147,6246,6156,6102,6201,6183,6255,
Shot 38:6498,
