Shot 0:36,9,54,
Shot 1:198,126,234,144,216,162,225,135,189,
Shot 2:288,
Shot 3:297,306,
Shot 4:315,
Shot 5:333,369,351,360,324,342,
Shot 6:378,
Shot 7:387,405,
Shot 8:477,414,423,513,504,432,531,495,522,441,540,468,486,450,
Shot 9:549,
Shot 10:558,
Shot 11:648,567,576,585,594,603,675,612,630,621,657,666,
Shot 12:684,693,
Shot 13:738,702,720,729,
Shot 14:756,774,810,792,747,783,765,
Shot 15:846,864,855,828,819,837,
Shot 16:891,945,873,909,918,936,900,882,
Shot 17:999,1125,1134,1062,1071,954,1017,972,
Shot 18:1413,1143,1152,1503,1476,1215,1440,1386,1431,1485,1512,1359,1494,1350,1161,1404,1269,1197,1467,1395,1368,1422,
Shot 19:1521,
Shot 20:1638,1539,1710,1683,1548,1566,1701,1692,1584,1557,1656,1665,1593,1647,1575,1620,1530,1611,
Shot 21:1809,1728,1737,1719,1791,1746,1827,1863,1971,1755,1899,1935,1872,1944,1836,1917,
Shot 22:2061,2079,2007,2034,2016,2043,2070,
Shot 23:2142,2097,2178,2106,2169,2088,2115,2151,
Shot 24:2187,
Shot 25:2349,2205,2214,2241,2196,2367,2286,2376,2340,2250,2331,2277,2358,2394,2385,
Shot 26:2412,
Shot 27:2421,
Shot 28:2520,2628,2646,2583,2430,2637,2610,2466,2592,2448,2556,2511,2547,2601,2574,2529,2565,2439,2538,
Shot 29:2700,2664,2673,2655,2682,2691,
Shot 30:3465,2862,2709,3555,3033,2907,3429,2943,3546,2763,3024,3204,3438,2835,2916,2961,3321,2898,3537,2718,2934,2880,3159,3168,2979,3015,3411,3186,3213,3366,3231,2817,2853,3420,3357,3051,3312,3339,3177,3042,3402,3078,3294,3150,3510,3222,3087,3375,3276,2772,3519,3060,3114,3258,2727,3348,3096,3285,3483,3492,2826,2799,3456,2781,
Shot 31:3564,3573,
Shot 32:3582,3591,
Shot 33:3600,
