Shot 0:162,1062,1332,1494,1449,1188,1080,1152,972,1071,1431,1035,747,1044,1593,1521,693,1170,396,1251,765,810,1512,1206,1269,1458,729,684,1440,1008,1017,1575,81,1548,846,270,891,792,909,1089,567,558,1224,216,1323,702,477,1314,594,441,1584,1197,873,576,1395,675,432,297,1539,1557,1530,549,1485,1098,36,837,1134,261,1377,882,612,1413,414,774,783,1422,945,1161,720,450,288,540,72,648,243,990,1296,279,90,486,360,981,9,1179,639,387,1503,531,954,27,1143,306,45,504,351,117,756,936,468,1566,1602,315,324,513,855,1278,378,459,522,1467,198,108,1404,144,234,864,342,738,63,207,1260,711,1125,405,1305,423,1476,1116,180,1242,1287,
Shot 1:1611,1620,
Shot 2:1629,1638,
Shot 3:1647,1656,
Shot 4:1665,1674,
Shot 5:1683,1692,
Shot 6:1710,1701,1719,
Shot 7:1764,1800,1854,1809,1872,1791,1863,1827,1737,1728,1746,1818,1782,1845,1836,1773,1755,
Shot 8:1881,1890,1899,
Shot 9:1917,1926,1908,
Shot 10:1935,1953,1971,1944,1962,
Shot 11:1980,
Shot 12:1989,1998,
Shot 13:2025,2007,2061,2052,2016,2034,
Shot 14:2070,2079,
Shot 15:2097,2115,2106,2088,
Shot 16:2124,2133,
Shot 17:2295,2331,2466,2151,2214,2484,2142,2187,2304,2358,2259,2196,2376,2205,2169,2448,2160,2178,2439,2232,2403,
Shot 18:2799,3042,3141,3159,3060,3033,3150,2916,3087,2664,3132,3078,2718,3114,3096,2574,2538,2790,3006,2844,2529,3069,3105,2700,2853,2556,2619,3168,2997,2646,2871,2781,2754,3051,2961,3123,2952,2907,2682,2583,2493,2835,2520,3015,2745,2655,2673,2565,2925,2943,2592,2817,2772,2826,2502,2601,2808,
Shot 19:3177,
