Shot 0:9,
Shot 1:225,441,333,162,351,396,369,261,342,387,405,378,360,243,234,252,270,36,189,297,
Shot 2:540,702,774,666,864,729,783,576,720,837,693,711,846,567,684,549,603,738,558,873,810,504,531,828,765,513,585,459,450,486,675,522,
Shot 3:1314,1107,963,1170,1242,1062,1116,1224,1260,990,1332,1296,900,981,1287,1197,954,1134,1215,1350,1044,1323,1251,1305,945,1278,1206,1269,
Shot 4:1404,1440,1449,1386,1431,1413,1422,1395,
Shot 5:1458,
Shot 6:1512,1647,1593,1620,1602,1656,1539,1584,1566,1629,1521,1485,1611,1494,
Shot 7:1719,1674,1701,1746,1665,1728,1692,1737,1710,
Shot 8:1755,1764,
Shot 9:1773,1800,1809,1782,
Shot 10:1881,1845,1899,1827,1863,1890,
Shot 11:1908,
Shot 12:1944,2025,2007,1971,1962,1989,1953,1917,
Shot 13:2052,
Shot 14:2061,2070,
Shot 15:2115,2079,2088,2124,2106,
Shot 16:2259,2187,2241,2133,2196,2169,2250,2223,2214,2178,
Shot 17:2268,2277,
