Shot 0:36,72,9,
Shot 1:171,126,81,198,
Shot 2:207,243,
Shot 3:252,
Shot 4:333,405,342,396,387,432,378,297,
Shot 5:450,558,468,
Shot 6:567,585,
Shot 7:702,729,603,675,684,621,720,
Shot 8:756,
Shot 9:882,981,1125,900,1026,1152,918,783,1071,963,1080,909,891,792,828,
Shot 10:1161,
Shot 11:1197,1170,1305,1269,1179,1296,1251,1242,1206,
Shot 12:1341,1323,1314,1350,1332,
Shot 13:1413,1557,1368,1449,1476,1521,1431,1422,1548,1386,1512,1485,1440,1404,1494,
Shot 14:1575,1584,1566,
Shot 15:1629,1737,1728,1800,1593,1764,1611,1665,1692,1701,1791,1674,1809,1773,1683,1638,1782,1602,1647,1620,
Shot 16:1818,1836,
Shot 17:1845,
Shot 18:1854,1881,1872,1863,
Shot 19:2025,1899,2088,1989,2169,1998,1962,1971,1935,1953,2034,2115,2007,2079,
Shot 20:2187,2241,2205,2178,2196,2223,
Shot 21:2295,2313,2259,
Shot 22:2322,2331,2367,2349,2340,
Shot 23:2430,2448,2466,2385,2403,
Shot 24:2565,2493,2538,2484,2583,
Shot 25:2601,2826,2691,2682,2790,2745,2709,2727,2664,2781,
Shot 26:2880,2844,2835,2871,2898,2889,
Shot 27:2970,3042,2943,3051,2907,3024,3033,2979,2925,2988,
Shot 28:3060,3078,
Shot 29:3159,3105,3087,3141,
Shot 30:3168,
Shot 31:3204,3222,3213,3195,
Shot 32:3249,3339,3294,3303,3267,3384,3348,3366,3231,3312,
Shot 33:3429,3393,3402,3411,3420,
Shot 34:3438,3447,
Shot 35:3456,
Shot 36:3465,3474,
Shot 37:3501,
Shot 38:3510,3537,
Shot 39:3591,
Shot 40:3888,3618,3924,3960,3969,3762,3789,3942,
Shot 41:4167,4320,4023,4266,4338,4284,4086,4248,4050,4203,4095,
Shot 42:4401,4392,4437,4419,
Shot 43:4446,4455,
Shot 44:4464,4473,
Shot 45:4500,4509,4563,4482,4536,4491,
Shot 46:4968,5625,5697,5643,5616,5688,4599,4644,5427,5715,5589,5634,4842,4635,5571,4671,5607,5553,5598,5058,5472,5175,4932,4851,5445,4761,5121,5067,4941,4734,5148,5670,4797,4617,4608,4707,5517,4905,5157,5337,5328,5076,5247,4923,
Shot 47:5733,5742,5724,
Shot 48:6021,6093,6120,6165,6138,5994,6147,5895,6084,5796,6066,6102,5760,5778,5850,5958,6111,6030,5805,6156,5769,5868,6057,6201,6012,6075,5751,6192,
Shot 49:6219,6246,6255,6264,6228,
Shot 50:6426,6354,6291,6318,6345,6372,6282,6327,6381,6273,6336,6390,6399,6408,
Shot 51:6471,6435,6462,6444,6453,
Shot 52:6480,6489,
Shot 53:6498,6516,6507,
Shot 54:6525,6534,
Shot 55:6543,
Shot 56:6552,6570,
Shot 57:6597,6579,6606,
Shot 58:6732,6741,6651,6795,6822,6633,6957,6624,6921,6885,6894,6750,6678,6660,6849,6759,6930,6642,6777,6714,
Shot 59:6975,6984,
Shot 60:6993,7002,
Shot 61:7092,7371,7137,7353,7281,7011,7020,7191,7110,7308,7173,7146,7056,7245,7155,7047,7335,
Shot 62:7380,
Shot 63:7425,7497,7461,7389,
