Shot 0:243,405,342,9,414,378,297,216,
Shot 1:423,432,
Shot 2:675,459,549,585,441,747,522,702,621,
Shot 3:756,819,
Shot 4:909,1224,1008,1197,990,1116,1053,855,1215,828,882,945,1179,927,972,
Shot 5:1701,1611,1251,1494,1512,1422,1233,1881,1674,1683,1332,1647,1800,1503,1539,1521,1584,1629,1890,1764,1476,1836,1296,1242,1602,1692,1575,1719,1485,
Shot 6:2124,2070,1989,2007,2025,1935,2052,2295,2097,1899,1971,1998,2277,1917,1962,1908,2232,1980,2034,1953,2106,2115,
Shot 7:2511,2466,2304,2322,2484,2385,2430,2493,2349,2475,2313,2538,2403,2367,2502,2520,
Shot 8:2655,2700,2574,
Shot 9:2880,3060,3024,2745,3033,3042,3015,2808,2934,3051,
Shot 10:3150,3159,
Shot 11:3168,3240,3222,3177,
Shot 12:3249,
Shot 13:3312,3339,3267,3294,3258,3321,
Shot 14:3447,3357,3420,3573,3501,3375,3483,3366,3438,3384,3519,3465,3429,3555,3393,3456,
Shot 15:3735,3816,3636,3780,3690,3825,
Shot 16:3834,
Shot 17:3861,3843,4032,3852,
Shot 18:4185,4113,4068,4212,4140,4176,4194,
Shot 19:4356,4365,4302,4257,
Shot 20:4383,4374,4419,
Shot 21:4428,
Shot 22:4446,4500,4482,4437,
Shot 23:4518,4509,4527,
Shot 24:4662,4572,4608,4626,4653,
Shot 25:4680,4698,
Shot 26:4914,4842,4878,4806,4824,4788,4860,4761,4725,4833,4896,4869,4851,4779,4707,4932,4887,4815,4797,4770,4905,4734,4752,4923,
Shot 27:5373,5031,5679,5148,5616,5589,5103,5769,4950,5193,5166,5337,5598,5580,5175,5355,5265,4977,5445,5364,5184,
Shot 28:6084,5796,5913,6093,
Shot 29:6102,6111,
Shot 30:6255,6273,6246,6264,
Shot 31:6363,6318,6444,6345,6291,6381,6426,6408,6354,6453,6372,6435,
Shot 32:6480,6462,6471,6489,
Shot 33:6498,
Shot 34:6606,6507,6543,6588,6597,6579,6615,
Shot 35:6660,6642,6624,6633,6669,6651,
Shot 36:6687,
Shot 37:6723,
Shot 38:6750,6777,6732,6741,6759,
Shot 39:6840,6804,6867,
Shot 40:6912,6948,6903,6930,6921,6939,
Shot 41:6984,7020,6957,7011,7002,6993,6975,
Shot 42:7065,7074,7101,7047,7083,7092,7029,7038,
Shot 43:7110,7146,7128,7137,7119,
Shot 44:7308,7164,7443,7272,7209,7245,7362,7155,7335,7389,7182,7299,7317,7236,
Shot 45:7452,
Shot 46:7461,
Shot 47:7506,7551,7542,7515,7488,7533,7470,7524,7497,
Shot 48:7578,
Shot 49:7668,7695,7587,7686,
Shot 50:7713,7722,7704,
Shot 51:7740,7767,7776,7785,7758,7731,
Shot 52:7812,7857,7794,7848,7803,
Shot 53:7884,7893,7866,7875,
Shot 54:7938,7911,8001,7929,7965,8055,7902,7974,8028,8037,7956,7983,7920,8046,
Shot 55:8136,8154,
Shot 56:8163,8172,
Shot 57:8190,8181,8199,
Shot 58:8253,8217,8208,8235,8226,8244,8262,
Shot 59:8505,8370,8280,8442,8352,8361,8469,8406,8307,8334,8496,8460,8424,8388,8316,8514,
