Shot 0:1044,9,1584,873,1377,1278,1134,882,954,1575,1242,1296,1287,1206,756,1125,1440,1233,774,1143,1224,1557,405,1116,1098,1314,1350,1422,1170,1152,1161,972,1332,936,1476,1539,1026,945,
Shot 1:1611,1593,1674,1602,1665,1647,1620,
Shot 2:2052,1755,1935,2079,1683,1737,1854,1980,1710,1890,1971,1863,1782,1872,1701,1953,2070,1899,2016,1728,
Shot 3:2169,2259,2106,2232,2097,2124,2088,2151,2133,2115,2205,2250,
Shot 4:2916,2340,2988,2304,2700,3132,2295,3141,3033,2313,2322,2871,3006,2601,2853,3051,2358,3177,3123,2835,2448,3159,3240,2961,3204,3015,3105,3078,2466,2727,2889,2268,3195,3096,2430,2952,2979,3168,2907,2457,2583,2637,2808,3222,3060,2934,2619,2682,3024,2997,2880,3186,3069,2862,2367,2484,2610,2925,2718,2331,2349,
Shot 5:3303,3267,3276,3249,3321,3285,3294,3258,3312,
Shot 6:3339,3348,3330,
Shot 7:3411,3375,3438,3366,3357,3420,3393,3429,3384,3402,
Shot 8:3501,3456,3573,3474,3519,3582,3555,3483,3537,3492,3528,3510,
Shot 9:3654,3780,3762,3735,3618,3681,3726,3609,3627,3771,3600,3744,3645,3708,3753,3672,
Shot 10:3798,3807,3789,
Shot 11:3906,3951,3888,3879,3942,3825,3816,3861,3870,3843,3897,3924,3915,
Shot 12:3969,4005,3996,3978,3960,
Shot 13:4320,4572,4131,4239,4437,4149,4014,4581,4509,4113,4293,4419,4536,4563,4167,4401,4140,4545,4527,4410,4392,4059,4329,4338,4032,4275,4284,4428,4365,4482,4356,4185,4455,4311,4050,
Shot 14:4599,4590,4608,
Shot 15:5130,4617,4716,4905,4779,4725,5076,4860,4761,4635,4671,5040,5022,4914,4752,5148,5049,4878,5013,5085,4923,4950,4707,4932,4770,4626,5031,4896,4842,4698,4644,4824,4887,4689,4959,4797,4941,4653,4734,5175,5103,5058,5220,4986,4968,5139,
Shot 16:5247,5229,5256,
Shot 17:5283,5265,5274,5292,
Shot 18:5301,5310,
Shot 19:5355,5454,5337,5463,5319,5328,5436,5346,5391,5427,
Shot 20:5508,5562,5535,5526,5481,5490,5517,5472,
Shot 21:6012,5904,6192,5598,5661,5868,5625,5697,5607,6156,5715,5679,5589,5796,5877,5931,5751,5832,5733,5922,5760,6174,5850,5985,6120,5949,5958,6003,5994,6030,
Shot 22:6453,6462,
Shot 23:6471,6480,
