Shot 0:693,27,9,162,54,504,675,1116,531,441,585,135,837,756,351,630,477,558,990,99,1035,1098,378,306,540,261,252,
Shot 1:1134,1143,
Shot 2:1152,
Shot 3:1170,1179,1161,
Shot 4:1242,1206,1188,1260,1224,1251,1233,
Shot 5:1287,1269,1296,1314,1305,1278,
Shot 6:1332,1350,1341,
Shot 7:1368,1395,1359,1377,
Shot 8:1422,1413,1431,
Shot 9:1449,1458,
Shot 10:1467,1485,
Shot 11:1584,1503,1566,1530,1611,1548,1557,1602,1512,1539,1575,1521,1593,
Shot 12:1620,1629,
Shot 13:1656,1674,1638,
Shot 14:1683,
Shot 15:1746,1755,1737,
Shot 16:3006,3915,3987,2664,2583,4338,1809,4113,3402,1962,2268,2178,2547,2439,3177,4041,3960,3654,2574,2034,3870,1791,3123,3474,3888,3798,2646,3456,4059,2844,2313,3690,4365,4086,3933,2718,3582,2304,1881,3492,3546,3411,1863,3762,3663,3879,2250,2466,2331,3105,1899,1764,4284,2610,2970,3384,1935,4302,2052,3042,4356,1854,1989,3285,2286,2205,2502,1782,3240,2862,3204,3069,3357,3141,2925,
Shot 17:4428,4410,4401,4518,4419,
Shot 18:4671,5310,4716,5040,5751,4878,4932,5472,5013,5004,4572,4887,5778,5598,5661,5409,4599,4743,5202,4923,5688,4968,5184,4545,5634,4752,4905,4707,5490,4797,4689,4635,
Shot 19:5967,5922,6084,6003,5814,5850,5940,5994,5787,5877,5886,6066,
Shot 20:6174,6156,6129,6102,
Shot 21:6183,6201,
Shot 22:6237,
Shot 23:6255,6282,
Shot 24:6300,6336,6354,
