Shot 0:90,243,45,144,333,135,180,54,279,126,324,9,162,207,297,36,72,27,
Shot 1:450,747,342,594,711,585,603,477,648,612,351,720,
Shot 2:864,972,936,783,963,819,792,945,981,909,837,
Shot 3:1683,1494,1638,1080,1197,1269,1467,1008,1656,1116,1026,1719,1341,1062,1413,1152,1647,1611,1701,1710,1476,1674,1530,1512,1692,
Shot 4:1809,1737,1728,1935,1872,1908,1917,1746,1926,1845,1899,1782,1854,1881,1755,1818,
Shot 5:2655,1989,2808,2358,2799,2448,1971,2034,2718,1944,2520,2772,2187,2088,2790,1953,2232,2646,2475,2097,2781,2304,2151,2061,2538,2745,2016,2403,2673,2259,1980,2601,2331,2664,2583,1998,
Shot 6:2844,2817,2826,2835,2871,
Shot 7:3132,3231,3222,3177,3240,2880,3168,3186,2979,2916,3087,3069,3015,3096,3123,3150,3006,2997,3195,
Shot 8:3276,3348,3357,3339,3267,3303,
Shot 9:3375,3411,3483,3474,3420,3402,3366,
