Shot 0:9,72,
Shot 1:108,
Shot 2:252,
Shot 3:360,432,522,450,603,387,558,405,513,531,477,486,594,396,
Shot 4:612,1251,
Shot 5:1548,1584,1305,1296,1593,1782,1809,1602,1629,1746,1350,1638,1674,1458,1404,1449,1728,1710,1494,1395,1683,1503,
Shot 6:1854,
Shot 7:1980,2034,
Shot 8:2070,
Shot 9:2214,2430,2691,2601,2412,2817,2754,2628,2781,2583,2475,2709,2799,2376,2241,2385,2466,2529,2331,2421,2520,2286,2259,2340,2304,2250,2574,
Shot 10:2853,
Shot 11:2889,
Shot 12:2898,
Shot 13:3069,3339,3015,3330,3150,2934,3204,3375,3285,3249,3105,2979,
Shot 14:3384,
Shot 15:5139,4392,4581,4419,4815,4275,4050,4509,4743,4671,3843,3726,4122,4635,4959,4950,3978,4788,4716,4455,4239,4869,4113,4365,4446,4086,4167,4626,4653,4104,4401,5049,4698,5022,3861,4356,4851,4005,4059,4608,3699,4374,4770,4302,4878,3681,5094,4410,4041,4329,4491,4221,4995,3654,5148,4905,3780,3735,5184,3789,
Shot 16:5193,
Shot 17:5238,5256,
Shot 18:5508,5328,5472,5553,5418,5688,5283,5562,
Shot 19:5814,5850,5796,5706,5922,5859,5724,5697,5913,5877,5742,5778,5895,
Shot 20:5949,6039,
Shot 21:6084,6120,
Shot 22:6498,6381,6633,6219,6534,6714,6453,6264,
