Shot 0:234,243,468,405,387,423,450,297,9,531,
Shot 1:585,594,
Shot 2:621,603,630,612,
Shot 3:657,702,639,675,693,648,
Shot 4:738,720,729,
Shot 5:1017,1287,1305,1062,1143,1044,918,1089,1035,810,1242,1125,846,963,972,1296,1269,927,900,1071,828,990,1107,1188,
Shot 6:1494,2142,1611,1854,1404,2169,1359,1323,1440,1602,1818,1620,1377,1350,2025,1386,1476,1683,1314,1368,1593,1332,1458,1638,1413,1980,2052,1341,1656,1467,1395,1485,1836,1530,1881,1728,1845,1512,2187,2151,1899,
Shot 7:2448,2322,2493,2403,2430,2250,2475,2376,2340,2367,2502,2466,2439,
Shot 8:2574,2511,2673,2520,2538,2619,2592,2547,2565,2583,
Shot 9:2763,2808,2709,2745,2790,2727,2772,2817,2754,
Shot 10:2835,
Shot 11:2970,3114,3195,3249,3177,3060,3231,3213,2898,3141,3096,3123,3024,3006,3159,2916,2952,
Shot 12:3357,3285,3276,3321,3294,3384,3303,3339,3267,3348,3366,
Shot 13:3420,3465,3402,3438,
Shot 14:3474,3546,3528,3492,
Shot 15:3717,3609,3654,3555,3690,3600,3618,3672,3726,
Shot 16:3735,
Shot 17:3762,3753,3816,
Shot 18:3861,3897,3924,3843,3870,
Shot 19:3978,
Shot 20:4059,4041,4068,4050,
Shot 21:4149,4077,4104,4176,4095,4140,4158,4113,4086,
Shot 22:4428,4203,4293,4320,4266,4410,4455,4374,4356,4419,4185,4284,4401,
Shot 23:4473,4482,4464,
Shot 24:4491,
