Shot 0:9,
Shot 1:18,
Shot 2:180,189,54,81,27,36,72,45,135,63,108,117,153,171,
Shot 3:198,
Shot 4:234,279,261,288,216,207,225,
Shot 5:297,
Shot 6:441,765,603,756,387,639,540,351,576,567,369,666,342,630,486,324,423,378,612,621,549,693,405,657,513,306,684,333,477,459,432,522,
Shot 7:999,783,774,1053,1062,1026,1080,1044,963,936,918,1035,954,855,810,1017,945,864,792,927,873,1071,1008,
Shot 8:1098,
Shot 9:1134,1116,1125,1107,
Shot 10:1260,1188,1341,1179,1161,1143,1215,1170,1296,1197,1242,1278,1251,
Shot 11:1359,1368,
Shot 12:1377,
Shot 13:1386,
