Shot 0:90,9,18,
Shot 1:144,252,
Shot 2:315,594,405,423,297,495,351,522,378,324,
Shot 3:603,
Shot 4:630,639,621,
Shot 5:657,702,648,720,684,711,693,675,666,
Shot 6:729,738,
Shot 7:774,801,792,783,765,
Shot 8:810,
Shot 9:828,
Shot 10:855,837,846,864,
Shot 11:900,927,891,
Shot 12:1062,963,954,981,1125,1026,1107,1035,999,972,1053,1044,1071,
Shot 13:1269,1224,1296,1170,1305,1251,1242,1179,1206,1260,1188,1278,1287,1215,
Shot 14:1314,
Shot 15:1323,
Shot 16:1341,1332,1350,
Shot 17:1359,
Shot 18:1368,
Shot 19:1386,1377,1404,1395,
Shot 20:1431,1638,1476,1512,1557,1530,1467,1602,1548,1584,1647,1413,1449,1521,1629,1422,
Shot 21:1665,1692,1656,1674,1683,
Shot 22:1701,1710,
Shot 23:1728,
Shot 24:1926,1818,1890,1980,
Shot 25:2340,4338,2295,3456,3600,3204,3069,2727,3726,3708,4203,2808,3654,3420,2835,4293,3474,3429,3033,4023,2421,2475,4140,4230,3249,2826,2322,3006,3276,3258,3402,3843,4032,3393,3330,3438,3636,2502,4329,2853,2646,2691,3105,3618,3177,2862,4005,4221,2790,3537,4104,3663,3717,3141,3357,2520,3060,3699,3501,4194,3240,3411,4212,3609,3213,3186,3159,3465,2961,2799,2286,3492,1989,3582,2718,3267,3915,4266,3591,3339,2979,2169,2304,3087,4149,3519,2232,3015,3735,3231,2448,3546,4050,4239,2754,3447,2871,2196,2547,3285,
Shot 26:4653,4383,4446,4698,4590,4347,4491,4599,4752,4482,4536,4671,4527,4554,4689,4725,4572,4635,4617,
Shot 27:4779,4833,4797,4788,4824,4770,
Shot 28:4860,5454,5787,5544,4851,5346,5688,5121,5490,5751,5085,5769,5463,5337,5157,5202,5733,5301,5247,5103,5724,5319,5193,5013,5238,5445,5706,5112,5094,5004,4869,4878,
Shot 29:5796,
Shot 30:5850,5805,5859,5841,
Shot 31:5895,5976,5949,5868,5877,5958,5940,5913,5922,5994,5886,
Shot 32:6021,
Shot 33:6030,
Shot 34:6039,
Shot 35:6129,6084,6048,6066,6102,6111,6138,6120,6075,
Shot 36:6147,
Shot 37:6210,6156,6174,6219,6192,
Shot 38:6363,6417,6264,6399,6228,6291,6318,6273,6246,6390,6309,6408,6327,6237,6255,6282,6381,6345,6372,6354,
Shot 39:6453,6507,6480,6471,6435,6444,
