Shot 0:9,
Shot 1:288,306,
Shot 2:333,
Shot 3:531,540,
Shot 4:549,
Shot 5:567,576,
Shot 6:585,1107,936,1071,648,1125,1089,1026,972,783,639,702,657,1062,1008,1161,945,927,828,720,630,747,999,963,981,1017,
Shot 7:1782,1764,1746,1962,1773,1206,1755,1800,
Shot 8:1971,1998,1980,
Shot 9:2007,2016,
Shot 10:2079,2250,2088,
Shot 11:2781,2340,2511,3492,2547,2520,2295,3474,2502,2538,3195,2556,2601,2385,2484,3240,2403,2628,3339,3465,2808,2727,2565,2988,2394,2610,3249,
Shot 12:3501,3906,3672,3708,3969,3780,3699,3726,
Shot 13:3978,
Shot 14:3987,
Shot 15:4005,4014,
Shot 16:4023,
Shot 17:4104,
Shot 18:5895,5346,4950,5328,6102,5355,5337,5688,5364,5841,5319,5616,5994,6165,5823,5796,6120,5661,6075,5859,5598,5940,6174,6111,5373,
Shot 19:6183,6336,6534,
