Shot 0:297,972,63,180,9,882,90,675,900,153,639,738,603,531,126,954,441,414,792,486,459,360,261,333,567,495,
Shot 1:990,
Shot 2:999,
Shot 3:1008,1026,1017,
Shot 4:1035,
Shot 5:1062,1071,1089,1053,
Shot 6:1116,1152,1098,1134,1143,1107,1125,
Shot 7:1161,
Shot 8:1170,
Shot 9:1233,1179,1206,1224,1242,1188,
Shot 10:1251,1260,
Shot 11:1269,1278,
Shot 12:1296,1305,
Shot 13:1332,1314,1323,
Shot 14:1341,1350,
Shot 15:1368,1386,1359,1377,
Shot 16:1395,
Shot 17:1440,1422,1431,1404,
Shot 18:1449,
Shot 19:1485,
Shot 20:1503,1512,1494,
Shot 21:1881,1683,1989,1935,1656,1737,2196,1530,2169,1611,2106,1647,1746,2133,1863,1971,1701,1629,1755,1575,1953,2223,2259,2079,1926,2313,
Shot 22:2664,2520,2610,2412,2646,2421,2430,2601,2583,2619,2475,2511,2556,
Shot 23:2835,2691,2871,2745,2718,2781,2853,
Shot 24:3060,2880,2889,3042,2916,2943,2952,3087,3006,3096,
Shot 25:3366,3276,3177,3204,3321,3492,3231,3456,3474,3348,3411,3303,3429,3393,3132,3510,3465,3240,3114,3609,3285,
Shot 26:3672,3726,3807,3708,3735,3717,3681,3636,3663,
Shot 27:3906,3879,3978,3996,4113,4140,3933,4068,3834,3960,3942,3969,4050,4005,3852,
Shot 28:4149,
Shot 29:4167,4158,4176,
Shot 30:4185,
Shot 31:4743,4473,4716,4761,4554,4248,4851,4824,4608,4383,4365,4788,4311,4212,4626,
Shot 32:5022,4869,4896,4977,4995,5040,5085,4941,4950,5049,4923,
Shot 33:5301,5328,5346,5265,5283,5220,5211,5121,5157,5193,5184,5247,
