Shot 0:234,477,297,414,450,396,432,423,378,405,9,
Shot 1:576,585,
Shot 2:603,594,612,
Shot 3:648,639,693,630,675,684,
Shot 4:720,729,711,
Shot 5:999,1035,801,828,1026,954,846,936,909,918,972,990,810,
Shot 6:1233,1080,1062,1296,1278,1125,1260,1134,1206,1098,
Shot 7:2115,1818,1350,1584,1404,1305,1323,1575,1341,2475,1476,1431,1611,1683,1332,1890,1359,1638,2421,1386,1314,1800,1368,1566,2772,1395,2538,1377,1836,2493,2367,2655,2466,1773,2394,2583,2700,2286,2727,2430,2673,2457,1467,2007,2151,2322,2403,2664,2745,2709,1980,2439,2691,1809,1917,1863,2520,2124,2556,2502,2763,2331,2097,2547,2295,2736,
Shot 8:2790,
Shot 9:3321,2916,3420,3384,2970,3087,3240,3186,3366,3141,3267,2853,3294,3168,3222,3357,3051,3213,3258,3114,3339,3303,3231,3015,3276,3150,2934,3096,3078,3195,2880,3285,3330,3105,3312,
Shot 10:3447,3672,3573,3600,3627,3510,3654,3555,3474,3645,3429,3501,3483,
Shot 11:3690,
Shot 12:3699,
Shot 13:3717,3942,3825,3861,3834,3807,3789,3879,3753,
Shot 14:4014,3996,4005,4023,
Shot 15:4104,4401,4329,4032,4356,4374,4410,4284,4050,4239,4392,4149,4383,4122,4131,4059,4257,4221,4068,4140,4095,
Shot 16:4428,4446,4437,4419,
