Shot 0:378,36,594,369,54,585,576,324,144,108,9,549,81,270,405,99,450,207,279,252,441,135,216,342,180,477,162,
Shot 1:603,
Shot 2:684,639,621,666,738,702,675,711,756,648,720,657,612,630,
Shot 3:801,774,792,783,765,
Shot 4:855,828,810,846,837,864,819,
Shot 5:1620,873,1359,999,900,1728,1773,909,918,1512,1044,1125,972,1305,1323,2079,2169,1800,1458,1188,1755,1566,1539,1260,1161,2052,1593,2088,2061,1098,1134,1251,1008,1872,1908,981,1737,1548,963,1764,936,1341,1179,1449,990,2034,1026,1467,1422,1197,1494,1170,1278,1404,1710,1629,1062,1386,1602,1575,
Shot 6:2313,2331,2196,2484,2241,2232,2403,2187,2367,2394,2376,2304,2412,2214,2295,2349,
Shot 7:2493,2502,
Shot 8:2610,2511,2619,2574,2583,2628,2529,2547,
Shot 9:2781,2691,2835,2736,2772,
Shot 10:3078,3123,2997,3006,2862,2925,2898,3132,2943,3114,3015,2952,2871,3087,3096,2853,
Shot 11:3150,3159,
Shot 12:3177,
Shot 13:3186,3195,3267,3213,
