Shot 0:45,9,54,
Shot 1:63,72,99,90,
Shot 2:108,126,
Shot 3:279,135,198,171,261,189,144,288,162,243,270,
Shot 4:306,513,531,504,387,495,342,522,297,405,441,396,369,378,432,468,351,
Shot 5:648,594,666,540,558,549,630,585,567,657,612,639,576,
Shot 6:837,801,711,747,792,684,720,765,738,819,783,756,675,693,810,828,
Shot 7:1170,1071,1080,1098,1089,846,891,1035,945,900,1134,1062,1107,1116,972,1017,1143,927,1152,1161,
Shot 8:1188,
Shot 9:1197,
Shot 10:1242,1260,1206,
Shot 11:1278,1287,
Shot 12:1305,1350,1377,1386,1359,1422,1395,1368,1413,1332,1296,
Shot 13:1854,2115,2088,1809,1683,1494,1431,1872,1890,1818,1656,2079,1881,1458,2034,1449,2016,1953,1665,2124,1845,1917,1863,1944,1899,1989,1719,1602,1791,1476,2025,1512,1467,1440,
Shot 14:2133,2142,
Shot 15:2241,2178,2151,2268,2187,2160,2214,2232,2169,
Shot 16:2286,2295,2277,2313,2322,
Shot 17:2394,2439,2466,2421,2457,2475,2340,2349,2331,2430,
Shot 18:2484,2502,2493,
Shot 19:2853,3168,3303,2538,2835,2610,2655,3177,3213,3249,2826,2511,3348,2664,2547,2628,3105,2817,3015,3114,3294,2529,2673,3330,3078,3240,2601,2682,2700,2961,2736,3123,2637,2979,2988,2943,2997,3276,2520,2718,2727,2970,2934,2574,2646,3024,3312,2619,3258,2790,2844,2952,3042,3186,2583,
Shot 20:3375,3357,3366,3384,
Shot 21:3402,3411,3393,
Shot 22:3420,3429,
Shot 23:3456,3447,3438,
