Shot 0:747,72,216,234,1638,9,468,1665,162,189,1521,1629,549,1674,270,1701,567,1620,1755,1746,459,1710,1737,1791,432,423,936,1647,693,1809,315,504,774,1143,387,1026,108,441,711,729,1827,333,1494,720,405,1458,1206,819,495,954,738,981,765,792,846,126,990,
Shot 1:1917,1962,1971,1881,2070,1845,1944,1854,1899,1863,2007,1890,2043,1908,1989,1926,
Shot 2:2196,
Shot 3:2205,2214,2223,
Shot 4:2277,2295,2259,2268,2250,2241,2286,2232,
Shot 5:2547,2430,2484,2412,2313,2538,2349,2502,2475,2385,2457,2421,2565,2358,2376,2601,2493,2331,2367,2583,2448,2556,2322,2340,2304,
Shot 6:2736,2646,2727,2628,2619,2718,2664,2655,2700,2781,2745,
Shot 7:2853,2790,2808,3042,2835,2970,2880,3015,2907,2817,2988,
Shot 8:3060,3078,
Shot 9:3150,3087,3123,3105,3096,
