Shot 0:513,684,639,666,720,621,702,99,198,9,585,567,603,261,549,531,396,
Shot 1:729,747,756,765,738,
Shot 2:792,837,774,783,801,
Shot 3:972,918,936,
Shot 4:1044,1026,1053,1035,
Shot 5:1080,1062,1071,
Shot 6:1089,1107,
Shot 7:1341,1557,1305,1926,1368,1989,1197,1962,1638,1206,1260,1944,1152,1494,1746,1539,1314,1512,1431,1332,1233,1179,1953,1395,1350,
Shot 8:2088,2061,2106,2070,2079,2097,
Shot 9:2115,
Shot 10:2124,2160,
Shot 11:2187,2232,
Shot 12:2340,2277,2331,2349,
Shot 13:2358,2403,2385,2421,2367,
Shot 14:2439,2529,2502,2538,2475,
Shot 15:2556,2610,2601,2619,2547,2592,2583,2565,
Shot 16:2709,2736,2646,2628,2727,2799,2700,2754,2637,2781,2718,2673,
Shot 17:2808,
Shot 18:2871,2970,2934,2898,2853,
Shot 19:3222,3078,3393,3051,3105,3060,3438,3267,3501,3321,3141,3069,3357,3132,3096,3177,3114,3159,3033,3123,3204,
Shot 20:3555,3600,3591,3519,3546,3564,
Shot 21:3663,3618,3627,3681,
Shot 22:3726,3690,3708,3735,
Shot 23:3807,3744,3870,3780,3852,3861,3888,3789,3879,3816,3798,
Shot 24:3933,3924,3951,3942,
Shot 25:4014,3987,3969,3960,4005,4023,
Shot 26:4077,4086,4095,4041,4050,4059,4068,
Shot 27:4113,4167,4158,4122,4104,4149,4131,
Shot 28:4257,4455,4221,4365,4194,4419,4176,4356,4446,4230,4185,4464,4212,4347,4428,4293,4239,4203,4320,4401,4437,4275,4248,4392,
Shot 29:4509,4473,4491,4518,
Shot 30:4527,
Shot 31:4581,4590,
Shot 32:4599,
Shot 33:4617,4608,4644,4626,
Shot 34:4680,4869,4788,4806,4977,4815,4932,4662,4770,4905,4734,4716,4842,4743,
Shot 35:5085,5031,5058,5049,5040,5076,5022,5103,
Shot 36:5490,5661,5220,5409,5355,5130,5598,5643,5400,5463,5616,5580,5139,5418,5319,5373,5445,5427,5544,5535,5562,5472,5247,5634,5382,5526,5499,5274,
Shot 37:5670,5679,
Shot 38:5706,5724,5733,5688,5697,5715,
Shot 39:5760,5787,5742,5769,
Shot 40:5796,5841,5805,5814,
Shot 41:5868,
Shot 42:5886,5895,5877,
Shot 43:5904,5913,
Shot 44:6120,5985,5931,5976,5922,6021,5940,6066,6012,6147,6057,5958,6039,6138,6111,6129,
Shot 45:6156,
Shot 46:6300,6363,6219,6183,6237,6336,6201,6228,6246,6255,6354,6318,6210,6273,6345,6282,6309,6291,
Shot 47:6399,6435,6471,6390,
Shot 48:6498,6525,6516,6489,6507,
Shot 49:6543,
Shot 50:6651,6777,6741,6759,6768,6714,6696,6588,6723,6678,6705,6615,6633,6660,
Shot 51:6822,6885,6921,6804,6840,6831,6849,6858,6786,6867,6912,
Shot 52:6939,
Shot 53:6957,6984,
Shot 54:7065,6993,7020,7038,7011,7056,
Shot 55:7074,
