Shot 0:9,18,
Shot 1:189,
Shot 2:414,252,450,198,396,288,333,441,432,387,423,
Shot 3:468,576,
Shot 4:603,630,
Shot 5:675,711,693,
Shot 6:747,765,
Shot 7:792,
Shot 8:855,873,846,909,
Shot 9:1035,981,1080,999,
Shot 10:1098,
Shot 11:1233,1143,1197,1170,1206,1215,
Shot 12:1269,1305,1251,1332,1278,
Shot 13:2214,1413,2547,1674,2025,2484,1926,1575,1845,2043,2529,1521,1593,2232,2115,1818,2268,1890,2169,2439,2241,1719,2016,1773,1602,2412,2133,2493,1548,2007,2466,1539,2061,2286,2097,2403,1791,1872,2187,1377,1620,1836,1422,1494,1458,
Shot 14:2583,
Shot 15:2619,
Shot 16:2664,
Shot 17:2817,2772,2799,2700,2727,
Shot 18:2826,
Shot 19:3717,3897,3339,3420,2871,3006,3213,3852,4041,3141,3969,3519,3933,3096,3834,3789,3987,3294,3186,2844,4023,3762,3951,3024,3321,2934,3843,3807,3456,3114,3078,3816,3753,3744,3231,3879,3735,3267,3159,3573,2916,4005,3465,2862,3222,3726,3204,3042,3627,2943,3447,3672,3483,3330,3474,3591,3555,2979,2988,3060,2889,2961,
Shot 20:4185,4086,4095,4122,4113,4059,4212,4176,4203,4221,
Shot 21:4230,
Shot 22:4239,4257,
Shot 23:4302,4266,4275,
Shot 24:5094,4464,4563,4896,4410,5211,4329,5040,4347,4995,4968,4446,5103,5121,4536,4842,4617,4869,4662,4599,4545,5238,5004,4419,5049,5022,4374,4527,4824,5202,4653,4932,4680,4797,5247,5193,5112,5319,
Shot 25:5337,5346,
Shot 26:5355,
Shot 27:5391,5364,5454,
Shot 28:5472,5481,5463,
Shot 29:5490,5499,
