Shot 0:9,45,36,27,18,
Shot 1:72,
Shot 2:99,
Shot 3:144,
Shot 4:351,549,396,495,720,189,432,522,639,585,675,747,315,216,594,702,297,
Shot 5:1062,1161,810,1080,882,1143,954,
Shot 6:1188,
Shot 7:1197,
Shot 8:1224,1215,1206,
Shot 9:1386,1242,1269,1422,1404,1359,1350,1341,1287,1413,1458,1449,1332,1314,1368,1233,1251,1305,1377,1431,1395,1278,1260,
Shot 10:1476,1494,1467,
Shot 11:1503,
Shot 12:1521,1548,1512,1530,
Shot 13:1557,
Shot 14:1584,1575,1566,1593,
Shot 15:1629,1602,1665,1611,1647,1620,1656,1638,
Shot 16:1674,
Shot 17:1683,1710,1728,1719,1701,
Shot 18:1737,
Shot 19:1791,1809,1782,
Shot 20:2340,2088,2016,1818,2232,1854,1980,1908,2313,2106,2304,2367,1971,1827,1926,2214,2250,1953,2034,
Shot 21:2493,2709,2520,2772,2592,2664,2628,2385,2817,2547,
Shot 22:2970,2898,2916,
Shot 23:3015,3060,
Shot 24:3132,3087,3123,3150,
Shot 25:3384,3231,3168,3294,3339,3258,3195,3420,
Shot 26:4068,4464,3447,4446,4410,4590,4617,4473,4455,4086,3843,3492,3600,4158,4113,3645,3960,3690,3528,4140,3978,3708,4383,4014,4329,3456,4356,3537,3735,3753,3807,3942,4032,3465,4401,4563,
Shot 27:4959,4932,4644,4743,5004,4806,4977,4716,4788,4770,4680,4860,4752,
Shot 28:5013,5031,
Shot 29:5688,5364,5562,5814,5526,5355,5517,5229,5634,5301,5247,5598,5652,5733,5706,5085,5211,5463,5535,5139,5049,5778,5193,
Shot 30:6021,5832,5994,5868,6048,6039,5985,5895,6093,5931,
Shot 31:6183,6408,6228,6129,6210,6282,6246,6381,6327,6174,6309,6345,
