Shot 0:9,18,
Shot 1:144,432,540,279,567,27,126,414,36,477,459,108,387,468,99,504,252,72,54,225,162,135,333,576,180,90,207,
Shot 2:612,657,630,594,
Shot 3:999,1053,828,666,1044,1026,981,
Shot 4:1107,1125,1062,
Shot 5:1143,1161,
Shot 6:1242,1215,1251,1224,
Shot 7:1269,1314,1296,
Shot 8:1323,1350,1341,
Shot 9:1503,1359,1584,1602,1629,1575,1557,1440,1395,1476,1386,1521,1611,1458,1566,1485,
Shot 10:1737,1638,1674,1701,1755,1710,1728,1719,1746,
Shot 11:1980,1809,2007,2043,1800,1791,1836,1845,1953,1998,1854,1989,1971,1926,1881,
Shot 12:2088,2223,2187,2205,2250,2052,2133,2169,
Shot 13:2412,2457,2340,2295,2439,2277,2322,2394,2349,2403,2286,2421,2268,
Shot 14:2484,2502,
Shot 15:2511,
Shot 16:2520,
Shot 17:2547,2529,2538,
Shot 18:2574,2610,2619,2601,2592,2556,2565,
Shot 19:2664,2718,2628,2682,2637,2727,2700,2646,2655,
Shot 20:2898,2781,2754,2817,2925,2745,2916,
Shot 21:2961,3006,2943,
Shot 22:3024,
Shot 23:3051,3069,3060,3042,
Shot 24:3087,3132,3150,3105,3123,3141,3078,3096,
Shot 25:3168,3177,
Shot 26:3186,3195,
Shot 27:3267,3285,3231,3204,3276,
Shot 28:3294,
Shot 29:3321,3420,3429,3402,3366,3411,3348,3303,3330,
Shot 30:3492,3519,3474,3510,3447,
Shot 31:3618,3528,3555,3591,
Shot 32:3627,
Shot 33:3717,3645,3690,3636,3672,3654,3708,
Shot 34:3753,3843,4122,3807,3969,4140,4086,3897,4104,3987,3942,3933,3978,3780,4014,3924,3825,4068,3834,4050,3762,3789,3852,4113,4005,
Shot 35:4761,4419,4635,4878,4581,4806,4194,4698,4860,4239,4374,4500,4851,4473,4662,4545,4203,4680,4482,4365,4626,4455,4599,4779,4401,4563,4338,4824,4725,4644,4437,4617,4788,4752,4734,4230,4275,4212,4743,4716,4815,4257,4464,4770,4797,4689,4833,
