Shot 0:36,180,9,18,
Shot 1:360,522,234,396,252,378,189,243,504,387,261,513,495,369,198,405,270,
Shot 2:1305,1710,531,1026,1584,936,1143,1422,1233,1692,1575,1296,1152,
Shot 3:1836,2061,2142,1953,1809,2070,2187,1944,2052,2178,1935,1962,1818,1926,2088,1827,
Shot 4:2196,2205,
Shot 5:2565,2457,2475,2583,2484,2574,2556,2466,
Shot 6:2745,2754,2592,
Shot 7:3015,3159,2763,2880,3267,2862,2772,3132,2979,3258,2988,2871,3141,3123,2889,2997,3249,3087,3006,3150,
Shot 8:3402,3546,3276,3528,3384,3537,3285,3411,3519,3420,3393,
Shot 9:4509,4032,3672,4320,3960,3780,4185,4536,3879,3663,4401,4284,4014,4527,3771,3897,4392,4275,4410,3681,4302,4518,4446,
Shot 10:4626,4635,4545,
Shot 11:4905,4761,5229,5202,4644,4869,5211,4662,5085,5067,4878,4770,4653,4887,5058,4779,5049,5220,5094,4896,
Shot 12:5499,5346,5328,5472,5463,5598,5481,
Shot 13:5625,5733,5886,5715,5868,5877,5724,5616,5697,
Shot 14:6381,6147,5994,6255,6111,6237,6453,6021,6120,6336,6102,6246,6129,6003,6228,6345,6138,6444,6354,
Shot 15:7038,7434,7776,6840,6615,7290,7551,8424,8082,7920,6642,7002,8289,7407,8307,7191,7893,6462,8190,6912,8073,6786,7650,8406,7011,7317,7533,7182,6930,6624,8298,7794,6768,8064,8199,7281,7668,6903,7299,6795,7785,6921,7173,7641,6777,7425,7542,7416,6633,8316,8055,7902,7020,7164,7911,8208,7659,7524,8397,8415,7380,7767,7758,7029,7047,
Shot 16:8991,8568,9234,9144,8721,9441,8955,9342,9126,8550,8694,8856,9333,9225,8973,9351,8964,9135,9117,8685,9477,8703,8847,9315,9216,8865,8712,9243,9360,8982,9108,9369,9000,
