Shot 0:873,90,1161,9,576,387,1134,180,207,306,1071,1152,135,711,63,288,342,486,594,630,423,801,540,1044,513,918,675,
Shot 1:1179,
Shot 2:1188,
Shot 3:1215,1197,1206,1224,
Shot 4:1233,1242,
Shot 5:1269,1251,1296,1278,1260,
Shot 6:1323,1350,1341,1332,1314,1305,
Shot 7:1377,1359,1386,1368,
Shot 8:1395,
Shot 9:1413,1467,1503,1449,1494,1458,1476,1431,1404,1422,
Shot 10:1512,1539,1521,
Shot 11:1548,
Shot 12:1575,1584,1566,1557,1593,
Shot 13:1602,1611,
Shot 14:1629,1647,1674,1665,1656,1620,
Shot 15:1710,1692,1719,1701,
Shot 16:1728,
Shot 17:1773,1800,1782,
Shot 18:2970,2007,2700,3114,2025,2079,2223,2583,2295,1845,2304,2655,2484,1809,2511,3222,2376,1917,2619,1962,3159,3141,3015,2358,2907,2241,2214,2889,1944,2538,3078,2763,2097,2331,3330,1971,3285,3249,3429,3123,3051,3402,3186,
Shot 19:3447,3456,
Shot 20:3510,4320,3933,3834,4077,4131,3744,3483,3951,4005,3591,4176,4104,3807,4194,3627,3699,4149,3690,3519,4023,3726,3528,
Shot 21:4437,4455,4545,4347,4392,4374,4401,4428,4446,4464,
Shot 22:4716,4581,4608,4743,4635,4734,4707,4671,
Shot 23:4752,
Shot 24:4797,4761,4968,4851,4779,4923,4977,4788,4950,4986,4833,
Shot 25:5004,5022,
Shot 26:5679,5355,5040,5643,5517,5202,5805,5697,5220,5130,5769,5238,5076,5535,5724,5184,5454,5121,
Shot 27:5850,5922,5859,5958,5949,5886,5823,
Shot 28:6201,6318,5985,6336,6273,6012,6048,6372,6300,6030,6174,6237,6129,6246,6399,6282,6219,6120,
