Shot 0:9,
Shot 1:252,270,216,999,1017,72,729,297,135,972,342,864,126,477,234,333,1035,963,189,594,549,288,279,261,765,540,
Shot 2:1161,1377,1359,1368,1332,1062,1179,1350,1134,1341,1170,1260,1143,1125,
Shot 3:1485,1548,1557,1539,1503,1521,1530,1494,1386,
Shot 4:1566,1575,
Shot 5:1593,1584,1638,1620,1629,1611,1602,
Shot 6:1998,2106,2556,2826,2124,1656,1719,2772,2538,2151,1701,1692,2493,1674,2322,2160,2286,2214,1854,1800,2394,2655,1737,2340,1764,1926,2520,1890,2025,2466,2592,2178,1980,2142,2259,2421,2700,2448,2511,2502,2754,2673,2718,2484,2601,
Shot 7:2961,2871,2853,2916,2880,2898,2943,2907,3087,3096,2952,3015,2889,3051,2979,2970,
Shot 8:3204,3312,3294,3213,3303,3231,3258,3105,3186,
Shot 9:4419,3321,3591,3456,3330,4689,3348,4932,4905,4473,3501,4626,3438,4635,3393,4095,3339,4608,4194,4140,3852,3474,3366,4464,4806,3429,4023,4239,4086,3744,3492,4590,3681,4923,4104,3870,4437,4077,3960,3663,
Shot 10:4959,4977,
Shot 11:5004,5067,4995,5049,5040,5022,5013,
Shot 12:5445,5112,5103,5895,5130,6300,5940,6003,5922,5976,5868,5121,5958,6255,6210,5211,5571,6084,5409,6183,5679,5526,6201,6120,6111,5805,6147,5436,
Shot 13:6309,
Shot 14:8199,8046,6615,8109,7767,8091,7272,8136,8064,6939,6318,8028,7722,7308,6480,7335,7623,8019,7362,6849,6543,6705,7101,7074,6507,8244,7992,6921,7443,7650,8154,7695,7605,8181,7182,7524,7668,
Shot 15:8487,8451,8442,8559,9000,8658,8991,8919,8460,8874,8955,8739,8640,8469,8676,8631,8829,8964,8703,8748,
Shot 16:9009,9063,
Shot 17:9072,
