Shot 0:27,9,36,
Shot 1:90,54,117,72,81,99,
Shot 2:270,171,207,216,234,351,252,279,
Shot 3:1071,369,648,855,477,1161,792,747,765,918,738,378,864,657,945,1053,1062,
Shot 4:1215,
Shot 5:1224,1233,
Shot 6:1287,1242,1251,1305,1278,1296,
Shot 7:1440,
Shot 8:1746,1647,1656,1449,1638,1773,
Shot 9:2376,2745,2700,2628,1854,2070,1971,1926,2583,2664,2727,2034,2061,2529,2565,2754,2088,1917,2331,2484,2709,2322,1872,2205,1935,2124,1827,2673,2349,2403,1953,2007,2385,2574,2313,2097,2655,2430,2736,1980,2025,2358,1962,2718,2646,
Shot 10:2781,2763,2772,
Shot 11:2799,2808,
Shot 12:2817,
