Shot 0:9,
Shot 1:18,
Shot 2:27,45,36,
Shot 3:54,
Shot 4:225,234,
Shot 5:1233,423,927,1098,531,324,720,1179,1017,819,549,639,243,756,864,306,396,801,252,450,540,369,1197,1278,1152,738,774,486,828,315,1206,1188,333,414,810,342,405,1215,387,441,468,630,747,1269,711,351,729,378,648,1224,
Shot 6:1314,1377,1431,1350,1413,1422,1332,1404,1395,1359,1341,1440,1368,1323,1386,
Shot 7:1926,1647,1512,1863,1593,2106,2043,1971,1737,1719,1953,1890,1638,1818,1575,2115,1629,2097,1548,1827,1962,1728,1998,1944,1908,1899,1980,1809,1836,1881,1872,1746,1935,2088,
Shot 8:2223,2313,2475,2691,2403,2565,2169,2358,2457,2619,2547,2268,2331,2709,2448,2286,2376,2178,2538,2250,2556,2637,2340,2610,2322,2277,2259,2700,2466,2367,2304,2349,2385,2241,2187,2646,2421,2232,2394,
Shot 9:2718,
Shot 10:2871,2970,2790,2799,2889,2880,2907,2808,2817,2898,
Shot 11:3042,2979,3015,3114,3024,2988,2997,3105,3033,
Shot 12:3384,3294,3204,3222,3366,3276,3123,3465,3357,3285,3456,3141,3375,3447,
Shot 13:3474,3510,
Shot 14:3519,
Shot 15:3528,
