Shot 0:18,9,27,
Shot 1:72,36,54,81,
Shot 2:99,117,108,90,
Shot 3:297,162,207,126,252,171,144,135,180,225,198,243,153,189,306,315,279,
Shot 4:342,405,387,324,423,396,378,360,351,333,
Shot 5:459,513,441,486,477,432,450,495,504,468,
Shot 6:585,549,576,567,612,522,540,558,531,594,603,
Shot 7:648,621,693,675,684,630,666,657,639,
Shot 8:729,711,756,702,747,720,
Shot 9:819,774,882,864,846,837,801,828,810,792,855,
Shot 10:936,900,963,918,945,
Shot 11:972,
Shot 12:981,
Shot 13:1080,990,1125,1035,1008,1107,1143,1062,1044,1098,1089,1116,1134,1071,
Shot 14:1179,1152,1170,1161,1188,
Shot 15:1206,1233,1242,1224,1197,
