Shot 0:9,
Shot 1:54,
Shot 2:189,252,171,180,198,
Shot 3:279,360,261,342,351,432,333,270,369,
Shot 4:540,450,522,612,531,549,
Shot 5:1152,1521,1620,1701,621,1602,1512,1692,1530,630,1503,
Shot 6:1854,1953,1710,1881,1782,1791,1890,1872,1800,
Shot 7:1989,2061,1962,2052,1971,2043,
Shot 8:2322,2070,2313,
Shot 9:2340,2430,2412,2421,2331,
Shot 10:2673,2538,2502,2655,2799,2646,2664,
Shot 11:2826,3123,2970,2808,3105,2961,2952,3096,3114,2817,2943,
Shot 12:3357,3249,3402,3258,3267,3393,
Shot 13:3510,3411,3546,3420,
Shot 14:3573,3708,3555,3699,3726,3564,3690,
Shot 15:3879,3861,3996,
Shot 16:4104,4293,4365,4302,4005,4158,4149,4446,4167,4311,4014,4023,4140,
Shot 17:4473,4608,4455,4599,4590,4464,
Shot 18:4851,4617,4752,4761,4896,4743,4770,
Shot 19:4923,4905,4914,5040,
Shot 20:5220,5067,5202,5058,5346,5193,5211,5301,
Shot 21:5859,5796,5616,5499,5355,5652,5805,5490,5661,5949,5508,5670,5364,5643,5940,5517,5814,5373,5553,5886,
Shot 22:6084,6102,5958,6093,5967,5985,
Shot 23:6120,6390,6399,6111,6219,
Shot 24:6408,
Shot 25:6759,6561,6543,6552,6696,6417,6705,6570,6840,6714,
Shot 26:7020,6867,6849,7146,6993,6858,7137,7083,7011,6966,
Shot 27:7443,7290,7308,7155,7299,7452,7317,7164,
Shot 28:7470,7596,7461,7587,
Shot 29:7632,7758,7605,7749,7740,7614,
Shot 30:7911,7866,8055,7893,8046,7902,7767,7920,
Shot 31:8163,8217,8190,8199,8064,
