Shot 0:9,
Shot 1:432,531,252,522,36,486,
Shot 2:540,
Shot 3:549,603,
Shot 4:612,
Shot 5:621,630,
Shot 6:666,648,639,675,657,
Shot 7:684,
Shot 8:693,
Shot 9:702,
Shot 10:711,
Shot 11:720,738,
Shot 12:756,774,765,747,
Shot 13:792,
Shot 14:963,810,936,945,873,900,1071,927,909,1062,801,954,1008,981,855,1026,972,
Shot 15:1089,1080,1098,
Shot 16:1242,1170,1278,1179,1188,1269,1260,
Shot 17:1467,1368,1314,1341,1413,1287,1386,1422,1350,1332,1404,1431,1359,1323,1377,1305,1440,1485,
Shot 18:1512,1503,1521,
Shot 19:1566,1548,1638,1611,1629,1593,1539,1584,1557,
Shot 20:1701,1647,1656,1737,1665,1692,1710,
Shot 21:1773,1782,
Shot 22:1800,1827,1791,1809,
Shot 23:1917,1836,1881,1863,1971,1899,1872,1944,1854,1890,1845,1926,1980,1935,1908,1962,
Shot 24:2016,2142,2088,2115,2061,1998,2133,2151,2079,2106,2025,2007,
Shot 25:2340,2421,2205,2403,2250,2367,2286,2160,2304,2223,2187,2268,2358,2322,2376,2277,2349,2196,2214,2313,2232,2412,2331,2394,
Shot 26:2448,2502,2475,2430,2493,2439,
Shot 27:2538,2511,2556,2520,2547,
Shot 28:2601,2565,2619,2574,2592,2610,
Shot 29:2628,
Shot 30:2637,
Shot 31:2646,
Shot 32:2655,2664,
Shot 33:2682,2709,2673,2700,2691,
Shot 34:2718,2727,
Shot 35:2736,
Shot 36:2745,
Shot 37:2754,2763,
Shot 38:2772,2781,
Shot 39:2790,
Shot 40:2799,
Shot 41:2817,2826,2808,
Shot 42:2844,2835,2853,
Shot 43:2880,2925,2862,2916,2898,2871,2889,
Shot 44:2952,2934,3006,2970,2943,
Shot 45:3267,3132,3555,3069,3177,3096,3051,3186,3168,3150,3456,3060,3087,3159,3105,3078,3114,3510,3141,3393,3573,3483,3537,3195,3429,3528,3348,3474,3222,3330,3438,3384,3285,3402,3447,3249,3321,3240,3312,3276,3258,3339,3294,
Shot 46:3591,3582,3600,
Shot 47:3897,3780,3825,3726,3762,3870,3771,3906,
Shot 48:3942,3951,
Shot 49:3996,4311,4086,4275,4302,4338,4212,4131,4293,4230,4176,4329,4104,4149,4077,4284,4095,3960,4041,4068,3969,
Shot 50:4347,4356,
Shot 51:4365,
Shot 52:4374,
Shot 53:4401,4410,4383,
Shot 54:4464,4509,4419,4518,4437,4455,4491,4446,4500,4473,
Shot 55:4545,4869,4815,4527,4608,4662,4851,4770,4635,4725,4599,4716,4734,4833,4590,4680,4743,4806,4824,4653,4536,4572,
Shot 56:5076,5229,4887,4896,5247,5238,5004,5031,5148,4977,5049,5202,5022,4995,5040,4905,4986,5094,5058,5085,5220,5067,
Shot 57:5391,5310,5328,5283,5256,5373,5265,5274,5301,5364,5355,5499,5382,5490,5409,
Shot 58:5571,5679,5688,5661,5535,5517,5625,
Shot 59:5697,5706,
Shot 60:5895,6048,6021,5814,5967,6039,5940,5976,5859,5913,5985,
Shot 61:6066,6102,6057,
Shot 62:6300,6480,6354,6516,6408,6543,6498,6507,6228,6534,6363,6489,6525,6237,6345,6282,6246,
Shot 63:6561,6579,6570,
Shot 64:6588,
Shot 65:6597,
Shot 66:6606,
Shot 67:6615,
Shot 68:6624,
Shot 69:6705,6651,6660,6642,6687,6633,6669,6678,6786,6777,6696,
Shot 70:6795,
Shot 71:6804,
Shot 72:7290,7038,7308,7299,6813,
