Shot 0:108,675,621,648,486,603,630,666,441,243,558,576,153,297,612,531,189,684,405,594,549,135,288,126,9,198,639,567,225,252,324,369,585,522,504,270,378,306,90,27,54,450,207,414,360,171,315,36,144,333,261,351,162,495,99,
Shot 1:693,
Shot 2:711,702,720,
Shot 3:756,729,738,747,765,
Shot 4:783,819,801,792,810,774,
Shot 5:891,828,855,936,918,909,873,837,846,864,900,
Shot 6:1089,954,1170,999,1026,1152,1179,1134,1017,972,990,1161,1062,1116,1008,1143,1035,1125,1080,1098,
Shot 7:1197,1287,1206,1233,1188,
Shot 8:1368,1377,
Shot 9:1494,1440,1386,1413,1467,1422,1395,1404,1431,1485,1449,1503,
Shot 10:1530,1557,1512,1548,1539,1521,
Shot 11:1584,1593,1575,
Shot 12:1602,1611,
Shot 13:1773,1620,1908,1656,1881,1710,1629,1935,1683,1728,1845,1746,1890,1791,1899,1872,1863,1719,1764,1692,1674,1782,
Shot 14:2034,2376,2259,2196,2313,1962,2214,2403,2142,2502,2232,2178,2106,2349,1980,1944,2124,2286,2385,2088,1998,2448,1953,2367,2007,2070,2250,2052,1989,2295,2277,2430,
Shot 15:2565,2700,2637,2529,2673,2592,2646,2547,2574,
Shot 16:2808,2745,2763,2790,2835,2718,2736,2754,2772,2799,
Shot 17:2898,2853,2934,2871,2916,2862,2889,
Shot 18:3024,2943,3051,2997,2961,2979,3060,3042,2988,3033,
Shot 19:3069,3087,
Shot 20:3096,3105,
Shot 21:3123,3114,3132,
Shot 22:3141,
Shot 23:3150,
Shot 24:3159,
Shot 25:3168,3177,
Shot 26:3204,3186,3195,3213,
Shot 27:3420,3258,3303,3348,3393,3447,3375,3483,3231,3321,3339,3465,3276,3294,3402,3249,3222,3384,3240,3330,3438,3267,3474,3366,3357,3456,3411,3429,
