Shot 0:72,9,45,63,81,
Shot 1:126,90,144,135,99,117,
Shot 2:171,153,189,180,
Shot 3:198,
Shot 4:216,225,207,
Shot 5:243,234,252,
Shot 6:288,261,315,270,306,279,
Shot 7:612,684,477,513,585,360,423,657,567,495,459,531,333,441,675,639,594,630,405,576,387,558,504,603,414,648,432,
Shot 8:711,693,702,720,
Shot 9:729,
Shot 10:738,
Shot 11:747,
Shot 12:765,756,774,
Shot 13:945,882,810,918,855,783,900,972,864,828,873,846,927,963,801,891,909,936,954,
Shot 14:999,1017,981,990,1026,1008,
Shot 15:1143,1062,1206,1179,1044,1080,1107,1035,1161,1170,1125,1197,1116,1152,1188,1134,
Shot 16:1251,1215,1224,1260,1242,
Shot 17:1449,1512,1341,1386,1278,1494,1296,1476,1368,1404,1359,1431,1377,1314,1467,1485,1440,1503,
Shot 18:1530,1521,1539,
Shot 19:1710,1638,1557,1593,1773,1674,1746,1728,1656,1620,1548,1575,1602,1683,1701,1719,1665,1566,
Shot 20:2025,2097,1782,2160,1836,1971,1953,2079,1881,2124,2061,1908,1809,1998,2142,1926,2070,2043,1854,1989,1962,1944,2133,2151,1863,1899,2088,1818,1980,2115,1800,2052,2016,1917,2106,2034,
Shot 21:2376,2205,2511,2169,2475,2448,2241,2340,2295,2466,2268,2322,2412,2358,2484,2430,2223,2394,2178,2196,2313,2250,2367,2457,2349,2277,2439,2304,2286,2421,2331,2385,2493,
Shot 22:2547,2529,2538,2556,
Shot 23:2619,2583,2565,2637,2601,2574,2628,
Shot 24:2664,2673,2655,
Shot 25:2691,2709,2682,
Shot 26:2727,2718,2736,
Shot 27:2853,2790,2817,2754,2835,2808,2826,2844,2799,2862,
Shot 28:2880,2871,2889,
Shot 29:2907,2898,2916,
Shot 30:2961,2925,2988,2943,2979,2934,2970,2952,
Shot 31:3015,3042,2997,3024,3006,3033,
Shot 32:3114,3051,3204,3177,3069,3141,3159,3078,3186,3123,
