Shot 0:27,54,36,45,9,
Shot 1:81,63,126,108,117,99,72,90,
Shot 2:144,162,135,153,
Shot 3:189,171,180,198,
Shot 4:207,216,
Shot 5:513,657,756,234,630,693,261,621,729,360,648,702,405,612,549,432,225,639,387,441,243,675,738,585,288,423,396,252,450,594,540,414,486,558,270,351,369,279,
Shot 6:792,765,801,774,
Shot 7:828,1017,810,891,972,945,954,999,927,900,873,1008,819,
Shot 8:1035,
Shot 9:1044,
Shot 10:1107,1053,1125,1062,1089,1116,
Shot 11:1152,1134,1143,1161,
Shot 12:1233,1764,1620,1692,1170,1476,1413,1656,1548,1368,1188,1710,1737,1773,1458,1674,1179,1584,1638,1305,1647,1719,1746,1494,1512,1665,1467,1602,1440,1269,1395,1566,1422,1485,1323,1215,1404,1530,1251,1206,1242,1593,1278,1359,1377,1260,1224,1197,
Shot 13:2376,1863,2646,2889,2934,1809,2196,1962,2088,1881,2763,2250,2016,1908,2493,2142,1827,2862,1791,1890,2331,2412,2907,2709,2583,2448,2034,2925,1845,1872,2214,1800,2106,2079,2169,2430,1980,1926,2358,2511,2394,2880,2610,2898,2556,2727,1953,2466,2241,2124,2025,2187,2007,2664,2178,2385,2484,2340,2565,2403,2151,2628,2439,2349,2367,2457,2097,2718,2700,2601,
Shot 14:2952,3015,2979,2961,2943,
Shot 15:3213,3024,3312,3042,3258,3294,3087,3276,3186,3033,3060,3132,3231,3240,3285,3051,3195,3177,3222,
Shot 16:3339,
Shot 17:4005,3681,3375,3888,4113,3609,3735,3492,3546,3456,4176,3852,3933,4077,3348,3429,3699,3573,3474,3528,3636,4140,3807,3906,3870,4212,3537,4050,3366,3384,3942,4032,3879,3969,4095,4221,3708,4158,3591,3789,3825,3762,3420,3987,4194,3897,4104,3357,3438,4131,4086,3843,4023,3717,3816,4203,3726,3771,3978,3996,4167,
Shot 18:4266,4230,4239,4248,4311,4257,4275,4293,
Shot 19:4374,4356,4392,
Shot 20:4896,4401,5220,4437,4491,5076,4410,5193,4545,4464,5040,5130,4806,4959,4986,4572,4743,4788,5094,4698,4590,5166,5058,5022,4941,4419,4644,5103,4455,5211,4599,4851,4518,4815,5004,5049,4563,5148,4968,4869,4716,4536,5085,4734,4995,4509,4482,4833,5202,4752,4500,5112,5175,4428,4671,4707,4581,4617,4842,4860,5157,4905,4824,5139,5121,4635,4779,
Shot 21:5238,5229,5265,5247,
Shot 22:6354,6039,5310,5283,5868,5418,6129,5949,5274,5355,6219,5292,5553,6480,5895,6093,5760,5517,5382,5472,6264,6408,6165,5985,5715,6066,5508,5400,5301,5373,5571,6003,6183,5436,5346,6021,5328,5967,5931,6300,5535,6381,5886,5364,5454,6237,6318,6075,6057,5490,6156,6048,6201,5904,5958,6336,5940,6255,6012,6363,6399,6435,6390,6417,6291,6345,
