Shot 0:9,
Shot 1:189,315,
Shot 2:864,594,495,1314,1242,567,531,972,1098,657,810,954,513,999,1206,909,837,783,459,1260,927,1296,549,1152,1017,1053,945,891,1224,801,1035,1026,1062,1044,1305,765,693,846,819,1179,873,576,558,324,522,828,621,540,918,729,648,1008,855,1071,639,747,720,792,711,1215,675,585,603,666,
Shot 3:1503,1728,1350,1701,1386,1764,1332,1557,1746,1710,1368,1413,1620,1692,1755,1431,1377,1539,1395,1584,1656,1737,1422,1341,1719,1449,1359,1674,1548,1683,1404,1485,1602,1530,
Shot 4:1926,1845,2196,2097,1809,1872,1962,2178,1836,1782,1908,1773,1890,2043,2142,1818,1791,1854,1899,2187,2124,2088,1800,1998,1917,1935,1944,2106,1980,
Shot 5:2322,2214,2241,2259,2268,2232,2223,2466,2277,2250,2295,2358,2286,2304,2412,
Shot 6:2475,
Shot 7:2898,2808,3168,3591,3042,3186,2610,3105,3438,3537,2835,3231,3267,3312,3339,2790,2952,3294,3375,3249,3465,2862,3510,3132,3177,3213,3141,2853,2826,3492,3582,2871,3024,3222,3303,3330,2943,3159,3150,3078,3060,3114,2844,3357,3195,3564,3420,3123,2961,3015,2880,3096,2979,3258,2934,2916,2997,2736,2907,3393,2970,2889,
Shot 8:3771,3618,3663,3834,3690,3636,3816,3681,3708,3645,3807,3609,3627,3672,3699,3825,3753,3798,3726,
Shot 9:3951,4050,3987,3852,4023,4086,3906,4041,4005,3969,4068,3933,3978,4014,4032,3870,3996,3861,3960,3888,
Shot 10:4239,4131,4455,4104,4383,4176,4356,4212,4113,4338,4437,4446,4194,4311,4185,4401,4167,4221,4149,4275,4365,4230,4248,
Shot 11:4554,4482,4500,4473,4518,4509,4491,4527,4635,4536,4608,4572,4563,
Shot 12:4644,
Shot 13:5157,5346,5643,5778,4977,5760,5850,4950,5481,5283,5805,5688,4887,5562,5931,5382,5517,5445,5256,5832,5004,5661,5706,5409,5193,5301,5787,4968,5319,5976,5616,5742,5391,5499,5859,5463,5823,4986,5328,5139,5877,5265,5769,5670,5103,5841,5022,5814,5796,5697,5868,5364,4941,5310,5040,5274,5247,5724,5490,5292,4995,5049,5427,5508,5895,5967,4923,5031,5472,5589,5085,5238,5013,5067,5112,5535,5058,5220,5553,5913,4779,5634,
Shot 14:6039,6156,6201,6066,6138,6174,6012,6192,6165,6183,6102,6057,6129,6147,6030,6120,5994,
Shot 15:6300,6228,6246,6282,6264,6327,6255,6291,6318,6219,
Shot 16:6777,6624,6525,6381,6552,6606,6444,6345,6660,6642,6579,6363,6696,6678,6399,6498,6651,6354,6534,6561,6597,6687,6417,6669,6372,6390,6507,6732,6714,6822,6705,6741,6516,6795,
Shot 17:6858,
Shot 18:7335,7254,6993,7281,7299,7389,7236,7263,7272,7290,7308,7227,7380,7317,7362,7344,
Shot 19:7596,7416,7443,7551,7650,7533,7632,7578,7479,7461,7569,7605,7515,7542,7587,7407,7560,7614,7641,7497,7524,
Shot 20:7794,7695,8019,7722,7920,8001,7659,7758,7893,7776,7983,7686,7677,8010,7938,7875,7713,7830,7929,7749,7731,7956,7911,7785,7767,7803,
Shot 21:8064,8028,8100,8082,8046,8037,8109,8091,8073,8055,
Shot 22:8190,8442,8343,8415,8388,8118,8361,8433,8136,8397,8424,8316,8262,8379,8280,8244,8127,8406,8334,8298,8154,8217,8172,
Shot 23:8820,8775,8469,8505,8793,8541,8667,8532,8622,8577,8604,8496,8550,8451,8640,8748,8802,8847,8568,8595,8523,8613,8586,8730,8766,8694,8460,8631,8838,
Shot 24:9000,8883,8865,8910,8892,8874,8928,8919,8901,8937,9054,8964,8946,8982,9009,8973,9036,
Shot 25:9072,
Shot 26:9522,9207,9495,9459,9441,9477,9468,9486,9504,9396,9513,9531,
Shot 27:9702,9747,9783,9729,9612,9792,9774,9693,9666,9675,9738,9765,9756,9720,9621,9594,
Shot 28:9990,9846,10188,10098,9801,9927,9891,9963,9945,9864,10152,9810,9837,10125,9909,9882,10062,9936,10107,9918,10080,9972,10026,10170,9981,9999,
Shot 29:10260,10206,10296,10233,10314,10278,10224,10215,10305,10242,10251,10269,10287,
Shot 30:10413,10647,10602,10548,10584,10458,10629,10512,10620,10566,10332,10638,10467,10611,10539,10503,10575,10593,10485,10440,10530,10350,10386,
Shot 31:10836,10710,11007,10755,10665,10809,10935,11034,10773,10791,10683,10989,10728,10692,10971,10719,10953,10701,10800,10998,10818,10737,11016,10764,10656,10926,10827,10845,
Shot 32:11196,11052,11070,11061,11079,11043,11097,11115,11133,11088,11106,11250,11160,
Shot 33:11286,
Shot 34:11709,11646,11610,11547,11628,11664,11619,11682,11655,11637,11673,11574,11691,11718,11421,
Shot 35:11889,11934,11853,11907,11826,11763,11943,11898,11871,11916,11925,11808,
Shot 36:11979,12168,12060,12024,12105,12042,11952,12141,12015,12087,12123,11961,12204,12033,11970,12051,12078,12150,12096,12132,12159,11997,
Shot 37:12267,12303,12285,12312,12249,
Shot 38:12411,12366,12429,12348,12384,12393,12357,12420,12402,
Shot 39:12708,12834,12447,12492,12753,12780,12681,12735,12645,12798,12438,12474,12591,12771,12789,12654,12807,12744,12726,12456,12627,12600,12762,12537,12510,
Shot 40:12942,12870,13131,13185,13023,12852,12897,12969,13104,13077,12915,12861,12879,13176,12843,12951,12960,12933,13122,13095,13167,12996,12924,12987,12888,
Shot 41:13239,13194,13212,13203,13221,13230,13248,
Shot 42:13338,13527,13599,13482,13563,13500,13464,13266,13392,13311,
Shot 43:13617,
