Shot 0:72,153,135,225,180,171,198,9,144,162,36,117,45,90,
Shot 1:261,279,252,270,
Shot 2:288,
Shot 3:297,306,
Shot 4:324,351,342,333,315,
Shot 5:369,405,
Shot 6:441,414,477,423,450,432,
Shot 7:630,738,756,504,729,648,792,621,495,531,594,675,747,693,567,765,513,774,657,639,612,540,702,783,
Shot 8:819,900,882,864,801,855,873,810,837,
Shot 9:909,963,918,
Shot 10:972,
Shot 11:1026,
Shot 12:1035,1053,1044,
Shot 13:1098,
Shot 14:1152,1206,1107,1179,1197,1125,1134,1188,1161,
Shot 15:1242,1215,1224,1251,
Shot 16:1269,
Shot 17:1386,1485,1440,1620,1431,1422,1494,1530,1449,1413,1503,1278,
Shot 18:1800,1638,1656,1881,1701,1836,1647,1773,1908,1737,1818,1809,1665,1791,1782,
Shot 19:1935,
Shot 20:1962,1953,2016,1944,1971,
Shot 21:2214,2259,2349,2115,2187,2295,2151,2313,2196,2169,2277,2133,2331,2061,2250,2223,2367,2205,
Shot 22:2574,2628,2610,2376,2484,2592,2529,2421,
Shot 23:2700,2637,2754,2673,2664,2682,2718,2736,2691,2709,
Shot 24:2844,2772,2799,2817,2889,2781,2853,2826,2835,
Shot 25:2925,2952,2898,2916,
Shot 26:3150,3375,3195,3042,3105,3258,3240,3213,3177,3168,3087,3186,3060,3204,3159,3429,3366,
Shot 27:3438,
Shot 28:3474,3447,3483,
Shot 29:3591,3906,3762,3618,3870,3645,3834,3609,3492,3789,3888,3600,3528,3501,3852,3564,3519,3672,3627,3753,3537,
Shot 30:3933,3951,3942,
Shot 31:3987,4068,4086,4077,4050,3960,
Shot 32:4131,4095,4113,4149,
Shot 33:4194,4176,4167,4185,
Shot 34:4266,4320,4221,4275,4203,4239,4311,
Shot 35:4347,4329,4356,4338,
Shot 36:4383,4401,4365,4374,
Shot 37:4482,4563,4536,4446,4554,4419,4509,
Shot 38:4608,4581,4617,
Shot 39:4653,4689,4626,4671,4635,4680,4662,4644,4698,
Shot 40:4761,4743,4707,4716,4851,4815,
Shot 41:4878,4860,4869,4887,
Shot 42:4968,4914,4977,
Shot 43:4986,
Shot 44:5274,5058,4995,5076,5211,5031,5175,5139,5238,5085,5049,5184,5256,5292,5103,5265,5193,5319,
Shot 45:5850,6264,5346,5580,5562,6237,5454,6246,5571,5589,6228,5598,6174,5607,5724,
