Shot 0:180,315,27,45,243,72,297,117,63,9,144,207,270,99,18,135,162,252,189,
Shot 1:360,423,333,468,396,450,351,369,
Shot 2:504,522,
Shot 3:531,576,558,549,540,
Shot 4:675,603,693,657,585,684,
Shot 5:702,720,711,
Shot 6:918,945,792,936,729,747,810,927,864,
Shot 7:954,
Shot 8:981,963,999,
Shot 9:1053,1017,1026,1089,1071,1062,1044,
Shot 10:1143,1278,1260,1269,1215,1287,1107,1197,1224,1125,1170,1116,1152,1179,
Shot 11:1296,1305,
Shot 12:1368,1332,1341,1314,1386,1359,
Shot 13:1521,1611,1710,1431,1485,1755,1584,1665,1548,1449,1503,1539,1737,
