Shot 0:297,72,9,765,639,18,315,108,369,63,171,324,279,
Shot 1:810,1008,846,801,954,774,783,999,
Shot 2:1098,1278,1017,1170,1071,1215,1062,1116,
Shot 3:1638,1314,1521,1710,1737,1629,1701,1296,1647,
Shot 4:1845,1764,1818,1854,1836,
Shot 5:1962,1863,1998,1953,
Shot 6:2052,2016,2043,2070,2079,2061,
Shot 7:3483,2565,2736,2610,3564,2700,2088,3591,2673,3402,
Shot 8:3609,3771,3618,3600,3753,
Shot 9:4788,4887,4914,4977,5220,4950,5103,4824,4518,5328,3933,4671,5256,4320,4743,4194,4779,4797,
Shot 10:5364,5490,5418,5436,5373,
