Shot 0:27,54,9,45,
Shot 1:81,99,63,117,108,72,90,
Shot 2:126,144,135,
Shot 3:162,171,153,
Shot 4:180,
Shot 5:198,225,243,234,207,216,189,
Shot 6:261,288,279,252,270,
Shot 7:297,306,
Shot 8:342,387,315,369,324,378,351,333,360,
Shot 9:486,396,567,549,414,522,441,459,504,423,468,405,477,
Shot 10:612,576,774,693,765,720,594,666,603,639,756,621,585,
Shot 11:819,882,783,855,873,792,837,810,
Shot 12:1035,999,891,945,909,918,1017,
Shot 13:1089,1161,1044,1134,1062,1125,1143,1152,1116,1080,1098,
Shot 14:1197,1170,1215,1179,1188,1206,
Shot 15:1323,1404,1377,1224,1296,1260,1386,1341,1242,1395,1359,1233,1314,1251,1332,1368,
Shot 16:1575,1440,1512,1494,1485,1467,1422,1413,1503,1521,1476,1611,1548,1431,1458,1593,1620,1539,1557,1584,1530,1566,
Shot 17:1629,1638,
Shot 18:1692,1647,1656,1665,1701,
Shot 19:1710,1719,
Shot 20:1728,1737,
Shot 21:1755,1782,1746,1764,
Shot 22:1791,1809,1800,
Shot 23:1890,2025,1827,1854,2097,1962,2079,1917,1863,1845,1935,1998,1908,1818,2061,2043,1899,1926,1980,1836,1872,
Shot 24:2169,2115,2133,2142,2151,2160,
Shot 25:2205,2187,2214,
Shot 26:2259,2223,2304,2277,2250,2268,
Shot 27:2322,2349,2340,2331,
Shot 28:2403,2358,2367,2430,2376,2439,2394,2412,2421,
Shot 29:2520,2466,2493,2484,2511,2547,2502,2529,
Shot 30:2565,2583,2574,2556,
Shot 31:2619,2592,2601,2610,2637,
Shot 32:2664,2709,2691,2646,2727,2673,2655,
Shot 33:2871,2934,2808,2745,2961,2916,2763,2790,2844,2925,2907,2889,2943,2853,
Shot 34:2997,3069,2970,3105,3051,3096,3078,3033,3087,3006,3015,3114,2979,3060,3042,
Shot 35:3132,3150,3123,3141,
Shot 36:3186,3159,3204,3168,3177,3195,
Shot 37:3249,3330,3294,3213,3231,3276,3312,3303,3240,3267,3285,3258,
Shot 38:3456,3411,3339,3429,3366,3483,3402,3384,3420,3438,3357,3474,3447,
Shot 39:3528,3555,3492,3546,3501,3519,
Shot 40:3564,3573,
Shot 41:3591,3618,3609,3600,3582,
Shot 42:3699,3735,3627,3672,3645,3717,3690,3726,3708,3636,3663,
Shot 43:3744,3753,
Shot 44:3762,3771,
Shot 45:3780,3789,
Shot 46:3816,3834,3798,3825,
Shot 47:3870,3843,3852,3888,3861,3879,
Shot 48:3924,3906,3915,3897,3933,
Shot 49:3960,3942,3951,3969,
Shot 50:3987,3996,3978,
Shot 51:4005,4014,
Shot 52:4041,4023,4032,
Shot 53:4050,4131,4086,4113,4149,4095,4140,4122,4068,
Shot 54:4167,4185,4176,4158,
Shot 55:4203,4221,4230,4212,4194,
Shot 56:4266,4248,4257,4239,4275,
Shot 57:4338,4284,4311,4356,4302,4320,4347,
Shot 58:4374,4401,4392,4365,
Shot 59:4419,4410,4428,
Shot 60:4482,4437,4455,4464,4473,4491,
Shot 61:4500,
Shot 62:4509,
Shot 63:4518,
Shot 64:4734,4572,4527,4644,4599,4779,4680,4617,4707,4554,4662,4635,4590,4761,4689,4671,4716,4698,4725,4743,4770,
Shot 65:4797,4806,4788,
Shot 66:4815,4824,
Shot 67:4833,
Shot 68:4851,4860,4842,
Shot 69:4887,4869,4878,
Shot 70:4896,4905,
Shot 71:4932,4914,4941,4959,4950,4923,
Shot 72:5013,4986,5049,4968,4977,5031,5040,5022,5004,4995,
Shot 73:5058,5076,5085,5067,
Shot 74:5094,5103,
Shot 75:5139,5166,5121,5130,5112,5157,5148,
Shot 76:5202,5220,5175,5184,5211,5193,
Shot 77:5247,5274,5283,5265,5238,
Shot 78:5301,5310,5292,
Shot 79:5319,5328,
Shot 80:5346,5364,5337,5355,
Shot 81:5436,5400,5472,5418,5427,5373,5391,5463,5409,5445,
Shot 82:5490,5499,5481,
Shot 83:5517,5508,5526,
Shot 84:5544,5589,5580,5562,5535,
Shot 85:5625,5697,5661,5607,5598,5616,5643,5670,5688,5652,5679,5634,
Shot 86:5733,5706,5715,5742,5724,
Shot 87:5751,5760,
Shot 88:5778,5796,5769,5787,
Shot 89:5904,5868,5832,5805,5886,5913,5895,5859,5841,5850,5877,5823,
Shot 90:5922,
Shot 91:5949,5931,5958,5940,
Shot 92:5976,5994,5967,5985,
Shot 93:6003,
Shot 94:6012,
Shot 95:6039,6156,6120,6066,6021,6093,6075,6048,6111,6057,6147,6129,6030,
Shot 96:6210,6246,6165,6237,6183,6228,6201,6192,6174,6219,
Shot 97:6282,6327,6255,6309,6273,6264,6291,6318,
Shot 98:6354,6336,6345,6363,
Shot 99:6507,6444,6390,6462,6525,6408,6372,6426,6516,6498,
Shot 100:6588,6534,6570,6552,6597,
Shot 101:6615,6705,6660,6687,6723,6633,6642,6696,6624,6606,
Shot 102:6759,6831,6732,6804,6741,6786,6750,6813,6768,
Shot 103:6876,6939,6849,6912,6921,6894,6867,
Shot 104:7128,6957,7002,7173,7056,7155,7101,6966,7020,7074,7137,7110,6984,7119,7047,7146,7164,
Shot 105:7209,7182,7254,7191,7227,7263,7245,7200,
Shot 106:7308,7290,7317,
Shot 107:7344,7326,7362,7335,7353,
Shot 108:7416,7542,7461,7524,7497,7371,7488,7398,7434,7551,7533,7452,7479,7506,7515,7443,7380,7470,7407,7425,
Shot 109:7569,7623,7641,7650,7614,7596,7632,7578,
Shot 110:7659,7668,
Shot 111:7713,7749,7695,7677,7731,7740,7704,7722,
Shot 112:7767,7758,7776,
Shot 113:7785,7794,
Shot 114:7875,7857,7848,7803,7821,7839,7812,7866,7830,7884,
Shot 115:7920,7902,7929,7911,
Shot 116:7983,7947,7956,7974,
Shot 117:8010,7992,8019,
Shot 118:8028,8037,
Shot 119:8091,8055,8046,8109,8064,8118,8100,8082,
Shot 120:8208,8307,8415,8289,8352,8397,8136,8253,8271,8379,8172,8370,8334,8226,8361,8244,8190,8217,8181,8262,8325,8199,8298,8154,8406,8316,
Shot 121:8469,8514,8433,8487,8442,8424,8505,8460,
Shot 122:8541,8523,8559,8550,8532,
Shot 123:8838,8694,9171,8901,9144,8595,9216,9117,9090,8667,9270,8622,9234,8568,8649,8748,9180,8613,9054,9252,8982,9198,8793,9072,8937,8577,8631,8829,9126,8919,9135,8712,9243,9009,9036,8955,8802,8847,9153,9189,8676,8604,9045,9108,9000,8883,8775,9027,8964,8658,8811,8640,8703,8865,8910,9261,8874,8757,9018,8721,9225,8973,8730,8928,
Shot 124:9297,9279,9288,9315,9306,
Shot 125:9324,9342,9333,
Shot 126:9468,9558,9720,9612,9576,9639,9414,9684,9540,9369,9594,9630,9351,9513,9621,9486,9450,9657,9567,9504,9396,9360,9423,9522,9666,9441,9549,9585,9603,9729,
Shot 127:9747,9765,9738,9756,
Shot 128:9990,9954,9801,10017,9882,9774,9855,9972,9837,9909,9819,9963,10008,9891,9783,9936,9981,9945,9999,
Shot 129:10224,10035,10170,10107,10134,10089,10071,10206,10152,10053,10242,10233,10179,
Shot 130:10296,10332,10278,10260,10269,10287,10305,
Shot 131:10602,10764,10422,10350,10917,10467,10692,10827,10728,10512,10386,10845,10494,10791,10872,10647,10746,10584,10440,10368,10773,10854,10404,10566,10539,10629,10710,10674,10593,10926,10809,10881,
Shot 132:10980,10944,10962,10989,
Shot 133:11151,11214,11250,11295,10998,11043,11088,11268,11196,11070,11133,11232,11007,11286,11124,11169,11142,11106,11025,11160,11097,11052,
Shot 134:11349,11412,11322,11394,11304,11358,11331,11376,11313,11421,11340,
Shot 135:11457,11502,11529,11556,11430,11583,11547,11520,11565,11439,11538,11511,11574,11448,11493,11466,
Shot 136:11610,11673,11637,11592,11628,11646,11682,11619,11601,11664,
Shot 137:11700,11718,11709,11691,
Shot 138:11763,11736,11754,11745,11781,
Shot 139:11844,11817,11898,11862,11826,11790,11871,11808,11835,11853,11799,11889,
Shot 140:11907,11925,11934,11952,11916,
Shot 141:12006,12042,11970,12015,11961,11997,12024,11988,11979,
Shot 142:12078,12105,12096,12060,12069,12087,
Shot 143:12150,12213,12114,12195,12177,12132,12186,12204,12123,12141,
Shot 144:12240,12222,12231,
Shot 145:12303,12285,12249,12312,12330,12267,
Shot 146:12384,12510,12438,12537,12474,12456,12339,12366,12348,12357,12492,12402,
Shot 147:12564,12546,12618,12600,12591,12555,
Shot 148:12672,12645,12654,12681,12663,
Shot 149:12699,12690,12708,
Shot 150:12717,12726,
Shot 151:12744,12735,12753,
Shot 152:12789,12888,12807,12762,12825,12771,12852,12798,12816,12870,
Shot 153:12933,12897,12906,12915,12924,12951,
Shot 154:12969,13005,
Shot 155:13014,
Shot 156:13023,13032,
Shot 157:13050,13041,13059,
Shot 158:13140,13194,13077,13122,13158,13086,13095,13176,13203,13113,13185,13149,13068,13131,
Shot 159:13248,13212,13275,13230,13266,13257,13221,
Shot 160:13356,13608,13743,13662,13428,13644,13446,13500,13689,13707,13374,13473,13383,13419,13581,13626,13563,13392,13590,13653,13680,13410,13437,13455,13635,13671,13464,13311,13716,13536,13572,13293,13509,13518,13599,13698,13617,13545,13401,13365,13725,13329,13491,13347,13752,13554,13338,13734,
Shot 161:13806,13761,13833,13788,13824,13842,13779,13797,13815,13770,
Shot 162:13860,13851,13869,
Shot 163:13896,13878,13905,13887,
Shot 164:13914,
Shot 165:13932,13941,13923,
Shot 166:13959,14004,13977,13995,13986,13950,13968,
Shot 167:14076,14013,14022,14040,14058,14085,14031,14067,
Shot 168:14166,14094,14121,14211,14184,14148,14103,14175,
Shot 169:14220,
Shot 170:14247,14292,14265,14229,14274,14283,14256,14238,14301,
Shot 171:14346,14391,14382,14355,14310,14337,14319,14328,14373,14364,
Shot 172:14400,
Shot 173:14409,
Shot 174:14436,14418,14445,14427,
Shot 175:14472,14499,14490,14508,14481,14463,
Shot 176:14517,14526,
Shot 177:14535,
Shot 178:14544,14553,
Shot 179:14571,14562,14580,
Shot 180:14679,14787,14607,14634,14760,14643,14778,14733,14589,14616,14598,14706,14715,14625,14661,14751,14697,14724,14652,14688,14742,14670,
Shot 181:14814,14796,14832,14805,14823,
Shot 182:14886,14850,14958,14868,14841,14859,14922,14877,14895,
Shot 183:15057,15165,15147,15003,15075,15129,15084,15066,15156,15048,
Shot 184:15192,15174,15201,
Shot 185:15219,15255,15210,
Shot 186:15336,15282,15318,15300,15345,
Shot 187:15381,15363,15399,15372,15390,
Shot 188:15426,15408,15417,15435,
Shot 189:15543,15615,15633,15471,15444,15489,15597,15570,15588,15525,15507,15624,15462,15453,15606,15579,15480,15534,15552,
Shot 190:15705,15660,15687,15750,15642,15651,15669,15732,15714,15741,15678,15696,
Shot 191:15831,15804,15768,15786,15849,15813,15795,15840,15822,15759,
Shot 192:15894,15867,15903,15876,
