Shot 0:144,171,
Shot 1:279,1530,189,333,423,468,234,1539,297,1359,261,180,
Shot 2:2421,2241,2151,2007,2187,2034,2358,2349,2403,
Shot 3:2466,2475,
Shot 4:2547,
Shot 5:2565,
Shot 6:2601,2574,2700,2637,
Shot 7:2718,
Shot 8:3060,2871,3258,2970,
Shot 9:3357,3276,3438,3312,3402,3285,3384,3420,3330,3393,3366,3429,3321,3348,3339,
Shot 10:3699,3564,3834,3501,3735,3780,3762,3447,3690,
Shot 11:3951,4140,4338,4248,4050,4185,3987,
Shot 12:4446,4518,4437,
Shot 13:4608,4626,4599,
Shot 14:4806,5229,5355,5130,5319,5193,5076,5022,4914,4662,5058,
Shot 15:5535,5382,5526,
Shot 16:5796,5571,6048,5661,5598,5940,6075,5544,6012,5625,5697,5877,5715,5904,5832,5742,
Shot 17:6993,7866,7857,7704,7479,7713,7551,6354,7425,6831,6696,7614,7317,7227,7569,6939,7047,
Shot 18:7920,
Shot 19:7983,7992,7974,7929,
Shot 20:8289,8163,8316,8226,8361,8325,8217,8352,8172,8343,8262,8181,8280,8244,8307,8271,8235,8298,
Shot 21:8550,8478,8370,8415,8442,8397,8505,8514,8487,8406,8424,8532,8433,8388,
Shot 22:8622,8667,8586,8658,8604,8595,8640,8649,8613,8631,
Shot 23:8676,
Shot 24:8802,8838,8829,8748,8766,8820,8739,8847,8811,
Shot 25:8865,8856,8874,
Shot 26:8883,8892,
Shot 27:8910,8919,8901,
Shot 28:9099,8991,8964,9036,9162,8928,9198,9144,9180,9153,9135,9117,9027,9189,8955,8982,9009,9126,9045,9171,8973,9063,9054,9018,
Shot 29:9234,9477,9540,9486,9351,9522,9495,9387,9207,9306,9414,9468,9288,9216,9270,9378,9333,9459,9450,9324,9252,9279,9396,9441,9405,9297,9225,9342,9315,9243,9360,
Shot 30:9648,9828,9873,9774,9585,9567,9612,9576,9558,9693,9594,9603,9837,9819,9801,9918,9747,9792,9621,9891,9864,9882,9675,9630,9684,9909,9657,9666,
Shot 31:9981,10332,10035,10251,9927,10134,10188,10341,10080,10008,10269,9936,9963,10143,10368,10242,9990,10026,9972,10044,9999,10170,10179,
Shot 32:10413,10422,
Shot 33:10431,10440,
Shot 34:10458,10512,10521,10449,
Shot 35:10557,10647,10584,10620,10548,
Shot 36:10746,10656,10854,10728,10809,10827,10773,10845,10764,10755,10800,10737,
Shot 37:10917,10989,11079,10935,10908,
Shot 38:11304,11853,11358,12060,11187,11637,11916,11466,11430,11880,11484,11556,11709,11844,11403,11583,11448,11646,11979,11286,
Shot 39:12069,
