Shot 0:279,324,387,9,486,495,63,297,333,306,369,36,342,351,459,261,315,288,
Shot 1:612,513,522,504,576,531,621,
Shot 2:630,
Shot 3:639,648,
Shot 4:657,684,666,675,
Shot 5:810,720,801,711,
Shot 6:864,927,873,855,828,990,819,918,846,
Shot 7:1521,1458,1035,1782,1026,1359,1701,1224,1350,1494,1242,1269,1305,1440,1089,1413,1746,1314,1773,1737,1116,1728,
Shot 8:1998,1926,1791,2007,
Shot 9:2070,2196,2331,2295,2421,2133,2439,2052,2016,2088,2214,2322,2025,2268,2079,2232,
Shot 10:2529,
Shot 11:2547,2592,2556,2583,2565,2574,2538,
Shot 12:2619,2637,2601,2610,2628,
Shot 13:2691,2835,3114,3042,2664,2799,2646,2772,2943,2673,2871,2682,2754,2736,2700,2655,
Shot 14:3150,
Shot 15:3177,3231,
Shot 16:3276,
Shot 17:3672,3294,3285,3420,3483,3357,3609,
Shot 18:3744,3699,3780,3861,3690,3708,3834,3681,3852,3717,3798,3870,3726,3735,3825,3753,
Shot 19:3879,
Shot 20:4932,4743,4725,4095,4284,4257,3951,4383,4698,4806,4005,4311,4833,4734,4167,3888,4302,4356,4248,4887,4950,4923,4347,4941,4086,
Shot 21:4959,
Shot 22:4968,
Shot 23:4977,
Shot 24:4986,
Shot 25:4995,
Shot 26:5076,5103,5004,5013,5094,
