Shot 0:9,
Shot 1:270,198,306,261,207,234,279,288,
Shot 2:594,315,621,333,414,324,369,576,450,585,351,549,495,342,
Shot 3:990,720,873,1242,1269,810,837,1188,1296,1287,1044,1008,882,639,819,792,1026,675,1062,963,900,999,
Shot 4:1350,1368,1332,1314,1305,1359,
Shot 5:1377,
Shot 6:1386,
Shot 7:1395,1404,
Shot 8:1413,
Shot 9:1458,1422,1431,1503,1440,1476,1449,1467,1485,
Shot 10:1512,
Shot 11:1593,1521,1539,1809,1908,1530,1557,1548,1575,1620,1611,
Shot 12:1962,1971,
Shot 13:1980,1989,1998,
Shot 14:2025,2007,2016,
Shot 15:2070,2187,2034,2043,2259,2160,2196,2214,2115,2061,
Shot 16:2277,2268,2286,
Shot 17:2313,2295,2322,2304,
Shot 18:2349,2331,2340,
Shot 19:2376,2367,2358,
Shot 20:2385,2394,
Shot 21:2421,2403,2412,2430,
Shot 22:2439,2448,
Shot 23:2457,2502,2484,2493,2466,2475,
Shot 24:2511,
Shot 25:2520,2556,2565,2547,2529,2538,
Shot 26:2574,2592,
Shot 27:2601,
Shot 28:2610,
Shot 29:2619,2628,
Shot 30:2637,2682,2700,2673,2691,2655,
Shot 31:2709,2718,
Shot 32:2727,3717,3699,3708,3735,3042,
Shot 33:3807,3789,3753,4176,3924,
Shot 34:4275,4329,4437,4446,
Shot 35:4455,4482,4671,4572,4464,4473,
Shot 36:7047,6480,5607,6408,5112,7074,6390,6759,6588,6624,6912,6399,7020,7029,6291,6282,6138,6417,7056,7011,5121,6255,5805,5688,
Shot 37:7083,7092,
Shot 38:8145,10692,8613,9477,7245,9792,11610,9954,7119,8370,10395,9891,8289,8253,9540,7416,11304,8190,8901,11511,8784,7398,9963,9612,7200,9945,10503,7938,7902,8577,7911,8199,11916,8649,7515,8217,8793,8352,7452,9603,10854,8487,7110,7146,9846,7137,12033,9810,7191,11745,9648,9927,7272,8883,7929,7965,11412,8154,7254,9882,10755,7704,7335,8037,7155,8307,11592,7434,7983,8712,9900,8325,10566,8082,8046,8136,8109,10575,12087,10017,11385,9495,9459,
Shot 39:12141,12096,12105,12114,
