Shot 0:117,369,9,243,306,288,171,405,189,81,324,153,270,351,45,387,333,225,162,297,396,99,180,207,90,135,27,252,72,342,63,360,414,378,108,234,216,144,261,126,54,
Shot 1:441,423,477,459,450,432,
Shot 2:513,558,495,549,531,540,504,
Shot 3:639,567,657,585,684,612,630,666,576,621,594,675,648,
Shot 4:702,
Shot 5:711,
Shot 6:720,
Shot 7:729,747,738,
Shot 8:756,
Shot 9:792,837,828,810,765,819,774,783,801,
Shot 10:918,855,864,846,972,945,882,900,873,936,963,909,927,
Shot 11:1521,1755,1089,1917,1017,2061,1323,1134,1233,1422,1053,990,1647,1179,1269,1827,2034,1710,1980,1584,1350,1116,1305,1197,1278,1215,1071,1458,1890,1170,1728,1152,1044,1863,1260,1440,1062,1683,1008,1620,1368,1935,1404,1206,1539,1485,1080,1125,1107,1503,1395,1737,1692,1413,1908,1926,1512,
Shot 12:2340,2187,2367,2097,2250,2304,2142,2358,2376,2160,2286,2322,
Shot 13:2502,2709,2808,2430,2466,2556,2394,2772,2619,2448,2790,2412,2457,2736,2646,2529,2475,2673,2493,2511,2691,
Shot 14:2880,2943,2826,2916,2853,2898,2925,2934,2844,2871,2889,
Shot 15:2979,2961,2970,2988,
Shot 16:3312,3123,3042,3483,3087,3438,3168,3006,3456,3105,3249,3213,3339,3024,3276,3420,3132,3078,3150,3114,3330,3303,3096,3051,
Shot 17:3636,3501,3537,3591,3672,3618,3519,3492,3663,3573,3546,3645,3654,3627,
Shot 18:3726,3690,3789,3699,3762,3735,3717,
Shot 19:4059,3879,3978,4158,3816,3924,4014,3951,4104,4149,3861,3906,4077,4032,4086,4005,3888,4122,3933,4023,4140,4113,3897,3825,
Shot 20:4248,4203,4167,4320,4185,4212,4194,4302,4221,4329,4275,4230,4239,4293,4257,
Shot 21:4401,4617,4518,4581,4491,4554,4338,4527,4500,4536,4473,4590,4347,4563,4509,4365,4608,4545,4455,4428,4383,4356,4374,4437,4410,
Shot 22:4653,4716,4689,4707,4662,4671,4635,4644,4698,
Shot 23:4725,4779,4806,4788,4770,4797,4752,4734,
Shot 24:4851,4815,4878,4923,
