Shot 0:9,
Shot 1:126,
Shot 2:162,279,
Shot 3:297,360,288,306,
Shot 4:648,1134,945,459,423,1053,1161,396,837,990,378,441,864,1215,1098,1008,1080,711,801,549,828,1188,891,1143,468,783,1035,1017,972,567,1152,774,1062,855,477,693,1206,873,1179,450,1125,405,999,882,756,792,486,846,729,585,504,1197,819,675,1044,540,1026,738,765,684,621,576,639,495,1170,747,720,666,657,513,522,
Shot 5:1278,1233,1224,1314,1251,1422,1350,1242,1332,1368,1260,1296,1395,1413,1269,1377,1386,1341,1323,1305,
Shot 6:1521,1593,1467,1557,1602,1548,1485,1449,1584,1566,1530,1494,1512,1575,1476,1458,1440,
Shot 7:1728,1890,1962,1845,1791,1908,1611,1872,1638,1746,1773,1692,1809,1710,1656,1926,2007,1800,1764,1629,1737,1647,1818,1917,1683,1719,1899,1935,1782,1836,1881,1998,1755,1827,1854,
Shot 8:2016,
Shot 9:2133,2232,2250,2241,2214,2196,2169,2124,
Shot 10:2493,2286,2871,2790,2673,2943,2844,2718,2637,2916,2682,2826,2304,2655,2547,2574,2277,2907,2619,2322,2745,2889,2511,2853,2421,2691,2295,2592,2358,2313,2664,2700,2817,2475,2646,2331,2601,2565,2808,2403,2628,2520,2880,2376,2727,2412,2835,2529,2862,2538,2430,2610,2583,2484,2457,2781,2502,2385,2340,2466,2367,2754,2448,
Shot 11:3213,2970,2997,3024,3060,3294,3078,3159,3240,2961,3051,3006,2988,3033,3015,3276,3222,3132,3186,3168,3042,3069,3150,3087,2979,3249,3267,3177,3231,3105,3285,3204,3123,
Shot 12:3465,3573,3303,3429,3501,3411,3348,3384,3600,3447,3312,3564,3420,3546,3375,3393,3483,3357,3519,3402,3438,3582,3330,3456,3474,3591,3537,3555,
Shot 13:3789,3690,3618,3744,3717,3636,3870,3645,3762,3627,3708,3861,3663,3771,3726,3753,3735,3807,3780,3672,
Shot 14:3879,
