Shot 0:27,135,9,
Shot 1:207,261,153,180,243,198,234,144,216,
Shot 2:270,279,
Shot 3:315,288,297,333,306,324,
Shot 4:414,342,441,369,351,432,423,
Shot 5:567,468,612,495,630,603,477,531,594,540,585,558,
Shot 6:648,684,675,657,639,
Shot 7:729,774,702,792,765,783,711,720,747,
Shot 8:864,1053,1188,1008,1134,1170,1260,1089,1215,1179,810,972,1080,990,828,1116,900,
Shot 9:1314,1359,1350,1296,1332,
Shot 10:1521,1674,1431,1413,1557,1485,1629,1377,1422,1701,1593,1611,1638,1710,1656,1467,1692,1539,1602,1440,1395,1566,1494,1620,1503,1530,1575,1476,1368,1512,1458,
Shot 11:1746,1728,1755,
Shot 12:1782,1773,1791,
Shot 13:1962,2034,2052,1854,1926,2016,2061,1836,1935,1917,1818,1944,1980,1998,1953,2043,
Shot 14:2070,
Shot 15:2106,2088,2151,2187,2124,2097,2115,
Shot 16:2250,2259,
Shot 17:2295,2313,2322,2286,2277,2304,
Shot 18:2349,2412,2394,2331,2376,2385,2358,2340,2367,
Shot 19:2466,2493,2448,2484,2475,2457,
Shot 20:2502,2511,
Shot 21:2520,2529,
Shot 22:2538,
Shot 23:2601,2547,2619,2556,2565,2574,2583,2610,2592,
Shot 24:2628,2673,2637,
Shot 25:2790,2682,2862,2745,2700,2844,2691,2727,2808,2781,
Shot 26:2880,2889,
Shot 27:2898,2907,
Shot 28:2916,2925,
Shot 29:3006,2952,3276,2970,2934,3087,3240,3159,2943,3033,3258,3096,3285,2979,3078,3042,3105,2997,3015,
Shot 30:3303,3294,3312,
Shot 31:3348,3321,3330,3339,3357,
Shot 32:3501,3438,3375,3483,3555,3393,3402,3366,3384,3420,3492,3456,3474,3528,3537,3411,3519,3510,
Shot 33:3609,3582,3654,3636,3573,3627,3600,3591,3618,
Shot 34:3762,4059,3951,3672,3897,4014,3960,3708,4032,3915,3852,3969,4041,3744,3825,3780,4050,
Shot 35:4086,4068,4104,4077,
Shot 36:4113,4122,
Shot 37:4149,4455,4347,4257,4356,4482,4437,4167,4284,4374,4266,4131,4365,4212,4248,4338,4302,4329,4158,4392,4383,4140,
Shot 38:4527,4491,4509,4590,4500,4518,4536,
Shot 39:5166,4743,4995,5040,4635,4770,4815,4851,4734,4608,4689,4797,5022,4905,5130,4977,4644,4788,5247,4761,4779,4887,5274,4671,5148,4707,5004,5184,5229,
Shot 40:5292,5301,
Shot 41:5310,5319,
Shot 42:5355,5346,5400,5364,
