Shot 0:288,99,477,450,198,423,180,162,234,405,216,252,135,387,153,243,261,396,270,414,
Shot 1:513,495,504,522,
Shot 2:594,711,702,675,603,
Shot 3:810,1026,720,909,1098,855,936,774,972,846,819,1053,
Shot 4:1242,1440,1107,1179,1260,1251,1116,1188,1287,1197,
Shot 5:1449,1458,
Shot 6:1584,1818,1989,1962,1728,1692,1935,1746,1710,1917,1665,1764,1683,1521,1755,1782,1647,
Shot 7:2025,2007,2016,2034,
Shot 8:2115,
Shot 9:2133,2142,
Shot 10:2547,2286,2502,2700,2538,2619,2520,2556,
Shot 11:2844,2727,2880,2808,2790,2871,2772,2709,2826,2781,2718,
Shot 12:2934,3015,2979,2997,2961,2925,2952,3006,
Shot 13:3168,3204,3042,3240,3087,3123,3069,3150,3114,3231,3195,3078,3051,3186,
Shot 14:3285,3321,3312,3420,3303,
Shot 15:3564,3555,3573,
