Shot 0:117,9,27,45,63,189,216,54,99,36,
Shot 1:414,936,675,360,558,297,486,864,828,378,720,918,333,630,801,657,765,450,279,702,927,396,306,432,846,945,873,387,324,
Shot 2:1359,1242,1143,1296,1107,1323,1071,972,1215,1017,1314,1179,1269,1089,1233,1251,1161,1305,1350,1368,
Shot 3:1539,1935,1440,2025,2124,2052,1620,1395,1494,1422,1791,1971,1683,1575,1449,2061,1521,1638,2133,1548,
Shot 4:2205,2304,2151,2187,2259,2340,2232,2178,2322,2286,2214,2223,
Shot 5:4113,2817,3708,2556,2628,3087,2403,4221,2880,2502,3204,2691,3429,2610,3816,3897,2736,3789,4176,3501,3006,2439,2979,4050,4005,2358,2664,3762,2709,3303,3177,2466,4239,3096,2943,3528,3348,3240,3870,3330,3132,3276,3663,3726,2637,2421,4149,4248,3078,4203,4086,2538,2574,4230,4194,4158,4140,4095,4104,4185,4122,
Shot 6:4320,4374,4284,4338,4302,4356,4392,
Shot 7:4527,4644,4464,4491,
Shot 8:4779,5022,4932,4815,4824,4968,4734,4698,4671,5004,4716,5040,
Shot 9:5265,5184,5508,5202,5139,5445,5085,5166,5481,5247,5211,
Shot 10:5625,5607,5616,
