Shot 0:171,90,288,369,252,234,81,315,144,126,387,306,99,360,72,162,
Shot 1:396,576,405,
Shot 2:684,900,864,963,648,792,846,909,882,774,936,873,810,855,1008,981,801,675,
Shot 3:1017,
Shot 4:1026,1071,1053,
Shot 5:2268,1170,1116,1638,1341,1953,1422,1278,2295,1332,1611,1233,1161,2223,1710,1269,1836,1323,1386,2106,1368,1404,1305,1314,1152,1359,2331,1197,1107,1215,2196,2070,1629,1692,2025,2322,1701,2286,2259,1962,
Shot 6:2403,
Shot 7:2547,2529,2610,2556,2574,2538,
Shot 8:2889,2655,2700,2637,2682,2646,2907,2898,
Shot 9:3240,3537,2988,3456,3024,3582,3375,3123,3366,3474,3132,3114,3411,3330,3231,3186,
Shot 10:4032,4176,3681,3744,3663,4086,3789,3915,4113,3834,3852,4059,4131,3933,3618,4185,3942,4104,3870,4014,
Shot 11:4968,4194,5049,4392,4599,4221,4356,5103,5076,4959,5031,4977,
Shot 12:5121,
Shot 13:5283,5166,5364,5319,5229,5346,5202,5265,5301,
Shot 14:5391,5409,
Shot 15:5427,
Shot 16:5436,5445,
Shot 17:5535,5634,5607,5463,5454,5499,5571,
Shot 18:6831,8154,9036,8973,9360,9666,8019,8190,5778,5904,10656,7416,8739,7362,5931,7038,5751,8586,8073,10341,7596,8541,10566,7146,8046,8424,7893,10638,6741,7065,7515,7965,7281,7479,7578,6165,5823,10467,8793,9657,6849,6660,7227,6048,7623,7677,6174,6948,7974,8289,9135,7470,7533,10458,7866,8820,8172,7191,7488,7344,7074,6777,9108,7290,8037,8478,8721,8145,7119,5868,7587,6921,7056,5940,10530,9099,7569,6984,8307,9648,7335,6903,9378,8001,8406,7524,7353,5805,8559,7182,7722,10602,7542,9144,9675,6768,7983,7047,7497,8136,8991,6786,9009,8244,5715,10575,8181,10620,6813,8064,5949,
Shot 19:11331,11277,11295,11376,
Shot 20:12933,15021,13311,11772,13167,13176,11826,12771,13041,14058,14742,12915,13833,13464,13374,13878,12834,13743,14004,11979,13077,13455,13680,13104,13221,14607,12798,14733,11799,13347,11880,13842,13059,11889,13023,14670,13626,11421,13797,14616,13608,13923,11871,11916,14481,11988,14904,13977,13707,13851,12951,14067,13653,11745,13203,14022,13032,13761,14886,12969,13131,13500,13671,13689,11997,11727,14598,14679,13932,14895,11853,12780,11763,12942,12924,11754,11808,13122,13140,13149,11835,
