Shot 0:27,45,9,36,18,
Shot 1:414,72,171,108,207,135,261,333,126,378,369,351,117,441,90,360,198,432,180,54,243,216,81,423,63,
Shot 2:477,459,450,513,504,486,495,468,
Shot 3:693,675,522,720,648,711,666,585,567,684,
Shot 4:747,729,738,756,
Shot 5:774,765,783,
Shot 6:1161,819,1017,1089,999,900,1179,1143,1224,1035,1269,882,972,1053,918,1197,1170,945,1152,1116,792,1134,1026,1242,1206,855,1080,891,1098,801,1188,1260,1233,1062,846,1278,810,
Shot 7:1305,1323,1296,
Shot 8:1350,1377,1359,1368,1332,1341,
Shot 9:1395,1449,1386,1413,
