Shot 0:306,621,36,108,567,531,153,657,72,198,9,585,126,234,459,54,90,405,513,648,603,558,360,261,576,432,594,495,117,135,639,45,81,99,612,63,324,216,387,351,288,189,225,270,
Shot 1:684,711,666,702,675,693,
Shot 2:729,756,747,738,720,
Shot 3:774,792,
Shot 4:801,
Shot 5:819,810,828,
Shot 6:837,846,
Shot 7:918,873,900,855,954,864,936,882,891,945,909,927,
Shot 8:972,981,
Shot 9:990,
Shot 10:1008,1017,999,
Shot 11:1071,1152,1026,1107,1134,1089,1044,1116,1035,1062,1053,1098,1125,1143,1080,
Shot 12:1197,1170,1188,
Shot 13:1233,1215,1260,1206,1251,1224,1242,
Shot 14:1278,
Shot 15:1287,1296,
Shot 16:1305,
