Shot 0:45,72,81,63,9,36,
Shot 1:144,306,243,297,279,135,216,117,
Shot 2:351,396,387,369,378,
Shot 3:765,558,1017,963,630,720,540,666,819,801,747,990,594,783,756,729,414,639,
Shot 4:1314,1386,1368,1035,1215,1071,1422,1242,1278,1251,1116,1134,1359,1377,1044,1260,1350,1287,1026,1332,1296,1413,
Shot 5:1494,1503,
Shot 6:1530,1539,1512,1521,
Shot 7:1584,1611,1575,
Shot 8:1791,1701,1872,1710,1755,1818,1746,1800,1836,
Shot 9:1998,1881,1926,1944,2016,1890,1908,2007,1971,
Shot 10:2034,2061,2052,2025,
Shot 11:2088,2124,
