Shot 0:333,450,9,315,441,360,252,
Shot 1:972,1143,459,756,585,909,927,1017,1197,1008,
Shot 2:1287,1503,1242,1350,1323,1395,1251,1260,1314,1269,
Shot 3:1539,1602,1512,1611,1584,1521,1548,
Shot 4:1620,
Shot 5:1629,1638,
Shot 6:1656,1647,1665,
Shot 7:1674,1683,
Shot 8:1728,1692,1782,1701,1764,1710,
Shot 9:2493,2349,2007,1791,2430,1926,2286,2772,2295,2043,2592,2331,2763,1800,1854,2583,2376,2655,2439,2052,2313,2601,2025,2088,2448,2511,
Shot 10:3069,2961,3222,2781,3087,3024,3123,2988,3078,3060,2934,
Shot 11:3483,3582,3429,3528,3240,3249,3591,3258,3438,3510,3555,3600,3501,3447,3492,3519,3321,3717,3465,3474,3537,
Shot 12:3771,3735,3762,3726,3753,3780,
Shot 13:3870,3888,3789,3798,3879,
Shot 14:3933,4077,4032,3996,4059,3969,4086,4068,4014,3942,3987,3960,3924,
Shot 15:4122,4212,4203,4347,4149,4095,4167,4131,
Shot 16:4365,4518,4392,4509,4464,4419,4437,4374,4356,
Shot 17:4716,4896,5535,4590,5004,4905,5427,4527,5517,4923,4878,5022,4671,4626,5382,5472,5211,5049,4689,4869,4941,4653,5391,5031,4887,4797,4959,5526,5220,4707,
Shot 18:5625,5571,5679,5688,5607,
Shot 19:6183,6030,6111,6003,5877,5868,6084,6228,6120,6057,6012,6039,5697,5715,6210,
Shot 20:6264,6363,6345,6354,6327,6246,6237,
Shot 21:6849,6714,7155,6705,6993,6750,7146,7128,6372,7182,6561,7164,6813,7173,6984,6381,6975,7110,6489,6822,6570,
Shot 22:7200,7209,
Shot 23:7218,7272,7281,7245,7290,7236,7254,7227,
Shot 24:7299,7326,
Shot 25:7821,7344,7830,7839,7488,7875,7866,7911,7335,7803,7848,7884,7479,7902,7893,7794,7785,7812,
Shot 26:7965,8001,7938,7947,7929,8010,7983,8019,7920,7992,
Shot 27:8037,9207,9063,8676,9117,8874,9090,8838,8064,9036,9072,9054,9135,9099,8847,8028,9126,9225,8199,8982,8109,9153,9027,9180,9045,8667,8802,8046,9198,
Shot 28:9315,9261,9279,9288,
Shot 29:9621,9819,9333,9603,9693,9567,9522,9324,9531,9576,9549,9585,9756,9630,9648,9594,9729,9657,9792,9612,9810,9396,
Shot 30:9828,
Shot 31:9846,9837,9864,
Shot 32:9900,9981,9972,9927,9882,
Shot 33:9990,10080,10071,9999,
Shot 34:10242,10323,10395,10098,10305,10278,10377,10107,10251,10386,
Shot 35:10467,10404,10422,10476,10458,
