Shot 0:9,
Shot 1:387,540,522,531,198,153,495,558,477,243,513,468,225,180,252,549,216,
Shot 2:585,576,594,
Shot 3:621,603,630,612,
Shot 4:666,639,657,
Shot 5:675,684,
Shot 6:1089,1179,1170,711,1530,693,954,891,864,810,1197,936,882,1188,1215,1305,792,972,1224,909,1512,702,999,1521,1278,945,1296,756,873,837,1314,1161,1413,747,774,846,981,1206,738,1026,1233,855,1503,1431,1404,1440,1386,1008,1080,1287,1485,918,1341,801,900,783,729,1152,1332,1260,1107,1458,720,1062,1098,1251,1143,1116,1467,1017,927,1368,
Shot 7:1584,1602,1539,1620,1611,1566,1593,1548,1557,
Shot 8:1854,2331,1683,2304,2340,2151,1962,2322,1665,2043,1629,2448,2070,2214,1998,1935,2115,2313,1674,2358,2349,2277,2205,2457,1890,2034,2232,2106,1656,1944,1692,2025,2241,2286,2169,1638,1710,1917,1971,1863,2133,2412,2124,1872,2007,1953,1773,1791,2376,1908,1899,1989,2178,2088,1728,1809,2250,2142,1845,1647,2160,2367,2061,1764,2421,2187,1701,2439,2403,2295,1836,1737,1980,1746,1881,2259,2052,
Shot 9:2466,
Shot 10:2475,
Shot 11:2502,2511,2493,2484,2520,
Shot 12:2637,2538,2772,2529,2547,2556,2619,2574,2583,2592,2628,2673,2601,2646,
Shot 13:2862,2781,2871,2790,2799,
Shot 14:2988,3078,2961,2880,3060,2970,3069,3150,2889,3051,2979,
Shot 15:3456,3348,3168,3258,3438,3528,3249,3429,3267,3339,3357,3240,3447,3519,3330,
Shot 16:3906,3546,3636,3735,3627,3537,3618,3726,3645,3807,3825,3717,
Shot 17:4392,4203,3996,4302,4113,4014,4284,4086,3915,4374,4005,4464,4185,4275,4365,3987,4095,4383,4293,4104,3942,
Shot 18:4554,4473,4572,4482,4563,
Shot 19:5013,4581,4824,
