Shot 0:1872,2493,801,2520,1827,2457,378,9,2358,396,2421,2178,963,1845,360,504,2484,1935,
Shot 1:2799,4131,3357,4050,3420,4158,4113,2952,2547,3555,4140,3330,4068,3177,4059,4122,4041,2988,2916,4014,2592,3501,2844,3582,2961,2754,2970,
Shot 2:4185,4167,4203,4176,4194,
Shot 3:4212,4230,
Shot 4:4257,4293,4239,4248,
Shot 5:4302,
Shot 6:4311,4329,
Shot 7:4347,4356,4338,
Shot 8:4365,
Shot 9:4428,4392,4383,4437,4446,4419,4401,4410,4464,
Shot 10:4473,4554,4635,4536,
Shot 11:4653,4716,4698,4725,4707,4680,4662,4689,4671,4644,
Shot 12:4815,4752,4788,4797,4743,4824,4779,
Shot 13:4833,4842,
Shot 14:4950,4860,4896,5067,4869,4905,4914,4923,4995,5031,
Shot 15:5445,6606,6624,5130,6426,5103,5850,5553,6300,6516,5121,6453,6597,6552,6570,5589,6462,5274,5940,5823,6498,5490,5949,6003,6579,5967,
Shot 16:6804,6633,7065,6714,6660,6651,6867,
Shot 17:8631,7083,7596,8289,8172,8541,7236,7164,8100,7110,7425,8514,9243,8721,8235,8190,7281,9171,8388,8856,
