Shot 0:99,144,9,54,126,
Shot 1:450,153,180,432,
Shot 2:702,459,783,711,603,558,684,765,720,657,729,
Shot 3:828,
Shot 4:837,882,
Shot 5:1062,1080,891,
Shot 6:1188,1179,1305,1215,
Shot 7:1395,1647,1314,1611,1494,1323,1719,
Shot 8:1917,1872,1935,1890,1881,1899,1908,1926,
Shot 9:2016,1944,1998,1971,1989,1953,1980,2034,2007,2025,
Shot 10:2043,2151,
Shot 11:2268,2259,2349,
Shot 12:3168,2592,2484,2718,2817,2709,2790,2952,2421,2556,3006,2430,2961,2934,3069,2799,2871,2466,2763,2547,3177,2736,
Shot 13:3186,3222,
Shot 14:3321,3384,
Shot 15:3429,3663,
Shot 16:3780,3672,3708,3843,3699,3717,3726,3798,3735,3771,
