Shot 0:306,549,225,621,639,369,405,585,396,45,243,459,567,387,414,522,90,612,234,378,432,252,63,594,9,270,315,
Shot 1:648,657,
Shot 2:702,729,738,666,747,720,693,684,675,711,
Shot 3:765,783,756,792,801,774,
Shot 4:810,
Shot 5:864,900,837,846,909,882,819,828,855,873,
Shot 6:945,981,918,972,936,954,
Shot 7:1026,990,1017,
Shot 8:1035,
Shot 9:1089,1161,1179,1044,1107,1152,1170,1053,1143,1125,1098,1080,
Shot 10:1188,
Shot 11:1197,1206,
Shot 12:1224,1233,1215,
Shot 13:1260,1242,1269,1278,1251,
Shot 14:1323,1368,1287,1341,1296,1395,1350,1332,1314,1359,1377,1305,
Shot 15:1413,1422,1404,
Shot 16:1431,1440,
Shot 17:1476,1458,1449,1494,1467,1485,
Shot 18:1548,1512,1530,1521,1503,1539,1557,
