Shot 0:9,
Shot 1:162,189,
Shot 2:288,333,423,378,477,252,522,315,306,279,
Shot 3:639,819,585,765,801,711,567,612,594,648,
Shot 4:1062,945,927,1251,1017,837,1143,
Shot 5:1287,1305,
Shot 6:1323,1539,1431,1494,1611,1359,
Shot 7:1755,1791,1872,1854,1683,1818,1647,1890,1719,1782,1674,1746,1809,1773,1710,1881,1827,1845,
Shot 8:1980,2034,1899,1944,1926,
Shot 9:2223,2277,2070,2124,2250,2178,2142,2052,2259,2088,2286,2106,2151,2187,2214,
Shot 10:2331,2295,2322,2340,2304,
Shot 11:2376,2412,2394,2358,2403,2367,2385,
Shot 12:2430,
Shot 13:2556,2493,2529,2511,2547,2502,2520,2538,2484,2772,2682,2439,
Shot 14:3060,
