Shot 0:27,63,9,
Shot 1:441,513,423,315,504,414,180,270,387,450,477,288,342,324,243,432,144,486,468,198,459,405,495,396,72,333,252,297,
Shot 2:522,
Shot 3:531,540,
Shot 4:558,
Shot 5:567,
Shot 6:576,
Shot 7:657,603,612,630,594,648,
Shot 8:666,
Shot 9:747,882,864,684,738,702,693,720,711,945,756,675,810,792,729,765,
Shot 10:963,954,972,
Shot 11:1026,1071,1053,1062,1035,999,
Shot 12:1224,1080,1323,1332,1116,1188,
Shot 13:1386,1368,1359,1377,
Shot 14:1395,1485,1494,1503,1458,1521,
Shot 15:1557,1566,
Shot 16:1899,1881,1674,1827,1584,1890,1620,1800,1872,1683,1863,1836,1575,
Shot 17:2061,2043,2052,1944,2097,1926,1953,1989,2079,1980,1962,2016,2070,1998,1935,1917,1908,2034,2007,
Shot 18:2115,2160,2151,2124,2133,2142,2106,
Shot 19:2169,
Shot 20:2178,2187,2196,
Shot 21:2205,2214,
Shot 22:2223,2232,
Shot 23:2250,2268,2286,2304,2313,2241,
Shot 24:2322,
Shot 25:2340,2385,2367,2358,2349,2331,
Shot 26:2412,2403,2394,
Shot 27:2439,2493,2601,2556,2547,2484,2592,2421,2565,2475,2457,2583,2574,2610,2430,
Shot 28:2619,2637,
Shot 29:2673,2718,2691,2682,2700,2655,2664,
Shot 30:2889,2745,2736,2835,2790,2880,
Shot 31:2907,2961,2925,2970,2898,2943,
Shot 32:3033,2997,2979,3051,3024,
Shot 33:3222,3159,3060,3123,3177,3258,3069,3132,3114,3285,3402,3393,3303,3357,3204,
Shot 34:3879,3690,3447,3573,3627,3474,3483,3780,3564,3546,3726,3510,3618,3492,3735,3942,3951,3978,3969,3789,3699,
Shot 35:4014,4005,4023,
Shot 36:4032,4041,
Shot 37:4050,
Shot 38:4158,4311,4194,4338,4392,4221,4257,4059,4212,4167,4113,4140,4302,4230,4104,4275,4356,4239,4401,4266,4176,4329,4185,4068,4248,
Shot 39:4410,
Shot 40:4590,5067,5040,4860,4509,5085,4482,4419,4545,4455,5049,4500,4473,4527,4446,4464,4959,4878,4572,4896,4428,4608,4851,
Shot 41:5094,
Shot 42:5103,5112,
Shot 43:5184,5238,5148,5220,5157,5202,5229,5166,5130,5193,
Shot 44:5247,5328,5292,5337,5310,5256,5274,5283,5301,5265,5373,5346,5319,
Shot 45:5454,5490,5382,5445,5463,
Shot 46:5499,5508,
Shot 47:5670,5679,5598,5607,5580,5535,5697,
Shot 48:5706,5778,5733,5751,5724,5715,
Shot 49:5850,5787,5796,5805,5832,
Shot 50:6030,5949,6084,5967,5994,6066,5913,5877,5976,6075,5904,6003,6021,5931,5868,5895,6048,5985,5922,5940,5886,6039,6057,
Shot 51:6129,6156,6165,6093,6102,6174,6147,
Shot 52:6363,
Shot 53:6399,6534,6435,6390,6417,6372,
Shot 54:6552,6606,6597,6615,6579,6570,6543,
Shot 55:6732,6723,6642,6696,6750,6651,6741,6714,
Shot 56:6768,6786,6894,6759,6777,
Shot 57:6957,6948,6966,6939,6930,6921,
Shot 58:6975,
Shot 59:7029,7047,7002,6993,7020,7074,7038,7011,7065,7056,
Shot 60:7182,7191,7173,7110,
Shot 61:7218,7209,7236,7227,
Shot 62:7371,7326,7362,7299,7407,7281,7380,7290,7245,7263,
Shot 63:7416,
Shot 64:7425,7434,
Shot 65:7443,
Shot 66:7488,7470,7461,7497,
Shot 67:7686,7659,7578,7641,7650,7668,7614,7533,7677,7632,7785,7506,7749,7569,7794,7704,
Shot 68:7821,7803,7812,
Shot 69:7848,7830,7866,7839,7857,7875,
