Shot 0:54,72,9,36,63,
Shot 1:126,108,99,135,90,
Shot 2:243,144,360,351,216,198,288,369,342,162,234,270,261,189,324,252,306,333,
Shot 3:378,
Shot 4:387,
Shot 5:414,396,468,477,405,423,
Shot 6:567,522,558,594,540,513,504,486,531,585,549,576,495,
Shot 7:603,
Shot 8:630,666,612,639,720,621,
Shot 9:783,729,774,792,747,738,765,
Shot 10:819,846,801,810,828,
Shot 11:864,855,873,
Shot 12:882,891,
Shot 13:900,
Shot 14:936,927,909,945,
Shot 15:1053,1071,990,1062,954,981,963,1035,999,1026,1008,
Shot 16:1080,
Shot 17:1197,1287,1089,1269,1260,1134,1152,1170,1305,1251,1125,1116,1179,1107,1098,1242,1161,1233,1224,1206,1296,1278,
Shot 18:1323,1341,1314,1332,
Shot 19:1422,1476,1368,1440,1458,1377,1395,1485,1350,1404,1386,1359,1431,
Shot 20:1521,1503,1539,1530,1494,1512,
Shot 21:1557,1548,1584,1566,
Shot 22:1593,1602,
Shot 23:1620,1710,1737,1728,1701,1638,1719,1683,1674,1611,1647,1665,1629,1692,1656,
Shot 24:1746,1755,
Shot 25:1791,1773,1764,1800,1782,
Shot 26:1809,1818,
Shot 27:1845,1827,1854,1863,1836,
Shot 28:1953,2106,1881,2097,1872,1899,1908,2079,1890,1917,1926,2043,1980,1962,2025,1944,1971,2034,1998,1935,
Shot 29:2115,2124,
Shot 30:2133,
Shot 31:2142,
Shot 32:2160,2151,2169,
Shot 33:2178,2187,
Shot 34:2196,
Shot 35:2205,
Shot 36:2223,2214,2232,
Shot 37:2313,2259,2286,2295,2241,2268,2277,2331,2349,2322,2304,
Shot 38:2367,2376,
Shot 39:2385,
Shot 40:2412,2394,2403,
Shot 41:2448,2421,2430,2439,
Shot 42:2475,2484,2457,2466,
Shot 43:2493,
Shot 44:2556,2538,2547,2583,2574,2565,2502,2511,
Shot 45:2619,2601,2592,2610,
Shot 46:2628,2637,
Shot 47:2646,
Shot 48:2691,2655,2700,2673,2664,2682,
Shot 49:2709,
Shot 50:2736,2718,2727,
Shot 51:2745,2763,
Shot 52:2934,2772,2817,2853,2880,2988,2799,2970,2871,2835,2781,2979,2952,2997,2808,2844,2916,2961,2907,2925,2889,
Shot 53:3024,3006,3042,3060,3051,3015,3033,
Shot 54:3105,3078,3087,3069,3132,3096,3123,3114,
Shot 55:3150,3159,3141,
Shot 56:3213,3231,3168,3240,3177,3186,3249,3195,
Shot 57:3348,3258,3267,3330,3321,3303,3312,3393,3339,3285,3294,3276,3357,
Shot 58:3438,3411,3420,3456,3447,3429,
Shot 59:3474,3510,3492,3465,3501,3483,
Shot 60:3537,3528,3573,3519,3546,3564,3555,
Shot 61:3672,3591,3582,3600,3618,3654,3690,3735,3609,3627,3636,3717,3708,3645,3681,3663,3699,
Shot 62:3789,3879,3825,3933,3834,3852,3861,3816,3753,3870,3843,3888,3780,3807,3798,
Shot 63:3969,3951,3978,3960,
Shot 64:3987,3996,
Shot 65:4050,4005,4014,4068,4059,4077,4032,
Shot 66:4176,4122,4104,4131,4086,4185,4266,4113,4149,4284,4095,4167,4257,4194,4158,4230,4212,4140,4275,4248,4203,
Shot 67:4329,4473,4302,4428,4482,4518,4401,4464,4509,4293,4419,4455,4437,4320,4410,4491,4338,4365,4374,4500,
Shot 68:4545,4554,4527,4536,
Shot 69:4563,4590,4581,4572,
Shot 70:4599,
Shot 71:4662,4869,4896,4887,4797,4635,4608,4644,4770,4788,4617,4851,4626,4842,4761,4689,4743,4698,4815,4860,4680,4707,4653,4671,4806,
Shot 72:4905,
Shot 73:4941,4914,4923,4932,4950,
Shot 74:4959,4968,
Shot 75:4986,4995,4977,5004,
Shot 76:5337,5049,5364,5193,5031,5130,5067,5220,5013,5076,5040,5175,5211,5121,5166,5058,5022,5274,5202,5184,5085,5355,5346,
