Shot 0:9,
Shot 1:189,945,936,306,459,297,981,594,855,369,252,963,225,1008,873,558,423,135,576,441,216,
Shot 2:1098,1053,1224,1278,1152,1242,1197,1260,1080,1116,1296,1089,1215,1143,
Shot 3:1422,1305,1548,1575,1404,1449,1521,1440,
Shot 4:1647,1719,1746,1584,1701,1710,1665,1692,1620,1629,1656,1638,
Shot 5:2628,2070,1845,2574,2205,2142,2385,2592,2367,1890,1782,2682,2097,2511,2475,2124,2358,2565,2601,2655,2610,2691,2619,2637,
Shot 6:2799,2826,2817,2700,
Shot 7:2853,2835,2844,
Shot 8:2880,2862,2871,2889,
Shot 9:2898,
Shot 10:2979,3006,2907,
Shot 11:3852,3042,3825,3582,3843,3024,
Shot 12:4257,4104,4014,4158,3861,4203,4050,4131,4086,4221,3987,4248,4266,
Shot 13:4626,4293,4599,4509,4662,4635,
Shot 14:5094,4851,5121,5022,4743,5040,5103,5112,
Shot 15:5382,5175,5283,5220,5238,5373,5229,5202,5391,5247,5265,5166,
Shot 16:5418,5913,5877,5886,5832,5859,5778,
Shot 17:5922,6156,6129,6075,6147,
Shot 18:6777,6390,6228,6966,6174,6687,6453,6957,6183,6561,6948,6714,6921,6201,6588,6831,6300,6606,6885,6867,6741,6210,6633,6417,6336,6255,6822,6939,6840,
Shot 19:7047,7146,6975,6984,7119,7020,
Shot 20:7308,7551,7236,7407,7254,7425,7542,7290,7326,7416,7299,
Shot 21:7704,7578,7560,7614,7596,7659,7731,7830,7686,
Shot 22:7947,7848,8181,8100,7929,
Shot 23:8352,8469,8271,8316,8379,8424,8334,8298,8325,8343,8370,8478,
Shot 24:8595,8523,8568,8586,8613,8604,
Shot 25:9261,8730,8856,9036,9288,9405,9270,8793,9000,8712,8694,9279,9423,8748,8847,
Shot 26:9747,9441,10053,10035,9504,9990,9585,9495,9513,9720,9675,10044,9522,10017,9576,9630,9954,9873,9540,9531,9693,9972,9819,9738,9756,
Shot 27:10206,10485,10080,10287,10269,10494,10422,10251,10458,10062,10170,10179,10233,10188,10215,10197,
Shot 28:10566,10593,10539,10512,10575,10530,10557,
Shot 29:10611,10629,10656,10638,10602,10620,
Shot 30:10719,10665,10764,10818,10674,10710,10746,10755,10692,10809,10737,10773,10701,10791,10728,
Shot 31:10935,10827,11034,10881,10989,10836,11007,10980,10890,10962,10908,11025,
Shot 32:11088,11070,11133,
Shot 33:11196,11169,11286,11259,11151,11232,11313,11160,11250,
Shot 34:11502,11475,11547,11385,11484,11520,
Shot 35:11628,11556,11565,11610,11601,11592,11745,11574,11619,
Shot 36:11889,11817,11853,11907,11925,11862,11871,11880,
Shot 37:12060,11970,12285,12006,11943,12024,12087,11997,12213,11961,11988,12042,11952,
Shot 38:12411,12375,12393,12384,12429,12402,12420,
Shot 39:12447,12627,12600,12609,12591,12537,
Shot 40:12969,12699,12942,12996,12978,12762,12960,
Shot 41:13185,13212,13176,13203,13194,
Shot 42:13221,
Shot 43:13230,
Shot 44:13257,13239,13248,
Shot 45:13581,13293,13482,13671,13311,13464,13653,13302,13599,
Shot 46:13833,13680,13779,13698,13905,13914,13950,13887,13770,13806,13689,13923,13797,13860,13734,13815,13851,13842,13707,
Shot 47:14184,14238,14166,
Shot 48:14274,14589,14265,14256,
Shot 49:14607,
Shot 50:14643,14616,14661,14625,14634,14652,
Shot 51:14697,14670,14814,14679,14688,14715,14706,
Shot 52:14877,15057,14850,15039,15075,14832,14904,15012,15030,14994,15048,14868,
Shot 53:15183,15192,
Shot 54:15507,15201,15282,15390,15336,15543,15453,
