Shot 0:9,
Shot 1:108,
Shot 2:423,333,117,252,387,297,207,378,279,360,396,315,369,225,351,171,324,306,405,126,342,459,189,216,441,414,198,432,
Shot 3:720,
Shot 4:729,
Shot 5:846,
Shot 6:1998,1836,1503,1746,2106,1674,1755,2079,1827,1854,2043,2115,2061,2025,1953,1989,2124,2007,
Shot 7:2493,3060,2853,3834,4032,3033,2898,3942,2790,2880,2862,2916,3042,3924,2943,3969,2835,4059,2448,2736,2430,3987,3564,2439,2160,3816,2457,3483,3897,3051,3798,4014,2718,2754,2475,2970,4041,2223,2178,2151,2772,2520,2745,2196,2484,2727,3825,
Shot 8:4077,4284,
Shot 9:5058,4572,5103,5004,5031,5049,5085,4950,
Shot 10:5535,5283,5355,5310,5211,5247,5382,5490,
Shot 11:5589,
Shot 12:5598,
Shot 13:5607,5625,
Shot 14:5634,5670,5652,5661,
Shot 15:5832,5679,5724,5760,5742,5787,5733,5850,5715,5823,5841,
Shot 16:5868,5958,
Shot 17:6057,
Shot 18:6336,6102,6228,6219,6255,6309,6237,6183,6363,6282,6345,6264,6327,
Shot 19:6507,
Shot 20:6777,6795,6921,6903,6606,6750,6759,6786,6849,
Shot 21:6975,6930,7002,
Shot 22:7308,8046,7695,7596,8001,7443,7686,7191,7407,8028,7263,7353,7272,7659,7578,7371,7884,7587,7605,7146,7677,7290,
Shot 23:8307,8361,8433,8415,8073,8262,
Shot 24:8622,8496,8595,8640,8604,8550,8613,8631,
Shot 25:8703,8658,8730,8721,8739,
Shot 26:9063,8820,8919,8775,8883,8748,9036,
Shot 27:9153,9360,9315,9378,9342,9351,9252,9369,9333,9297,9288,9306,9072,
Shot 28:9531,9477,9450,9486,9387,9495,9441,9513,9459,9414,9522,
Shot 29:10251,10656,9927,9882,9747,9963,9675,9909,10170,9972,10350,9891,9828,9900,9855,10305,10161,9945,10143,9864,9918,9936,10179,10044,10089,9621,10125,10233,9558,
Shot 30:10665,10683,10674,
Shot 31:10710,10692,10701,10719,
Shot 32:10791,10800,10728,10782,
Shot 33:10818,10836,10809,10827,
Shot 34:10872,10845,10908,10863,
Shot 35:10935,10917,10944,
Shot 36:10962,10989,10980,10971,10953,
Shot 37:11052,11016,11088,10998,11061,11043,
Shot 38:11115,11133,
Shot 39:11142,
Shot 40:11151,11160,
Shot 41:11169,
Shot 42:11187,11178,11196,
Shot 43:11268,11241,11250,11232,11259,
Shot 44:11304,11277,11295,
Shot 45:11475,11556,11547,11529,11340,11421,11385,11430,11511,
Shot 46:11565,
Shot 47:11628,11574,11583,11592,11619,11610,11601,
Shot 48:11853,11979,12015,11637,12033,11709,11997,11943,11799,11772,11961,12006,11916,11817,11970,11889,
Shot 49:12132,12051,12195,12096,12150,12159,12042,12114,12168,12141,
Shot 50:12825,12285,12717,12420,12735,12447,12843,12537,12690,12744,12582,12474,12312,12222,12789,12762,12834,12276,
Shot 51:13068,
