Shot 0:45,9,36,
Shot 1:54,
Shot 2:63,
Shot 3:72,
Shot 4:126,198,81,189,180,90,153,99,108,
Shot 5:207,
Shot 6:216,
Shot 7:243,225,360,288,234,
Shot 8:387,
Shot 9:396,
Shot 10:423,486,405,414,432,
Shot 11:540,630,
Shot 12:675,
Shot 13:837,
Shot 14:945,
Shot 15:1242,
Shot 16:1467,1647,1593,1440,1503,
Shot 17:1692,
Shot 18:2241,2808,1944,2295,2628,2439,2421,2322,2394,2304,2223,2268,2349,2412,2592,2844,2214,2151,2403,2826,2754,2250,1908,2232,
Shot 19:3078,2853,3024,2952,3051,3042,3060,2943,2961,3069,3033,3087,
Shot 20:3096,
Shot 21:3150,3285,3240,3258,3213,3366,3249,3231,3267,3168,3276,3141,3294,3159,
Shot 22:3537,3402,3501,3654,3564,3627,3582,3465,3555,3645,3510,3519,3546,3528,
Shot 23:4014,4671,4716,3843,4689,4599,4257,4158,3726,4644,4473,3672,4635,4653,3735,4662,4617,4536,3708,4608,4698,4392,3744,4365,4347,3690,4374,4329,4563,4338,4581,4311,3870,4104,4401,3861,3951,4005,
Shot 24:4788,4752,4743,4761,4770,4779,
Shot 25:4797,4932,4851,4896,4824,4815,
Shot 26:4950,5040,5031,4986,
Shot 27:5211,5148,5238,5139,5103,5184,
Shot 28:5301,
Shot 29:5400,
Shot 30:5670,5598,5553,5616,5634,5580,5454,5706,5652,5688,5679,5643,
Shot 31:5760,5940,5922,5832,5886,5904,5931,5913,5841,5895,5877,5805,5787,5733,5778,
Shot 32:5958,5967,5976,5949,
Shot 33:6030,5985,5994,6003,6012,6039,
Shot 34:6075,6273,6255,6165,6057,6111,6066,
Shot 35:6516,6318,6597,6561,6282,6471,6615,6543,6552,6606,6300,6588,6507,6345,6309,6525,
Shot 36:6687,6624,6660,6741,6642,6678,6696,6759,
Shot 37:6957,6939,6921,6831,6930,6912,6948,
Shot 38:7047,6966,6984,7029,
Shot 39:7785,7146,7227,7110,7092,7299,7443,7317,7173,7281,7128,7065,7200,7209,7137,7164,7983,7740,7713,7749,7902,7218,7668,
