Shot 0:9,207,
Shot 1:216,
Shot 2:333,225,360,297,324,351,234,
Shot 3:387,369,396,378,
Shot 4:405,414,
Shot 5:738,432,423,
Shot 6:1071,
Shot 7:1089,1323,
Shot 8:1368,1377,1332,1359,
Shot 9:1386,2403,2772,2484,2367,1764,2457,2475,1395,
Shot 10:2799,2781,2826,2790,2808,
Shot 11:2835,2844,
Shot 12:2862,2853,2871,
Shot 13:2907,3330,2925,2916,
Shot 14:9054,5247,6642,4680,5265,5022,5922,9990,3393,8307,9738,5193,6435,5499,6597,5301,3843,6912,9783,9963,4437,5454,4959,9756,4743,8487,6858,5112,6480,5400,7209,5652,4752,9630,5841,5148,5805,9639,4572,6183,5742,6732,6039,6876,9657,4518,9531,4761,6399,6075,9927,9648,5175,5832,7497,8010,7254,6633,9873,5292,7911,4455,4968,6930,9684,6894,7704,6516,6291,5940,9891,6669,5670,5967,5184,5526,5634,9747,8595,7002,6651,7641,9918,6057,6318,4392,9585,8955,5355,6615,7605,6003,7101,6588,7389,9711,4590,5337,4797,4464,7317,6903,5580,9549,8244,7290,5166,9594,7758,4482,8964,9018,8505,7713,9828,9765,5787,9468,9675,4581,6948,5373,6255,9000,7065,7830,8208,5688,7794,7128,5391,5958,9513,5715,8478,7218,9243,4545,3429,9774,9027,6174,9324,9153,
Shot 15:10008,10017,
Shot 16:10485,10836,10233,10125,10575,10746,10737,10854,10584,10089,10152,10647,10593,10701,10755,10080,10215,10566,10026,10548,10260,10602,10296,10134,10341,10332,10368,10116,10656,10440,10323,10638,10098,10386,10476,10530,10503,
Shot 17:10881,10890,
Shot 18:10899,
Shot 19:11016,10917,11061,10926,10962,10935,10989,11025,
Shot 20:11151,11196,
Shot 21:11259,11205,11214,11241,
Shot 22:11313,11322,
Shot 23:11331,
Shot 24:11340,11646,11538,
