Shot 0:18,
Shot 1:27,
Shot 2:144,63,243,216,36,180,108,
Shot 3:297,279,261,324,
Shot 4:549,387,468,513,738,360,639,657,531,603,351,621,585,423,819,675,486,765,414,720,594,693,450,459,495,576,792,810,774,432,540,522,558,
Shot 5:837,891,873,882,864,846,
Shot 6:990,1080,1098,1089,1071,900,1062,1107,1017,1035,918,972,954,999,936,1053,981,945,963,1008,909,
Shot 7:1197,1143,1161,1233,1206,1125,1224,1215,1242,1152,1170,1188,1251,1179,
Shot 8:1260,1269,
Shot 9:1305,1278,1287,1296,1314,
Shot 10:1323,1413,1332,1422,1368,1395,1377,1386,1341,1350,
Shot 11:1557,1575,1431,1440,1548,1485,1494,1467,1476,1512,1449,1566,1458,1539,
Shot 12:1584,
Shot 13:1638,1602,1611,1620,1629,
Shot 14:1773,1701,1647,1827,1710,1800,1746,1683,1719,1728,1809,1782,1755,
Shot 15:1836,
Shot 16:1854,
Shot 17:1881,1917,1899,1908,1890,
Shot 18:2016,1953,1926,1980,1989,1935,1962,2007,1998,
Shot 19:2043,2034,2124,2052,2106,2142,2088,2151,2169,2070,2025,
Shot 20:2178,
Shot 21:2205,2268,2286,2223,2259,2196,2214,
Shot 22:2304,2313,2340,
Shot 23:2349,2358,
Shot 24:2367,2385,
Shot 25:2394,
Shot 26:2439,2412,2421,2403,2448,2430,
Shot 27:2457,
Shot 28:2484,2475,2466,2493,
Shot 29:2502,
Shot 30:2772,2601,2511,2655,2619,2700,2781,
