Shot 0:9,54,
Shot 1:261,117,135,378,504,180,441,207,234,468,126,270,225,486,
Shot 2:945,1197,711,567,1134,630,774,810,855,1206,909,702,603,1062,
Shot 3:1278,1413,1332,1503,1422,1530,1224,1485,1323,1494,1269,1287,
Shot 4:1557,1656,1593,
Shot 5:1935,2124,2187,1836,2007,1773,2151,1674,2259,1989,2160,1809,1827,1899,2142,2250,1944,1665,1917,1998,2241,
Shot 6:2268,2439,
Shot 7:2448,2466,2475,2556,
Shot 8:2601,2646,2565,2619,
Shot 9:2664,2673,2655,
Shot 10:2700,2889,2682,3114,3015,
Shot 11:3204,3213,
Shot 12:3258,3276,
Shot 13:3312,3393,3303,
Shot 14:3825,3726,3411,3843,4059,3636,4347,3492,3528,3915,3816,3447,3510,4383,4329,
Shot 15:4446,
Shot 16:4932,4995,4599,5148,5031,4707,5085,4779,4509,4482,4878,4527,4914,4473,4923,4545,4941,4896,4905,4500,4581,4653,4608,
Shot 17:5346,5364,5517,5301,5490,5463,5292,5265,
Shot 18:6363,7029,5589,7191,7461,6561,7947,5562,5769,6516,6642,8334,6444,7713,7083,5535,8199,6192,8037,6309,5715,6498,5913,8181,7704,6552,5787,6570,8316,7047,8154,6660,7218,7425,7020,6471,6390,
Shot 19:8343,8460,8442,8352,
Shot 20:8712,8991,8514,9144,8829,9027,9018,8649,8874,8685,8982,
Shot 21:9189,9270,9261,9207,
Shot 22:9297,
Shot 23:9351,9369,
Shot 24:9441,9468,9450,9432,9414,
Shot 25:9486,9477,9495,
Shot 26:9522,9774,9837,9711,9558,9621,9603,9702,9549,9765,9513,
Shot 27:10035,9900,9864,9972,9990,9918,9891,10017,10008,
Shot 28:10116,10143,10107,10125,
Shot 29:10251,10395,10458,10188,10287,10161,10431,10233,10170,10413,10260,
Shot 30:10611,10485,10566,10647,10584,10467,10602,10620,
Shot 31:10656,10728,
Shot 32:10737,10746,
Shot 33:10764,10755,10773,
Shot 34:10809,11151,10782,10899,11061,10935,10962,10926,10854,10953,11187,11178,10800,
Shot 35:11475,11457,11466,11484,
Shot 36:11853,11574,11826,11925,12024,11781,11970,
