Shot 0:9,
Shot 1:234,207,216,252,225,108,
Shot 2:261,396,279,369,378,387,315,324,270,306,
Shot 3:414,486,459,468,432,405,
Shot 4:630,1341,540,837,1044,936,1179,1062,1008,1359,558,756,981,1305,792,999,1053,1125,702,1260,1035,1017,990,1089,873,594,684,810,1377,1323,522,720,504,657,738,549,1350,909,972,567,1287,1152,612,1071,1278,765,1206,855,954,1170,783,
Shot 5:1395,1413,1404,1386,
Shot 6:1800,1503,1683,2052,1440,2484,1431,2376,1638,2214,2142,1998,1584,1953,2259,2196,1890,2187,2412,2034,1737,2088,2169,2313,1854,1926,1908,1872,1476,2358,1449,2394,2448,1539,2025,1836,2340,1521,1602,2286,1773,1557,2223,1971,1665,2106,1692,1512,1755,2133,1656,1629,1719,1782,1809,1728,
Shot 7:2736,2700,2502,2880,2655,2610,2691,2601,2682,2835,2709,2538,2763,2637,2781,2718,2583,2646,2862,2565,2511,2727,
Shot 8:2889,2988,2943,2961,2916,2970,2934,2907,
Shot 9:3042,2997,3006,3015,3060,3051,3033,
Shot 10:3213,3069,3420,3456,3357,3105,3294,3141,3258,3402,3474,3231,3384,3447,3195,3087,3168,3123,3096,3222,
Shot 11:3744,3663,3501,3600,3537,3699,3555,3771,3627,3726,3762,3753,3708,3510,
Shot 12:3825,4230,4257,3978,4068,4203,4023,3996,4122,4140,3915,4221,4176,3951,4041,4005,3789,3879,4104,4212,4239,3843,3942,4158,4086,3888,4266,3987,4248,3852,3816,3798,
Shot 13:4428,4572,4680,4608,4320,4401,4374,4347,4284,4698,4482,4500,4536,4473,4302,4644,4338,4599,4662,4518,4626,4437,4419,
Shot 14:4968,4716,4851,4797,4878,4770,4932,4734,4842,4752,4896,4941,4959,4977,
Shot 15:5040,5148,5085,5121,5076,5166,5103,5013,5049,
Shot 16:5184,
Shot 17:5427,5328,5499,5229,5211,5373,5454,5256,5310,5463,5526,5400,5346,5472,5202,5220,5238,5445,5508,5418,
Shot 18:5778,5589,5715,5562,5544,5742,5553,5760,5787,5769,5571,
Shot 19:5832,5868,5895,5859,5805,5841,5877,
Shot 20:5958,6282,6075,6264,6165,6327,6039,6138,6147,6183,6156,5904,6003,6237,6111,5985,5931,6255,5967,5949,
Shot 21:6363,6354,6381,6345,6372,
Shot 22:6417,6453,6399,6435,6426,6390,6408,
Shot 23:6525,6489,6462,6534,
Shot 24:6570,6543,6579,6588,6552,6561,
Shot 25:6606,6669,6633,6651,6642,6660,6624,6597,6615,
Shot 26:6696,6759,6741,6705,6687,
Shot 27:6966,6768,6876,6822,7029,6930,6777,6849,6858,6894,7002,7020,6813,6975,
Shot 28:7056,7074,7038,7047,7065,
Shot 29:7092,7083,7101,
Shot 30:7164,7281,7317,7236,7110,7326,7299,7128,7209,7254,7200,7155,7173,
Shot 31:7362,7353,7344,
Shot 32:7407,7371,7389,7416,7380,7398,
Shot 33:7515,7686,7596,7488,7659,7461,7497,7614,7425,7578,7704,7632,7479,7506,7623,7587,7677,7560,7443,7695,7668,
Shot 34:7722,7731,7713,
Shot 35:7758,7740,7767,7749,
Shot 36:7794,7803,7776,
Shot 37:8109,8280,8091,7902,7965,7812,7821,8082,7866,7974,8271,8127,8262,7992,7920,8253,7830,8163,8073,8037,8244,8136,8145,8028,8055,7947,
Shot 38:8289,8334,8307,8325,8298,
Shot 39:8361,8379,8343,
Shot 40:8388,
Shot 41:8424,8478,8415,8442,8460,8451,8397,8433,
Shot 42:8496,8505,8487,
Shot 43:8559,8532,8514,8586,8541,8523,8604,8577,8550,
Shot 44:8622,8613,8640,8658,8649,
Shot 45:8721,8685,8784,8667,8676,8766,8739,8793,8757,8712,8748,8694,
Shot 46:8838,8802,8811,8856,8820,8847,
Shot 47:8874,8919,8973,8991,8910,8937,8982,8883,8946,8955,8928,8865,
Shot 48:9018,9036,9009,
Shot 49:9108,9054,9045,9072,9081,9063,9126,9090,9117,
Shot 50:9162,9144,9153,9135,
Shot 51:9171,9180,9189,
Shot 52:9207,9252,9198,9234,9216,9225,
Shot 53:9324,9261,9297,9315,
Shot 54:9351,9333,9342,
Shot 55:9360,9369,
Shot 56:9378,9387,
Shot 57:9441,9396,9405,9423,9432,9450,
Shot 58:9459,9468,
Shot 59:9477,9486,
Shot 60:9504,9531,9495,9522,9513,
Shot 61:9540,9549,
Shot 62:9576,9567,9585,
Shot 63:9612,9594,9603,9621,
Shot 64:9639,9630,9648,
Shot 65:9702,9666,9657,9729,9693,9711,9720,
Shot 66:9738,9765,9756,9747,
Shot 67:9774,9792,
Shot 68:9837,9846,9801,9819,
Shot 69:9891,9855,9909,9882,9864,9900,
Shot 70:9963,9927,9954,9945,9981,
Shot 71:9990,10017,10008,9999,
Shot 72:10026,10035,
Shot 73:10053,
Shot 74:10098,10062,10071,10080,10089,
Shot 75:10368,10143,10107,10395,10206,10161,10251,10350,10386,10116,10332,10179,10359,10215,10377,
Shot 76:10404,
Shot 77:10449,10413,10476,10467,10431,10458,
Shot 78:10485,10494,
Shot 79:10503,
Shot 80:10512,
Shot 81:10521,10530,
Shot 82:10557,10539,10575,
Shot 83:10584,
Shot 84:10620,10593,10602,10665,10611,
Shot 85:10692,
Shot 86:10701,10719,
Shot 87:10737,10728,10746,
Shot 88:10755,
Shot 89:10764,
Shot 90:10773,10791,
Shot 91:10908,10800,10944,10872,10926,10953,10890,10935,10917,10899,
Shot 92:10962,10971,
Shot 93:10980,10989,
Shot 94:11007,10998,11025,
Shot 95:11061,11034,11052,11079,11043,
Shot 96:11106,11124,11088,11133,11097,11115,
Shot 97:11205,11286,11151,11268,11178,11250,11277,11232,11259,11187,11214,
Shot 98:11322,11349,11331,11340,11313,
Shot 99:11385,11412,11358,11376,11367,11394,11403,
Shot 100:11430,11421,11439,
Shot 101:11457,11475,11466,11448,
Shot 102:11484,11493,
Shot 103:11529,11502,11511,11547,11538,11520,
Shot 104:11583,11565,11556,11574,11601,11592,
Shot 105:11718,11610,11655,11673,11637,11682,11736,11619,11664,11700,11691,11628,11727,11646,11709,
Shot 106:11745,11754,
Shot 107:11763,11772,
Shot 108:11781,
Shot 109:11844,11808,11790,11862,11817,11853,11835,
Shot 110:11925,11979,11889,11970,11943,11907,
Shot 111:12024,12069,11997,12060,12078,12042,12006,11988,12015,
Shot 112:12087,
Shot 113:12123,12096,12105,12132,12114,
Shot 114:12159,12177,12168,12150,
Shot 115:12213,12186,12267,12249,12195,12231,12258,12204,12222,
Shot 116:12285,12303,12276,12294,
Shot 117:12348,12411,12402,12384,12312,12330,12375,12393,12339,12357,
Shot 118:12420,12429,
Shot 119:12447,12438,12456,
Shot 120:12483,12474,12492,
Shot 121:12510,12546,12528,12501,
Shot 122:12627,12681,12582,12726,12654,12591,12699,12672,12663,12609,12717,12645,
Shot 123:12735,12744,
Shot 124:12753,12762,
Shot 125:12789,12771,12780,
Shot 126:12816,12834,12798,
Shot 127:12960,12888,12996,13041,12843,12924,12870,13032,12897,12978,12915,12942,12951,
Shot 128:13068,13050,13059,
Shot 129:13077,13086,
Shot 130:13149,13095,13113,13131,13104,13167,13140,13122,13158,
Shot 131:13527,13203,13230,13428,13419,13455,13221,13410,13446,13194,13212,13320,13239,
Shot 132:13599,13968,
