Shot 0:234,9,81,315,288,63,189,135,261,144,
Shot 1:324,
Shot 2:450,864,936,666,738,882,360,333,702,567,918,486,846,945,693,612,
Shot 3:954,1026,
Shot 4:1071,1044,1035,1107,1080,
Shot 5:1116,
Shot 6:1179,1278,1125,1206,1251,1197,1134,1215,1242,1224,1161,1233,1269,1152,
Shot 7:1350,1305,1395,1377,1287,1296,1359,1368,1404,
Shot 8:1431,1413,1440,1449,
Shot 9:1764,1467,1674,1521,1602,1584,1647,1827,1548,1557,1638,1494,1737,1593,1782,1719,1665,1620,1530,1611,1539,1728,1746,1773,1791,1755,1863,1845,
Shot 10:1890,1908,
Shot 11:1935,
Shot 12:2079,2043,2142,2016,2115,2034,2097,2025,2133,2061,2052,2088,
Shot 13:2223,2151,2286,2178,2196,2205,2448,2259,2214,2232,2268,
Shot 14:2529,2511,2457,2493,2502,2538,2466,2520,
Shot 15:2565,2592,2583,2547,
Shot 16:2826,2727,2790,2619,2754,2817,2664,2781,2808,2799,
Shot 17:2844,2871,2898,2916,2907,2880,2862,2853,
Shot 18:2952,3285,3006,3213,2925,3141,3060,3249,3222,3267,3186,2988,2997,3168,3195,3231,3123,2970,2979,2943,2934,3258,3024,3105,3159,2961,
Shot 19:3456,3303,3501,3492,3438,3375,3465,3447,
Shot 20:3528,3537,3510,3519,
Shot 21:3627,3726,3555,3690,3591,3600,3564,3618,
Shot 22:3744,3780,3753,3771,3762,
Shot 23:3807,3852,3816,3798,3825,
Shot 24:3861,3870,
Shot 25:3897,3924,3906,3879,
Shot 26:4077,3969,4122,4032,4041,3996,4158,4104,4095,4023,4050,4005,3978,4140,4068,4014,4113,3987,4131,4059,4149,
Shot 27:4167,
Shot 28:4185,4176,4194,
Shot 29:4212,4230,4248,4221,4239,4203,
Shot 30:4302,4257,4356,4347,4338,4266,4275,4320,4284,4293,
Shot 31:4401,4365,4392,
Shot 32:4464,4509,4482,4500,4410,
Shot 33:4518,4527,
Shot 34:4536,
