Shot 0:81,9,99,
Shot 1:108,
Shot 2:153,162,
Shot 3:171,
Shot 4:180,189,
Shot 5:477,198,639,621,603,594,567,297,243,252,513,576,630,261,495,486,
Shot 6:657,
Shot 7:1305,693,783,1251,1233,747,1062,1242,1008,1197,1170,1314,1296,
Shot 8:1341,1323,1350,
Shot 9:3339,1575,2754,2745,1593,2385,2979,2106,2079,1395,1422,2169,1665,1494,1359,1620,1548,2178,3069,3033,2862,2403,2520,3141,2322,3321,3132,2331,3204,2457,3240,
Shot 10:3465,3474,
Shot 11:4293,3969,4014,3582,3960,4149,4185,3807,3780,3762,3564,3978,3483,4140,4131,4320,4104,
