Shot 0:90,1422,1719,1575,1269,1521,1287,1593,117,1278,9,1431,1512,1728,63,1548,45,1602,81,27,1557,
Shot 1:1782,1737,1746,1755,1773,1764,
Shot 2:2007,1926,1971,1944,1899,1962,1953,
Shot 3:2043,
Shot 4:2178,2088,2187,
Shot 5:2340,2349,
Shot 6:2385,
Shot 7:2511,2475,2493,2484,2502,
Shot 8:2529,2727,2691,2700,2880,2763,2736,2871,2754,2583,2745,2574,
Shot 9:2961,3033,2889,3051,2925,
Shot 10:3195,3465,3366,3375,3069,3348,3330,3438,3357,3339,3186,3402,3177,
Shot 11:3564,
Shot 12:3645,3654,3600,
Shot 13:3663,
Shot 14:4167,4140,3780,3735,3915,3897,4050,4041,3672,4131,4176,
Shot 15:4419,4293,4401,4410,
Shot 16:4473,
Shot 17:4590,4698,4680,4617,4689,4500,4626,4581,4653,4599,4779,
Shot 18:4788,4815,
