Shot 0:9,
Shot 1:1305,882,1548,378,1368,1107,927,945,1404,702,900,1539,1233,1566,1386,1278,1359,801,1449,1287,1503,1161,639,1026,1314,306,729,936,684,963,1071,1251,981,657,1296,1512,1125,621,
Shot 2:1593,1683,1674,1575,1647,1584,
Shot 3:1773,1800,1791,1710,1782,1737,1764,
Shot 4:1845,1818,1809,1827,1863,1881,
Shot 5:1935,1908,1944,
Shot 6:2016,1953,1962,1971,1980,2034,1998,
Shot 7:2142,2079,2043,2196,2097,2061,2178,2151,2106,2169,2187,
Shot 8:2241,2223,2286,2439,2214,2331,2376,2322,2304,2421,2232,2313,2403,2295,2268,
Shot 9:2493,2520,2475,
Shot 10:2529,2574,2592,2538,2601,2556,2565,2583,
Shot 11:2628,2637,2646,2610,2619,
Shot 12:2655,
Shot 13:2673,2682,2664,
Shot 14:2691,2700,
Shot 15:2727,2709,2718,
Shot 16:2808,2790,2736,2934,2826,2853,2889,2916,2754,2925,2745,2772,2763,2781,
Shot 17:2943,2952,
Shot 18:2961,
Shot 19:2970,
Shot 20:2979,
Shot 21:3015,2988,3006,3024,
Shot 22:3033,3042,
Shot 23:3177,3303,3114,3204,3150,
Shot 24:3321,
Shot 25:3465,
