Shot 0:27,
Shot 1:36,45,
Shot 2:63,54,72,
Shot 3:306,495,450,387,180,243,
Shot 4:585,522,684,639,558,
Shot 5:1116,1368,1017,711,765,1431,1161,981,1305,891,1332,1287,1062,810,1386,1215,954,1269,1359,837,1035,1242,819,963,1179,1071,1134,855,1341,1089,1143,1197,1107,1233,
Shot 6:1818,1863,1953,1611,1728,1908,1665,1557,1800,1629,1773,1881,1701,1836,1899,1719,1827,
Shot 7:1962,1971,
Shot 8:2007,1998,1980,1989,
Shot 9:2016,
Shot 10:2088,2097,2079,2115,2043,2052,2025,2070,2106,2034,2061,
Shot 11:2124,
Shot 12:2601,2214,3123,3726,2754,3105,2151,3393,3762,2367,2484,2979,3132,2727,2340,2448,3834,2187,3339,3330,2772,2907,3375,3168,3564,2952,3195,3240,3204,3591,2844,3231,2511,2241,2934,3681,2664,3222,2466,3033,2808,3006,2574,3087,3177,2421,3366,2736,3663,3186,2826,2439,2898,2538,3213,2277,3348,2997,2160,3015,2925,2502,3042,3096,2646,2304,2358,2628,2169,3447,2682,3258,3411,3771,3537,2700,2142,3627,3060,2133,2790,2655,2394,2376,3294,3276,2763,2943,3465,2349,3321,2673,2178,3753,2718,2871,2745,2853,2961,3852,3438,3474,2880,3645,3510,2988,2610,2970,3735,3402,
Shot 13:4176,3888,3942,3996,4149,4059,3969,3879,4158,4077,4122,4113,4167,3951,4185,
Shot 14:4329,4437,4221,4266,4356,4428,4239,4401,4419,4275,4374,4392,4320,4347,
Shot 15:4464,4446,4455,
Shot 16:4572,4482,4518,4491,4536,4554,4527,4500,4473,4563,
Shot 17:4590,4599,4581,
Shot 18:4896,4608,4698,4968,4671,4878,4734,4644,4824,4617,4941,4860,4662,4788,4995,4914,
Shot 19:5049,5013,5040,5058,
Shot 20:5094,5148,5265,5202,5175,5220,5085,5103,
Shot 21:5274,5328,
Shot 22:5355,5382,5364,
Shot 23:5391,5400,5409,
Shot 24:5445,5454,
Shot 25:5517,5481,5463,5562,5553,5544,5526,
Shot 26:5571,
Shot 27:6219,5634,5904,5616,5670,5580,5652,5661,5607,5976,5679,5868,6237,5625,5643,6057,6201,
