Shot 0:9,
Shot 1:135,99,90,369,441,648,603,216,531,333,414,396,279,117,162,126,144,
Shot 2:774,1224,1377,720,1179,972,846,1341,1566,1431,1314,1134,729,
Shot 3:1656,2007,1962,1692,2034,1683,1854,1908,
Shot 4:2115,2151,2133,2097,
Shot 5:2205,2259,2601,2340,2160,2349,2241,2394,2214,2304,2457,2232,2223,2403,
Shot 6:2610,
Shot 7:5004,4086,4410,4104,3501,2889,2763,4527,5211,4617,2961,4059,3807,3915,4212,5157,3312,2736,4113,5112,2808,4833,4509,3897,4050,4860,3582,4266,2637,4383,5355,3987,5085,4347,4779,4023,4698,2745,4248,3393,3762,4122,5373,5238,3060,2655,3654,2691,3141,4338,4977,3132,4797,3420,3906,3843,4905,3006,4887,4257,4743,4473,4734,3240,3861,5094,4275,4842,4482,4635,3285,3924,3951,2826,5067,5310,2619,3168,3096,3213,3816,4932,5031,4878,4995,2754,4896,5103,4923,5058,4869,5049,4986,5013,4950,5022,4959,3114,4572,
Shot 8:5454,5427,5436,5445,5463,
Shot 9:6777,6291,5553,5751,6867,5508,6147,6525,5850,6480,5715,5967,6129,5958,5670,6039,6354,6660,6030,6183,6813,6786,6588,6264,
Shot 10:7245,
