Shot 0:108,144,9,126,
Shot 1:171,216,234,189,153,
Shot 2:360,243,270,405,315,324,387,297,
Shot 3:486,
Shot 4:531,
Shot 5:540,
Shot 6:594,666,630,657,
Shot 7:675,
Shot 8:765,711,738,801,783,
Shot 9:1809,1044,1179,810,1035,1314,1152,1026,1593,1566,1170,1161,1008,1341,1197,1278,963,1350,1836,1143,1323,1584,1305,927,1089,1467,1116,1242,1692,1422,1296,1062,1827,1287,1791,1746,1800,1818,
Shot 10:1881,
Shot 11:1908,1890,1926,1917,
Shot 12:2016,1980,2043,1998,2034,2007,2025,
Shot 13:2133,2106,2151,2115,2061,
Shot 14:2646,2349,2259,2160,2790,2718,2628,2601,2169,2700,2178,2511,2340,2637,2214,2592,2754,2295,2268,2781,2475,2367,2547,2520,2655,2673,2619,2493,2187,2457,
Shot 15:2844,2871,
Shot 16:2925,2889,2934,2907,
Shot 17:2952,2970,
Shot 18:3042,3015,3078,3024,3060,3051,3069,3033,
Shot 19:3150,3096,3141,3123,3159,
Shot 20:3168,3177,
Shot 21:3195,3186,3213,
Shot 22:3231,3222,3240,
Shot 23:3294,3249,3276,3267,3258,3285,
Shot 24:3303,3348,3366,
Shot 25:3384,
Shot 26:3636,3429,3456,3600,3618,
