Shot 0:171,270,45,9,72,81,297,495,387,459,477,261,531,144,576,243,342,549,432,558,333,279,513,63,216,351,207,486,
Shot 1:585,
Shot 2:720,612,981,936,792,630,900,837,702,657,801,693,621,774,639,990,909,747,711,
Shot 3:1080,1026,1053,1044,1008,1089,999,1017,1071,
Shot 4:1098,
Shot 5:1107,
Shot 6:1116,1125,
Shot 7:1188,1269,1224,1161,1134,1143,1260,1197,1215,1242,1233,1206,1170,1179,
Shot 8:1404,1278,1467,1494,1296,1368,1287,1431,1350,
Shot 9:1593,2034,1800,2115,2070,1665,1791,1827,2151,1881,1764,1710,2196,1782,2124,1953,1998,2007,1890,1746,1620,1854,2025,1980,1692,1557,1818,2052,2079,1647,1989,1656,1836,1674,1773,1863,1539,1602,1611,
Shot 10:2241,
Shot 11:2277,2421,2250,2538,2655,2682,2556,2430,2457,2628,2502,2367,2259,2448,2511,2268,
Shot 12:2691,
Shot 13:2700,2709,
Shot 14:2727,
Shot 15:2862,3024,2736,2961,2898,2979,2889,2790,3033,3042,2925,2772,2880,3006,2943,2844,2817,
Shot 16:3051,
Shot 17:3060,
Shot 18:3087,3069,3078,3096,
Shot 19:3375,3114,3555,3159,3231,3546,3348,3510,3123,3528,3519,3384,
Shot 20:3591,
Shot 21:3996,4518,3681,3663,4338,4257,4230,4014,4383,4113,4167,4248,4500,4095,4410,4194,4554,4311,3789,4059,4482,4509,3600,4185,4419,4491,3627,4392,3609,3924,3654,4068,4473,4005,4203,4428,4293,3987,4077,4176,
Shot 22:4905,5031,5130,4878,4608,4725,5004,4563,5103,4689,5040,4887,4797,5121,5022,4572,5049,4851,4581,5067,4968,4860,4752,
Shot 23:5175,5157,5166,
Shot 24:5841,5481,5913,5490,5445,5940,5724,5877,5580,5373,5544,5310,5346,5355,5265,5958,5706,5553,5328,5211,5256,5382,5499,5400,5247,5571,5751,5616,5823,5454,5535,5832,5463,5814,
Shot 25:5967,
Shot 26:6237,6129,6453,6039,6210,5985,6525,6075,6111,5976,6516,6201,6138,6219,6084,6021,6282,6255,6417,6156,6102,6246,6093,6498,
Shot 27:6534,
Shot 28:6543,6561,6552,
Shot 29:6786,6750,6804,6678,6723,6840,6813,6642,6795,6822,6777,
Shot 30:6849,6858,
Shot 31:6876,6939,
Shot 32:6966,6975,
Shot 33:7092,6984,7020,7299,7380,7497,7362,6993,7452,7038,7119,7587,7209,7578,7056,7326,7110,
Shot 34:7767,8037,7623,7785,7686,7911,7884,7839,7920,7830,7983,7596,
