Shot 0:108,81,90,180,9,99,
Shot 1:279,261,360,189,270,351,198,288,
Shot 2:369,378,
Shot 3:522,450,486,477,495,459,504,
Shot 4:594,549,630,621,
Shot 5:864,639,1053,774,1044,1026,792,648,828,1035,1017,981,918,1008,891,927,999,855,
Shot 6:1062,
Shot 7:1098,1071,1152,1134,1161,1125,1143,1080,1107,1089,1116,
Shot 8:1179,1197,1188,1170,
Shot 9:1269,1323,1215,1305,1206,1332,1242,1287,1341,1224,1296,1251,1314,1233,1260,1278,
Shot 10:1377,1350,1395,1359,1404,1386,1368,
Shot 11:1413,1422,
Shot 12:1431,
Shot 13:1440,
