Shot 0:621,1017,1053,1152,1089,972,207,1125,171,1044,1107,1161,234,1026,963,999,1143,1071,1035,1170,918,1080,324,144,1008,216,198,387,954,1062,1098,1116,882,225,540,261,936,477,729,360,828,945,765,666,441,288,252,990,576,864,792,603,450,585,837,522,369,351,630,396,36,9,774,126,153,
Shot 1:1179,1188,
Shot 2:1224,1197,1215,1206,1251,1233,
Shot 3:1260,1269,
Shot 4:1278,1296,
Shot 5:1395,1800,1314,1503,1620,1980,1305,1422,1665,1575,2025,1521,1332,1449,1350,1926,1539,1917,1998,1377,1368,1818,1431,1890,2052,2061,1467,1908,1872,1413,1701,1557,1512,1782,1440,1359,1989,1674,2007,1530,1845,1971,2016,1602,1863,1584,
Shot 6:2088,2070,2097,2079,
Shot 7:2277,2295,2115,2187,2160,2124,2106,2205,2151,2268,2223,2286,
Shot 8:2367,2412,2322,2331,2304,2385,2349,2313,2340,2376,2403,2358,
Shot 9:2538,2421,2430,2520,2439,2484,2511,2556,2529,2502,2475,
Shot 10:2592,2619,2574,2583,2610,
Shot 11:3051,2718,3510,3366,2673,3339,3492,2727,3456,3375,3303,2646,2736,3564,2772,3420,2745,3483,3294,3519,3591,3141,2844,3447,3438,2781,3501,2628,3573,3465,3258,3411,2817,2871,3402,3357,3321,2754,3384,3528,3168,3429,3123,2925,3348,2763,3600,3096,3087,2664,3276,2655,3249,3285,3474,2799,2700,3231,2862,3582,3555,2637,3132,3078,3222,2691,3006,3159,2880,3060,2952,3609,2682,3069,3546,3393,2709,3150,2988,3105,3312,3204,2898,3267,3240,2997,2808,2979,3042,3114,3033,3330,
Shot 12:3627,3717,3672,3663,3699,3708,3654,3681,3690,3645,3636,
Shot 13:3753,3726,3771,3735,3762,
Shot 14:3978,3888,3897,4104,4086,3969,3834,4077,3789,3951,4041,3798,3870,3852,3906,4095,3816,3942,3825,3807,3933,3915,3879,4131,3996,4122,3861,4005,3843,3924,4014,4050,4023,4068,
Shot 15:4149,4140,4158,
Shot 16:4176,4185,
Shot 17:4464,4725,4482,4752,4590,4338,4734,4779,4302,4563,4761,4518,4527,4410,4320,4707,4329,4554,4401,4392,4356,4311,4491,4608,4770,4572,4716,4293,4689,4599,4536,4383,4500,4428,4653,4419,4680,4617,4698,4446,4221,4239,4284,4743,4194,4437,4248,4275,4635,4473,4626,4455,
Shot 18:4851,4797,4815,4788,4869,4806,4860,4824,4842,
Shot 19:4914,4896,4923,4878,4887,4905,4932,
Shot 20:4959,4941,4986,
Shot 21:5013,5040,5031,4995,5022,5004,
Shot 22:5103,5067,5112,5049,5121,5130,5058,5076,5085,5094,
Shot 23:5184,5211,5193,5139,5166,5202,5220,5148,5157,5175,5229,
Shot 24:5391,5238,5256,5247,5292,5283,5337,5301,5445,5400,5409,5373,5265,5472,5328,5310,5355,5274,5319,5418,5427,
Shot 25:5688,5490,5499,5706,5715,5571,5643,5724,5625,5562,5544,5670,5607,5616,5661,5526,5733,5535,5634,5508,5598,5517,5652,5553,5679,5697,
Shot 26:5742,
Shot 27:5796,5832,5769,5823,5850,5868,5805,5814,5841,5751,5778,5787,5859,
Shot 28:5877,
Shot 29:5922,5967,5958,5976,5949,5940,5886,5913,5895,
Shot 30:6120,6210,6147,6003,5985,6030,6192,6219,6165,6012,6039,5994,6138,6174,6156,6021,6093,6201,6048,6066,
