Shot 0:9,
Shot 1:207,54,
Shot 2:225,234,
Shot 3:288,531,324,369,315,279,
Shot 4:792,
Shot 5:3321,882,2367,2520,3978,1953,2601,3834,1701,2673,1998,2556,3708,2628,2493,3780,801,2700,2655,2340,3726,2412,2727,2637,3915,2664,2025,2592,2682,2610,1710,3870,2646,3546,2862,2826,2808,1728,3060,2853,3717,3753,2997,3078,4104,2934,3411,3519,3618,3231,3285,2835,
Shot 6:4113,
Shot 7:4959,4122,4824,4428,4770,5067,4905,4212,5022,5004,4545,
Shot 8:5580,5211,5220,5301,5688,5706,5391,
Shot 9:5940,5832,5931,5949,
Shot 10:10575,6057,12636,15102,11412,7137,11655,13302,5967,6498,11484,6804,12735,8919,6246,11376,5985,14301,11466,15741,11583,11448,11421,6606,6183,8766,11556,13104,11430,6759,11340,6867,14724,12600,12654,11565,11439,6021,5994,11493,6300,6417,12591,11511,8829,6048,6147,11403,5958,14868,12915,6210,11520,11475,7254,6525,6678,9477,12699,14337,15732,6345,11349,11862,13977,9963,11313,12105,12033,6201,13113,6579,11358,11529,6453,14292,7083,15633,9999,6156,11268,14742,6561,12285,13851,15768,13059,13248,9990,11988,9063,11367,9567,14805,12024,11331,6723,9702,7533,
Shot 11:15993,16020,16011,15975,16002,
Shot 12:16029,16065,
Shot 13:16083,16200,16353,16119,16155,16254,16074,16092,
Shot 14:16488,16497,
