Shot 0:18,45,36,9,
Shot 1:72,297,252,207,243,54,216,153,90,63,288,306,
Shot 2:378,504,522,360,531,513,369,495,
Shot 3:549,585,540,576,
Shot 4:702,621,792,765,657,738,675,684,693,594,
Shot 5:972,837,945,981,
Shot 6:990,
Shot 7:1224,1152,1017,1170,1089,1188,1161,1206,1359,1026,1071,999,1350,1062,1242,1260,
Shot 8:1413,1377,1449,1422,1404,
Shot 9:1557,1602,1539,1593,1566,1548,
Shot 10:1620,1656,1638,1647,1629,1611,
Shot 11:1719,1728,1737,1665,1710,1683,
Shot 12:1800,1818,
Shot 13:2061,1845,1899,2007,2106,2088,1953,2070,1836,
Shot 14:2133,2214,2205,2196,2151,2178,2142,
Shot 15:2259,2223,2232,2241,2250,
Shot 16:2268,
Shot 17:2277,
Shot 18:2430,2313,2349,2286,2376,2385,2421,
