Shot 0:27,117,72,99,54,108,9,90,63,36,45,81,
Shot 1:198,306,234,333,135,162,270,216,261,324,252,225,207,180,279,
Shot 2:387,351,414,360,369,405,378,
Shot 3:531,945,747,819,432,873,693,657,612,468,720,576,630,423,504,675,792,567,585,918,639,558,594,621,513,477,486,666,684,855,459,801,450,648,549,738,495,909,927,864,522,702,756,810,711,
Shot 4:972,981,963,
Shot 5:990,
Shot 6:1008,
Shot 7:1017,1062,
Shot 8:1080,1071,1089,
Shot 9:1134,1116,1143,
Shot 10:1161,1170,1152,
Shot 11:1197,1188,1179,1206,
Shot 12:1215,1224,
Shot 13:1251,1233,1260,1269,1242,
Shot 14:1278,
Shot 15:1287,
Shot 16:1296,1305,
Shot 17:1368,1395,1386,1314,1332,1377,
Shot 18:1476,1404,1512,1413,1494,
Shot 19:1539,1557,
Shot 20:1566,1575,
Shot 21:1701,1827,1800,1638,1782,1764,1665,1746,1737,
Shot 22:2169,1872,1953,1944,
Shot 23:2223,2232,
Shot 24:2412,2511,2313,2340,2241,2484,2367,2493,2322,2250,2385,2331,2349,2502,2358,
Shot 25:2628,2601,2646,2637,2619,
Shot 26:2808,2700,2790,2817,
Shot 27:2871,2835,2916,2826,2844,2853,2907,2862,
Shot 28:3114,2943,3042,2997,2961,3078,3024,3177,2970,3069,2952,3087,3060,2979,3096,3168,2988,3159,
Shot 29:3312,3186,3213,3258,3195,3294,3231,3204,3222,3303,3276,
Shot 30:3357,3447,3420,3402,3474,3411,3429,3465,3438,3348,
Shot 31:3483,3492,
Shot 32:3510,3537,3501,
Shot 33:3564,3582,3546,3573,3555,
Shot 34:3627,3591,3600,3609,3618,
Shot 35:3807,3717,3654,3915,3744,3699,3861,3690,3708,3753,3735,3888,3771,3825,
Shot 36:3987,3924,3960,4041,3951,3969,4032,4023,3978,
Shot 37:4275,4563,4410,4131,4500,4311,4068,4455,4374,4194,4671,4608,4518,4113,4473,4158,4356,4221,4635,4581,4446,4392,4293,4464,4203,4383,4122,4320,4545,4140,4491,4653,4590,4365,4230,4185,4572,4482,4149,4437,4401,4554,4509,4284,4239,4662,
Shot 38:4887,4815,4842,4734,4824,4869,4833,4806,4905,4878,4896,
Shot 39:4977,4932,4950,4995,4959,4941,4968,4986,
Shot 40:5013,5040,5004,
Shot 41:5058,5067,
Shot 42:5076,
Shot 43:5166,5310,5157,5175,
Shot 44:5751,5328,5535,6048,5517,5454,5706,5319,5796,5391,5418,5652,5490,5580,5868,5787,5913,5850,5373,5571,5625,5859,5715,6039,
Shot 45:6057,6084,
Shot 46:6336,6471,6138,6462,6273,6300,6381,6363,6318,
Shot 47:6705,6597,6795,6480,6561,6516,6633,6543,6660,6777,6498,6615,6489,6534,6642,6687,6507,6741,6588,6696,6606,6750,6786,6552,6732,6525,6759,6624,6651,6714,6678,
Shot 48:7155,7254,7038,6822,6975,7047,6912,7029,7101,6876,7182,6939,7110,6858,7191,7020,7083,6813,6903,7092,7173,7119,7200,7164,7209,
Shot 49:7317,
Shot 50:7362,7326,7371,
Shot 51:7596,7434,7488,7389,7479,7407,7614,7497,7443,7398,7506,7470,7605,
Shot 52:7623,7632,
Shot 53:7731,7875,7821,7767,7704,7749,7758,7785,7830,7713,7740,7902,7812,
Shot 54:7938,7911,7920,7956,7929,
Shot 55:8640,8145,8370,8010,8451,8028,8496,8019,8568,8208,8316,8586,8712,8649,8631,8226,
Shot 56:8910,8991,8721,9045,9018,8793,8955,9027,8829,8811,8937,8973,8847,9036,9009,8784,8730,8946,8964,8982,8874,8928,
Shot 57:9054,
Shot 58:9063,9072,
Shot 59:9099,9081,9135,9126,9090,
Shot 60:9288,9198,9243,9144,9333,9261,9225,9252,9153,9315,9207,9189,9234,9216,9306,9279,
Shot 61:9405,9387,9450,9423,9378,
Shot 62:9567,9549,9711,9558,9576,
Shot 63:10260,9720,9972,10107,9909,10179,10197,9819,9747,9855,10044,10440,9774,9810,10251,10188,9846,9963,10026,10116,10269,
Shot 64:10449,
Shot 65:10458,
Shot 66:10629,10656,10647,10557,10638,10620,
Shot 67:10746,10692,10710,10701,10755,10728,
Shot 68:10836,10782,10800,10845,
Shot 69:10863,
Shot 70:10881,10908,10899,10890,
Shot 71:10917,10935,10926,
Shot 72:10953,10971,10962,
Shot 73:11034,10989,11007,
Shot 74:11142,11061,11151,11115,
Shot 75:11295,11187,11493,11403,11457,11160,11214,11196,11367,11448,11322,11241,11475,11385,11205,11178,11430,11223,11340,11259,11349,11439,11376,11313,11250,11232,11268,11412,11304,11484,11277,11358,
Shot 76:11673,11637,11808,11655,11502,11799,11790,11511,11664,11646,11682,
Shot 77:11817,
