Shot 0:63,243,207,162,9,225,126,189,99,27,
Shot 1:288,450,414,432,315,270,405,468,
Shot 2:513,522,
Shot 3:540,531,549,
Shot 4:558,567,
Shot 5:576,585,
Shot 6:639,603,594,657,621,648,630,612,
Shot 7:666,675,
Shot 8:684,
Shot 9:720,
Shot 10:792,828,855,837,765,810,738,801,756,774,783,747,
Shot 11:864,882,873,
Shot 12:900,918,891,909,
Shot 13:945,1296,1260,1071,1098,1278,1053,1233,1269,1035,1089,1287,1125,1251,1062,1080,1026,1107,1017,1044,927,
Shot 14:1332,1305,1341,1314,1323,
Shot 15:1359,1368,1350,
Shot 16:1386,1404,1377,1395,
Shot 17:1413,
Shot 18:1485,1422,1449,1503,1467,1440,1476,1458,1494,
Shot 19:1512,1521,
Shot 20:1656,
Shot 21:1818,1917,1683,1665,1926,1908,1737,1764,1674,1827,
Shot 22:2268,1944,2367,2115,2133,2088,2079,2097,1980,1935,2142,1953,2340,2169,2304,2223,2151,2322,2241,2205,2358,2295,2178,2286,2232,2313,2214,
Shot 23:2403,
Shot 24:2421,2484,2412,
Shot 25:2493,
Shot 26:2574,2592,2502,2583,
Shot 27:2709,2664,2682,2691,2736,2673,2700,
Shot 28:2745,
Shot 29:2754,2889,2871,2853,2844,2862,2934,2880,2763,
Shot 30:2943,
Shot 31:2961,
Shot 32:3276,3420,3258,3411,3267,3357,
Shot 33:3519,3735,3429,3618,3807,3564,3474,3645,3681,3555,3483,3762,3528,
Shot 34:3870,4140,3951,3960,3816,3888,3897,3969,3906,4149,
Shot 35:4158,4176,
Shot 36:4239,
Shot 37:4392,4320,4419,4347,4365,4410,4356,4338,4374,4329,4401,4383,
Shot 38:4599,4797,4455,4707,4563,4500,4734,4437,4671,4482,4761,4635,4572,4653,4698,4716,4581,4554,4473,4446,4725,4689,4743,4626,4590,4752,
Shot 39:4977,5022,4869,5013,4887,5094,5004,4905,4995,4878,4923,4986,4968,
Shot 40:5121,5157,5103,5112,5130,
Shot 41:5544,5391,6255,5625,5418,5778,5886,5310,5184,5967,5400,6057,6219,5841,5922,6093,5463,5805,6237,5598,5904,5706,6183,5274,5580,6129,5868,5472,5607,6228,6273,5949,5616,5787,5823,5589,6111,6147,6246,5319,5571,5490,5481,5769,5796,5931,5850,5562,6210,5328,5499,6138,5814,6264,5832,5409,6165,5337,
Shot 42:6435,6957,6696,6624,6498,6786,6669,6480,6336,6831,6768,6489,6561,6507,6813,6345,6642,6849,6678,6597,6462,6759,6822,6534,6588,6606,6804,6354,6660,6795,6777,6471,6750,6633,6453,6615,6687,
Shot 43:6984,
Shot 44:7011,7137,6993,
Shot 45:7452,7155,7200,7344,7146,7533,7308,7281,7245,7371,7470,7218,7398,7407,
Shot 46:7695,7542,7614,7875,7677,7740,7623,7686,7551,7632,
Shot 47:7884,7902,
Shot 48:8136,8181,8388,7956,8244,8334,8172,8208,8298,8370,8316,8163,8226,8190,8262,8199,8046,8325,8379,8343,8361,8154,8055,
Shot 49:8496,8397,8541,8415,8442,8406,8469,8424,8523,8478,8514,
Shot 50:8649,8595,8622,8613,8631,8685,8640,8559,8604,8658,
Shot 51:8721,8775,8757,8730,8703,
Shot 52:8856,8784,8802,8793,8811,8874,8820,
Shot 53:8883,
