Shot 0:1296,9,792,1512,675,45,1854,1566,513,423,1602,783,90,1818,1845,1863,117,1836,216,405,972,846,495,657,801,1611,963,1872,945,1584,1710,279,1656,1485,999,558,1161,
Shot 1:1908,
Shot 2:2178,1971,1998,1953,1935,2151,1962,2160,2187,
Shot 3:2205,
Shot 4:2286,2412,2367,2241,2556,2331,2259,
Shot 5:2745,2619,2673,2790,2799,2718,
Shot 6:3051,3096,3015,3042,3222,3024,2844,3033,2871,
Shot 7:3231,3249,3258,
Shot 8:3285,3276,3294,3267,
Shot 9:3348,3330,3312,3321,3339,
Shot 10:3528,3456,3627,3717,3501,3465,3366,3519,3375,3438,3402,3474,3510,3753,3789,3852,3672,3780,3537,
Shot 11:3870,3888,
Shot 12:3933,
Shot 13:4014,
Shot 14:4104,4149,4140,4158,4095,4068,4122,
Shot 15:4167,4203,4194,
Shot 16:4221,4230,
Shot 17:4239,
Shot 18:4248,4293,4284,4257,
Shot 19:4311,4302,4320,
Shot 20:4338,4365,4329,4347,
