Shot 0:198,378,315,396,333,405,9,306,387,351,297,342,108,423,369,162,
Shot 1:441,486,432,477,450,
Shot 2:504,576,648,522,495,
Shot 3:720,666,675,657,702,684,693,729,
Shot 4:747,765,
Shot 5:846,792,774,810,837,855,
Shot 6:927,882,1017,1008,909,999,864,990,936,918,
Shot 7:1026,1035,
Shot 8:1161,1044,1143,1170,
Shot 9:1188,1323,1296,1269,1251,1305,1314,1287,1350,1197,1179,1341,
Shot 10:1548,1521,1557,1539,
Shot 11:1692,1845,1566,1656,1611,1773,1791,1629,1746,1575,1674,1638,1809,1782,1728,1719,1737,1647,1593,1683,1701,1818,1800,1854,1827,
Shot 12:1917,
Shot 13:1926,
Shot 14:1935,
Shot 15:1944,1953,
Shot 16:2025,1998,2007,1962,2034,2016,1980,
Shot 17:2169,2097,2043,2232,2214,2133,2205,2187,2052,2124,2160,2061,
Shot 18:2304,2313,2241,
Shot 19:2376,2340,2529,2691,2538,2484,2592,2664,2367,
Shot 20:2700,2772,
Shot 21:2799,2808,2781,
Shot 22:2835,2862,2889,2871,2853,
Shot 23:3141,3789,3618,3699,3609,3672,3852,3906,3573,3735,2934,3807,3870,3501,3033,3708,3690,3591,3879,3447,2979,3402,3780,3627,2997,3762,3888,3285,3321,3861,3195,2916,3654,3582,3294,3438,3177,3564,3465,3303,3015,3114,3123,3492,
Shot 24:4122,4176,
Shot 25:4401,4473,4356,4185,4257,4554,4221,4338,4329,4527,4680,4365,4464,4752,4446,4563,4311,4347,4653,4509,4725,4437,4410,4392,4230,4572,4581,4302,4203,4671,
Shot 26:4761,
Shot 27:5076,4815,4833,4869,4923,4968,4914,4950,4887,4905,4797,5103,4842,4977,5049,4986,4932,4851,4806,4896,4860,5040,5085,5094,
Shot 28:5148,5265,5202,5139,5166,
Shot 29:5283,5337,5292,5310,5274,
Shot 30:5400,5382,5391,5364,5409,
Shot 31:5517,5499,5544,5526,
