Shot 0:1107,1566,3618,3015,936,1314,3132,9,72,1575,828,189,1710,1611,243,999,126,3177,1917,801,1944,1674,1872,1584,468,3402,1359,3312,1908,2952,2313,2583,2124,1926,1980,1881,
Shot 1:3690,3744,3627,3726,3663,3717,3699,
Shot 2:3816,
Shot 3:3978,3942,4293,3969,3870,3888,3924,4005,
Shot 4:4500,4428,4320,4356,4401,4473,
Shot 5:4554,4653,4509,4608,
Shot 6:5328,5436,5238,4725,5148,4806,5103,5562,5589,5427,
Shot 7:5868,6030,6075,6435,6012,6084,6048,6093,5670,5697,6039,6174,5733,
Shot 8:6489,6462,6498,
Shot 9:6570,6516,6579,6606,6534,6561,
Shot 10:6615,6624,
Shot 11:6633,
Shot 12:6687,6651,6642,6660,6678,
Shot 13:7047,7011,6939,6723,6903,7020,6912,7434,7236,6741,6984,6876,6768,7488,6858,7263,7623,7542,7569,7074,
Shot 14:7722,7767,
Shot 15:7866,8010,7938,7848,
Shot 16:8019,
Shot 17:8217,8118,8289,8307,8262,8190,8298,8199,
Shot 18:8379,8397,8316,8388,8352,
Shot 19:8442,8460,
Shot 20:8469,8478,
Shot 21:8487,
Shot 22:8577,8496,8649,8604,8613,8550,8640,8586,
Shot 23:8676,8730,8658,8712,8685,
