Shot 0:9,
Shot 1:63,18,45,99,27,72,54,90,
Shot 2:108,
Shot 3:153,117,126,135,162,
Shot 4:171,180,
Shot 5:207,225,189,216,198,
Shot 6:243,315,
Shot 7:2403,2907,2529,3816,2862,3582,2691,4068,3042,4149,2826,1413,684,2574,576,3906,3789,2493,2943,3465,3105,360,4257,2070,468,4320,1854,1089,2115,4203,2250,999,414,2466,2511,1224,1431,1818,540,1107,4176,1674,2799,3483,2151,2088,612,1359,1260,1926,2349,2673,342,3069,1134,2016,2763,2124,4221,531,2187,2925,513,1764,1944,1305,1170,2538,1116,1827,666,549,486,1899,1665,4194,2385,2106,1233,747,2196,3060,450,4095,4311,3780,3015,2997,4122,
Shot 8:4545,4599,4428,4581,4491,4635,4509,4572,4608,4554,
Shot 9:4653,4680,
