Shot 0:9,99,
Shot 1:144,108,315,360,279,342,216,189,117,126,162,198,288,135,225,270,
Shot 2:1314,720,1449,1710,1377,1539,1071,828,1359,1485,1593,990,1368,837,1269,1296,1530,945,1044,1350,1062,1719,1341,1287,
Shot 3:1737,
Shot 4:1746,
Shot 5:1773,1755,1764,
Shot 6:1809,1818,
Shot 7:1845,2025,1917,2052,1854,1962,1890,1827,1863,2007,1980,1836,
Shot 8:2151,2277,2466,2367,2061,2448,2376,2358,2106,2304,2214,2205,2259,2097,2385,2088,2331,2160,2115,2133,2322,2223,2196,2124,2070,2169,2421,2403,2232,
Shot 9:2475,
Shot 10:2520,2484,2493,2502,2511,2529,
Shot 11:2547,2736,2727,2745,2538,
Shot 12:2754,
