Shot 0:18,9,27,
Shot 1:36,45,
Shot 2:54,63,
Shot 3:72,81,
Shot 4:90,
Shot 5:108,99,117,
Shot 6:126,153,
Shot 7:981,1278,189,1404,1332,360,1422,1251,1269,1071,675,288,1026,234,1350,630,216,1287,720,936,558,1044,909,1188,1089,1368,180,729,639,576,846,1080,1053,1341,342,1116,918,261,621,1008,1440,567,279,891,1206,927,1359,513,378,243,
Shot 8:1476,1449,1494,1467,
Shot 9:2133,2052,1746,1926,2097,2070,1809,1539,1791,2178,2106,1971,2115,1908,1719,1548,2124,2088,1755,2142,1521,2169,
Shot 10:2232,2331,2304,2268,
Shot 11:2349,2358,
