Shot 0:72,9,135,27,126,54,90,45,81,
Shot 1:234,
Shot 2:270,243,252,297,279,288,261,
Shot 3:405,504,315,486,333,468,495,324,351,387,432,477,
Shot 4:513,522,
Shot 5:1296,540,621,1197,630,567,972,1152,612,531,864,945,1035,783,1161,1314,1242,1260,999,765,1143,585,1269,1224,1278,1206,
Shot 6:1494,
Shot 7:1512,1530,1521,1503,
Shot 8:1557,1566,1539,1548,
Shot 9:1593,1575,1584,1602,
Shot 10:2160,1638,1809,1962,1773,1656,1629,1890,1620,1872,1719,1980,1647,2043,1827,1881,1998,2025,2133,2214,1737,2115,2097,1665,2178,2007,2016,2169,2196,2142,
Shot 11:2268,
Shot 12:2286,2358,2367,2376,2304,2340,2277,
Shot 13:2439,2385,2394,2466,2502,2403,2421,2430,
Shot 14:2574,2529,2601,2520,2556,2565,2538,2583,
Shot 15:2673,2970,2691,2952,2745,2628,2718,3015,2916,2736,2844,2961,2880,2727,2763,
Shot 16:3051,3060,
Shot 17:3078,3177,3168,3105,3159,3132,3114,3087,3141,3123,3096,3069,
Shot 18:3330,3402,3186,3213,3222,3366,3312,3375,3249,3276,3195,3357,3231,3204,3348,3285,3339,
