Shot 0:54,162,144,81,9,117,126,99,27,63,
Shot 1:171,180,
Shot 2:927,666,837,216,423,450,738,864,981,783,747,774,990,972,549,396,432,504,846,558,315,459,288,378,207,684,711,513,333,603,891,801,342,234,405,387,954,531,324,720,270,225,900,675,936,657,918,
Shot 3:1035,999,1071,1053,1044,1026,
Shot 4:1080,
Shot 5:1170,1188,1116,1098,1134,1107,1089,1152,
Shot 6:1962,1224,1737,1296,1836,1485,1917,1620,1233,2007,1260,1539,1584,1197,1395,1701,1674,1647,1935,1305,1989,1215,1890,1953,1980,1818,1251,1872,1359,1944,1998,1566,1881,1764,1494,1926,1719,1971,1899,1791,2016,1512,1854,1746,1809,
Shot 7:2043,2034,2052,
Shot 8:2187,2061,2259,2088,2106,2214,2079,2322,2070,2250,2133,2223,2097,2277,2160,2115,2295,2196,2313,2151,2169,
Shot 9:2358,2376,2349,
Shot 10:2421,2430,
