Shot 0:36,288,306,333,99,153,279,117,342,324,135,90,9,63,
Shot 1:351,
Shot 2:387,360,405,369,378,396,
Shot 3:414,
Shot 4:513,450,423,486,432,468,504,522,459,
Shot 5:531,540,
Shot 6:693,576,891,783,963,855,549,927,603,756,630,648,873,900,918,819,909,657,558,738,864,801,882,612,972,954,594,567,837,711,675,
Shot 7:999,1044,981,1017,990,
Shot 8:1287,1440,1485,1098,1503,1458,1476,1422,1404,1512,1107,1413,1062,1467,1521,1080,1143,1089,1431,1449,1161,1116,1260,1395,1314,1278,
Shot 9:1530,1539,
Shot 10:1557,1548,1566,
Shot 11:1575,1584,
Shot 12:1629,1638,1620,
Shot 13:1647,
Shot 14:1656,
Shot 15:1845,1710,1683,1782,1728,1665,1809,1692,1818,1701,1674,1827,1800,1836,1863,
Shot 16:2133,1953,1899,1917,2259,1935,2034,1881,2232,2061,2007,2115,2187,1926,2169,2241,1944,2124,2151,
