Shot 0:9,216,
Shot 1:225,234,
Shot 2:396,333,243,279,351,342,252,432,369,297,378,
Shot 3:549,459,657,639,648,468,450,504,666,486,585,594,522,603,
Shot 4:1467,873,954,675,783,1404,729,1116,990,1260,774,693,1305,1296,1431,1224,846,1188,1125,1026,720,1035,1341,927,684,756,1377,1242,891,1440,1458,
Shot 5:1566,1521,1665,1530,1629,1512,1710,1620,1728,1539,1575,1593,1584,
Shot 6:1800,2475,2403,2430,2250,2484,1773,2448,2466,2457,2421,1980,2493,1953,1863,2385,2367,1836,2043,1854,1935,1809,1881,
Shot 7:2538,2520,2529,
Shot 8:2817,2556,2781,2853,2844,2790,2826,2808,
Shot 9:2871,2907,2898,2889,
Shot 10:2925,2961,2952,2970,2943,2916,
Shot 11:2988,2997,
Shot 12:3006,
Shot 13:3186,
