Shot 0:18,9,27,
Shot 1:63,144,153,45,171,108,135,180,81,162,54,72,
Shot 2:207,225,189,216,198,
Shot 3:486,315,270,333,306,261,360,342,324,423,468,495,477,
Shot 4:540,549,
Shot 5:594,558,567,576,585,603,
Shot 6:666,630,621,648,675,
Shot 7:864,702,783,837,900,738,846,765,684,855,801,873,
Shot 8:1125,999,1260,1224,1053,1215,1188,1242,1089,1233,1071,1161,936,1179,1107,
Shot 9:1332,1377,1287,1305,1368,1350,
Shot 10:1386,1395,
Shot 11:1413,1431,1404,1422,
Shot 12:1467,1503,1449,1485,1458,1494,
Shot 13:1629,1548,1584,1512,1611,1638,1530,1620,
Shot 14:1665,1647,1683,1656,1674,
Shot 15:1701,1692,1710,
Shot 16:1719,
Shot 17:1737,1728,1746,
Shot 18:1773,1845,1908,1953,1899,1926,1881,1917,1818,1800,1863,1944,1890,1755,1935,1791,1836,1872,1764,1782,
Shot 19:2151,2034,2133,2052,1989,1962,2070,2088,2196,2043,2061,2025,2016,2097,2124,2106,2214,2142,2079,2178,1998,1980,2160,2169,
Shot 20:2358,2430,2412,2439,2268,2421,2304,2322,2286,2385,2241,2448,2295,2277,2313,2259,2250,2349,2367,2340,
