Shot 0:54,9,27,
Shot 1:108,72,90,
Shot 2:297,153,216,423,270,351,234,198,315,252,288,333,171,
Shot 3:855,594,630,666,486,657,675,702,684,540,576,648,450,513,585,621,567,1035,549,909,459,738,954,1080,495,972,999,819,864,
Shot 4:1251,1125,1386,1152,1314,1188,1332,1305,1170,1224,1287,1206,1269,
Shot 5:1476,1494,1485,1467,
Shot 6:1503,1512,
Shot 7:1521,
Shot 8:1557,1530,1539,1575,1548,1566,
Shot 9:1584,
Shot 10:1593,1611,1602,
Shot 11:1683,1629,1638,1647,1719,1656,1620,1710,1701,1692,1665,
Shot 12:1728,1737,
Shot 13:1863,2124,2070,2106,1746,1764,1800,1755,1818,2115,2088,2097,1836,1980,1908,1854,1881,
Shot 14:2133,2142,
Shot 15:2151,2322,2286,2331,2268,2304,2232,2313,2160,
Shot 16:2610,2349,2358,2430,2376,2628,2412,2466,2385,2421,2709,2403,2691,2664,2637,
Shot 17:3078,3213,2853,2889,3204,2754,2844,2862,3177,2817,2871,2898,2826,2727,2916,3150,2745,3123,2988,3132,3114,3186,3006,3015,3051,
Shot 18:3231,3240,3249,3222,
Shot 19:3267,3276,3258,
Shot 20:3285,3294,
Shot 21:3303,3312,
Shot 22:3357,3690,3717,3735,3672,3456,3321,3663,3708,3645,3564,3654,3699,3618,3726,3681,3609,3411,3528,3393,3384,3582,3546,3420,3537,3402,3330,3339,3429,3483,3366,3348,
Shot 23:4194,3771,3870,3798,3744,4050,3987,3942,4095,4158,3843,4014,3816,3753,3969,3861,4167,4149,4122,4203,4185,4041,4005,3951,
Shot 24:4212,
Shot 25:4338,4221,4266,4248,4302,4257,4329,
Shot 26:4419,4383,4401,4428,
Shot 27:4473,4536,4437,4527,4518,4491,4446,4482,4455,4500,4464,
Shot 28:4563,4545,4599,4554,4590,4581,
Shot 29:4608,4617,
Shot 30:4626,4635,
