Shot 0:1944,558,6732,486,432,5058,3357,2412,4671,6768,4455,5274,1287,846,6723,6750,5049,1503,531,6633,3015,4491,837,414,6606,1278,450,2448,4680,6408,981,3366,4527,2646,873,5202,3330,6759,2673,6624,5076,5769,3879,3501,4635,6642,9,3375,459,396,3339,4203,441,3951,5166,3555,477,3996,2754,5796,4662,1008,81,3069,2574,171,3582,855,4473,423,3384,3528,1107,2502,5310,2988,4365,1971,6651,2331,4482,990,2457,468,1683,5373,5319,5175,1296,4644,3429,5103,6669,1314,4509,576,3978,2691,2592,2061,
Shot 1:6939,7065,6786,7047,6849,7029,6777,7038,7020,6858,7011,6930,6867,
Shot 2:8334,8541,7110,7830,7875,7083,7866,8550,7812,8496,8505,7893,8604,7245,8325,7884,7101,7686,7857,7821,7803,7137,8181,8199,7929,7731,8559,7641,7794,8208,8298,7965,7119,7902,7596,8361,
Shot 3:9396,10557,10674,10494,9666,9513,9153,9648,10368,10593,8982,10539,10584,10629,10692,10503,10575,9009,8721,8649,10710,9297,10512,10566,10548,
Shot 4:11592,10755,10971,11394,10944,11655,11034,11520,10764,11331,11601,11646,
Shot 5:12051,11880,12123,11952,11754,11835,12105,12006,
Shot 6:13140,14067,14562,15516,13698,15075,13689,13626,13779,14049,12735,13788,12204,13716,13995,14652,13734,13770,13185,13671,14670,12195,13797,14103,13653,15084,14634,13581,14589,12222,13725,15651,15057,15102,13005,14598,14022,15093,13248,14679,14085,15408,12213,12852,13221,14076,15507,
Shot 7:15732,15687,15822,15804,15723,15741,
Shot 8:15831,15840,
Shot 9:16029,15849,16020,
Shot 10:16074,
Shot 11:16740,16236,16335,
