Shot 0:9,
Shot 1:45,81,
Shot 2:171,90,162,198,
Shot 3:360,477,216,405,315,378,342,
Shot 4:504,639,585,747,801,495,
Shot 5:1035,891,810,909,963,999,936,1071,981,1062,945,1053,1026,1008,972,990,
Shot 6:1305,1233,1161,1080,1179,1089,1314,
Shot 7:1332,
Shot 8:1719,1512,1458,1800,1575,1359,1395,1638,1854,1422,1476,1413,1908,
Shot 9:2007,2070,1935,2034,1962,2061,1980,1944,2043,1998,2025,1971,
Shot 10:2097,2115,2079,2106,2088,
Shot 11:2178,2340,2394,2268,2133,2196,2223,2124,2169,
Shot 12:2547,2466,2835,2745,2475,2700,2529,2691,2601,2538,2556,
Shot 13:3285,3330,3123,3474,2988,3087,2916,3177,3465,3204,3051,3411,3240,3312,
Shot 14:3546,3483,3564,
Shot 15:3591,3681,3627,
Shot 16:3780,3789,3771,
Shot 17:4140,3933,3816,3879,4059,4095,4023,3852,4158,4131,4149,
Shot 18:4167,4194,4176,
Shot 19:4203,4248,
Shot 20:4455,4311,4473,4545,4266,4338,4500,4419,
Shot 21:4653,4698,4626,4608,4635,4689,
