Shot 0:9,
Shot 1:225,927,549,297,1089,612,675,216,
Shot 2:1404,1206,1377,1350,1269,1431,
Shot 3:1827,1602,1692,1944,1476,1791,1755,1773,1908,1926,1890,1863,1818,1782,1854,1872,1836,1953,
Shot 4:2007,2115,2088,2043,1971,2169,1989,2070,
Shot 5:2268,2331,
Shot 6:2556,3186,3654,2664,3987,4266,4113,3231,3447,3546,4284,2988,2493,4257,3321,3375,4023,2529,2547,2673,4149,2583,2565,
Shot 7:4302,
Shot 8:4311,
Shot 9:4320,
Shot 10:4365,4329,4338,4671,4563,4383,4347,4599,4536,4464,4356,
Shot 11:4860,5103,5094,4698,4752,4725,4923,
Shot 12:5319,5112,5553,5499,5373,5148,5526,5301,5427,5184,5346,5517,
Shot 13:5580,5787,
