Shot 0:126,9,99,
Shot 1:234,261,189,252,
Shot 2:297,414,405,279,288,351,
Shot 3:540,423,432,558,441,486,
Shot 4:594,567,711,702,576,585,648,
Shot 5:837,720,864,729,738,855,783,
Shot 6:1134,882,1017,1008,1161,963,873,1026,891,1035,1152,1080,
Shot 7:1170,1179,
Shot 8:1206,1197,1323,1332,1215,
Shot 9:1440,1530,1350,1521,1359,1512,
Shot 10:1548,1674,1665,1620,1539,
Shot 11:1764,1683,1818,1692,1809,1701,
Shot 12:1845,1827,2007,1935,1836,
Shot 13:2043,2124,2025,2115,2088,2034,
Shot 14:2205,2133,2241,2142,2151,2232,
Shot 15:2304,2250,2358,2259,2349,2268,
Shot 16:2448,2367,2376,2502,2385,
Shot 17:2529,2655,2646,2520,2628,2538,
Shot 18:2727,2664,2799,2673,2682,2772,
Shot 19:2808,
Shot 20:2916,2817,2952,2826,2943,2835,
Shot 21:3330,3132,3033,2961,3105,3258,3249,3402,3114,2970,3267,3240,3096,3393,2979,3276,3123,3204,3384,
Shot 22:3429,3636,3726,3510,3573,3699,3753,3618,3483,3762,3654,3519,3528,3465,3609,3492,3474,3627,3717,3645,3744,3501,3600,3456,3735,3708,3591,3690,3546,3411,3672,3555,3438,
Shot 23:3960,3897,3771,3789,3906,3888,3915,3780,3843,3924,4050,4005,
Shot 24:4176,4059,4194,4068,4077,4185,4122,
Shot 25:4302,4311,4203,
Shot 26:4320,
Shot 27:4392,4329,4338,
Shot 28:4536,4617,4608,4473,
Shot 29:4671,4761,4626,4716,
Shot 30:4770,
Shot 31:4779,4869,
Shot 32:4968,
Shot 33:5283,5310,5076,5301,5184,
