Shot 0:117,9,126,
Shot 1:135,
Shot 2:144,
Shot 3:153,
Shot 4:162,171,
Shot 5:189,180,198,
Shot 6:216,207,225,
Shot 7:351,315,297,333,279,378,396,342,
Shot 8:414,450,
Shot 9:531,495,513,486,558,504,468,549,522,
Shot 10:567,576,
Shot 11:585,594,
Shot 12:1161,1836,1611,1818,1575,1791,1557,1773,1350,1692,1440,999,1746,621,1278,1809,1332,675,1827,927,1251,1710,1008,1107,1071,981,1359,603,1224,1170,882,1134,
Shot 13:1845,1872,1863,
Shot 14:2169,1881,2322,2259,2034,1962,2304,1899,1971,2331,1917,2106,2286,1953,1890,2277,2007,2133,2052,2070,1908,1935,2115,2214,2295,2241,2313,2151,2187,2178,
Shot 15:3645,3402,2790,3339,3357,3456,3438,3519,2340,3366,3528,3330,3159,3501,3474,3384,3348,3573,3600,3627,3546,
Shot 16:3816,3762,3753,3699,3663,3825,3834,3726,3798,3672,3681,
Shot 17:3852,3924,3843,3888,
Shot 18:3951,3978,3960,3942,
Shot 19:4050,4122,4176,4005,4032,4095,4068,
Shot 20:4572,4221,4347,
Shot 21:4761,4797,4707,
Shot 22:4950,4959,5220,5103,5211,4851,4878,5256,4914,5166,5202,4815,5283,5040,5229,5112,4842,
Shot 23:5292,
Shot 24:5328,5301,5346,5310,5337,5319,
Shot 25:5562,
