Shot 0:18,27,9,
Shot 1:144,126,180,99,171,36,135,54,45,63,90,162,108,117,153,81,
Shot 2:252,207,279,315,342,297,243,378,270,306,288,234,198,351,225,261,324,216,189,333,
Shot 3:414,432,387,396,405,423,
Shot 4:495,459,441,468,450,477,486,
Shot 5:576,522,630,657,684,594,558,549,567,675,648,621,513,504,603,585,540,531,612,666,639,
Shot 6:693,
Shot 7:720,702,711,
Shot 8:729,
Shot 9:864,855,882,801,837,765,936,846,756,747,909,819,945,873,792,738,774,891,918,927,828,783,954,900,810,
Shot 10:1044,1053,990,999,1062,963,972,1071,1008,1035,1017,981,1080,1026,
Shot 11:1179,1215,1224,1098,1161,1089,1170,1116,1134,1125,1188,1197,1107,1143,
Shot 12:1233,
Shot 13:1242,
