Shot 0:9,63,18,
Shot 1:72,90,
Shot 2:99,
Shot 3:108,135,
Shot 4:189,144,1719,1071,324,378,927,1044,1116,756,1224,1539,1413,639,423,1161,819,747,774,261,1440,693,936,1602,1125,873,486,1242,1422,1521,1710,1233,387,1215,657,279,153,162,243,198,
Shot 5:1809,
Shot 6:1818,1854,
Shot 7:1971,1962,1953,
Shot 8:1980,
Shot 9:2106,
Shot 10:2268,2223,2349,2241,2115,2232,2358,
Shot 11:2412,2385,2421,2394,
Shot 12:2898,3060,3123,2952,2844,2871,2790,2925,2448,2862,2961,2835,2646,2853,2799,2916,2673,2826,3033,2808,2520,2943,2493,2682,2907,2817,2934,2889,
Shot 13:3159,3141,3132,3168,3150,
