Shot 0:576,9,288,558,
Shot 1:1917,1170,1053,1413,981,3312,1305,1062,1404,1368,1089,1116,783,2394,3096,1431,2421,1035,2034,1440,2565,1476,2529,3330,954,3321,2430,1773,1890,2088,
Shot 2:3393,3339,3429,3366,3375,3411,3384,3420,3402,3348,
Shot 3:3474,3447,3438,3456,3465,
Shot 4:3546,3501,3483,3528,3717,3627,3492,3510,3609,3591,3537,3564,3645,3582,3663,3600,3618,3555,
Shot 5:3744,3753,3735,
Shot 6:3780,3870,3924,3888,3762,3807,3771,3789,
Shot 7:3942,
Shot 8:4077,4374,3951,4041,4023,3978,4203,4275,4239,4347,4032,4050,4005,4320,4059,4230,4221,4149,4365,4194,4302,4131,4338,4014,3996,4086,4068,4140,
Shot 9:4383,4392,
Shot 10:4419,4410,4401,
Shot 11:4455,4545,4428,4464,4563,4482,4437,4491,4446,
Shot 12:4662,4644,4599,4653,4572,4671,4626,4680,4590,4608,
Shot 13:4779,4725,4698,4797,4770,4743,4806,
Shot 14:4833,4824,4851,
Shot 15:4860,4869,
Shot 16:4878,4887,
Shot 17:4914,4977,5040,4959,4986,4968,4896,5049,5004,4905,4932,
Shot 18:5058,5067,
Shot 19:5103,5202,5229,5148,5211,5139,5220,5184,5121,5076,5166,5112,5130,5085,
Shot 20:5256,5238,5265,
Shot 21:5319,5274,5301,5310,5328,
