Shot 0:135,9,72,63,81,
Shot 1:144,189,153,
Shot 2:207,198,225,
Shot 3:243,252,
Shot 4:783,567,441,702,333,396,576,639,738,612,261,801,342,423,657,468,513,297,288,693,729,792,756,459,522,585,306,
Shot 5:846,855,
Shot 6:2016,2907,2052,1431,2754,1440,2862,1746,963,1143,2799,2061,1008,1161,2646,927,2187,1503,1548,2223,2637,2286,1899,2700,2151,1926,2349,1206,2772,1593,900,2826,2664,1674,1782,2556,2007,1647,1269,1629,2124,1935,1215,1917,1323,945,1764,1476,2565,2196,2835,1944,918,1044,1359,891,2268,1998,1197,2844,2745,1116,2592,2781,2538,1539,2097,2259,1107,1791,1152,2547,2358,972,2790,2619,1737,1620,2736,1125,2889,2043,2871,1665,
Shot 7:2925,2934,
Shot 8:2970,2997,3042,3069,2943,3087,3024,3204,3132,3114,3096,
Shot 9:3222,
Shot 10:3231,
Shot 11:3240,
Shot 12:3249,
Shot 13:3276,
Shot 14:3330,3285,3411,3357,3429,3483,3348,3312,3402,
Shot 15:3528,3537,
Shot 16:3555,
Shot 17:3582,3600,3564,3591,3645,
Shot 18:3672,
Shot 19:3681,
Shot 20:3717,
Shot 21:4122,3834,3960,3726,3933,4014,4176,3789,4023,3978,3906,4050,4077,3753,3879,3996,3915,4131,
Shot 22:4230,
Shot 23:4239,
