Shot 0:9,
Shot 1:189,
Shot 2:612,207,1332,1494,2178,1422,873,1080,1989,216,423,2187,2142,783,522,648,738,540,585,504,513,621,684,666,432,630,747,558,603,675,
Shot 3:2421,2196,2547,2259,2313,2223,2241,2205,2358,2394,2367,2277,2502,2232,2403,2214,2340,2250,2295,2268,2448,2412,2484,2349,2430,2322,
Shot 4:2628,2556,2574,2565,2655,2646,2583,2601,2637,2619,
Shot 5:4239,4293,2826,2664,3141,3015,2934,2952,4284,2799,4266,4257,4149,4248,4221,4302,4095,4113,
Shot 6:4311,4320,
Shot 7:4329,
Shot 8:4338,4347,
Shot 9:4365,4356,4374,
Shot 10:4383,
Shot 11:4446,4392,4419,4410,4428,4500,
Shot 12:4527,4545,4536,
Shot 13:4572,4554,4581,4563,
Shot 14:4653,4788,4599,4698,4680,4806,4716,4797,4617,4662,4779,4626,4644,4608,
Shot 15:4833,4851,4842,4824,
Shot 16:4887,5031,4860,4923,4959,4986,4878,4869,4896,
Shot 17:5040,5049,
Shot 18:5058,
Shot 19:5067,
Shot 20:5094,5112,5076,5103,5085,
Shot 21:6444,5337,6201,5121,5139,6300,6282,5220,5274,6453,
Shot 22:6543,6705,6723,6759,6696,6687,6732,6606,6741,6750,6660,6633,6588,6525,6534,6570,
Shot 23:6804,6831,6786,6822,6795,6813,
Shot 24:6840,6849,
Shot 25:6858,6876,
Shot 26:8352,8433,8424,8343,
Shot 27:8640,8442,8496,8730,8775,8631,8622,
Shot 28:9063,9009,8982,9036,
Shot 29:9270,9162,9657,9603,9180,9225,9126,9144,9288,
Shot 30:9666,
Shot 31:9675,
