Shot 0:9,18,
Shot 1:27,
Shot 2:981,1422,414,63,1440,45,1224,1413,387,1368,513,1305,54,1278,666,1143,1080,81,1242,99,1107,864,918,1179,369,900,36,819,1026,324,621,747,945,882,810,
Shot 3:1953,2790,1458,1476,1791,1485,1827,1467,2781,2385,2763,1881,2466,1512,2745,1773,2412,1530,1818,2619,1494,1854,2367,1836,2025,1503,1674,1809,1800,1755,1602,1620,1782,2331,1737,2358,1764,
Shot 4:2826,2799,2808,2844,2835,2817,
Shot 5:2880,2970,2934,2961,2853,2862,2943,2952,2925,2871,2916,
Shot 6:3519,3834,3618,3699,3123,3825,3141,3591,3744,3159,3636,2988,3204,3087,3789,3672,3816,3186,3132,3573,2979,3150,3375,3177,3609,3807,3114,3258,3402,3483,3168,3105,
Shot 7:3843,
Shot 8:3897,3870,3879,3852,3861,4077,4023,3888,3924,4068,
Shot 9:4284,4626,4320,4608,4446,4122,4653,4518,4365,4266,4581,4563,4275,4257,4203,4482,4140,4104,4185,4248,4230,4662,4644,
