Shot 0:9,
Shot 1:315,603,486,441,270,396,387,378,342,216,477,549,360,405,279,351,252,369,288,306,414,
Shot 2:621,
Shot 3:657,684,
Shot 4:693,702,
Shot 5:837,882,945,900,846,909,936,918,864,855,765,891,
Shot 6:954,
Shot 7:1080,1089,999,
Shot 8:1116,1098,1125,
Shot 9:1251,1143,1161,1224,1206,1197,1152,1233,1269,1287,1278,1179,1215,1188,
Shot 10:1296,
Shot 11:1422,1503,1404,1512,1467,1494,1350,
Shot 12:1773,1917,2502,1683,2493,1665,2187,2484,2466,2259,2025,1701,2277,2475,1809,1980,1692,2160,1791,2169,2367,2196,2358,2439,1602,1674,1935,2268,2250,2106,2457,1737,2043,2178,1530,1521,2430,1647,1818,2061,1557,2448,2394,2016,1575,1728,1908,2223,2349,1782,2232,2295,2124,1827,1746,2214,2205,1764,1638,1656,2133,1800,1629,1755,
Shot 13:2565,2538,2619,2610,2547,2592,2529,2601,2556,2511,2520,
Shot 14:2655,2646,2637,2628,
Shot 15:2664,2673,
Shot 16:2691,2700,2682,
Shot 17:2709,2718,
Shot 18:2727,
Shot 19:2763,2745,2736,2772,2754,
Shot 20:2871,2781,2817,2799,2835,2844,2826,2853,2862,
