Shot 0:27,252,162,90,9,18,
Shot 1:270,
Shot 2:288,
Shot 3:297,
Shot 4:306,
Shot 5:639,405,576,378,603,432,540,648,423,630,549,
Shot 6:738,702,657,684,720,711,729,747,
Shot 7:819,873,801,756,891,855,783,846,792,837,882,828,810,864,
Shot 8:1152,1305,1053,1206,1170,1143,1233,900,936,1161,1314,999,1017,1179,1134,1026,1242,918,
Shot 9:1386,1422,1359,1413,1404,1395,1368,1377,
Shot 10:1449,1431,1440,1458,
Shot 11:1485,1584,1548,1521,1503,1566,1539,1602,1494,1557,1530,1575,1476,
Shot 12:1620,1629,
Shot 13:1638,1647,
Shot 14:1656,
Shot 15:1665,
Shot 16:2250,2304,2016,2295,2313,2124,2277,2097,2079,2052,2034,2286,2142,2133,2106,1989,2088,2259,2268,2169,2196,2232,
Shot 17:2412,2448,2331,2475,2439,2349,2340,2502,2367,2385,2322,
Shot 18:2538,2754,2772,2646,2727,2664,2763,2709,2628,2682,2565,2691,2718,2574,2673,2655,2637,2547,2520,2736,2592,2556,2619,2601,2745,2610,
Shot 19:2808,3015,2925,3024,2907,2781,2898,2862,2961,2889,2916,2844,2826,2880,2790,2871,3006,2934,2997,2817,
Shot 20:3042,3033,3051,
Shot 21:3159,3141,3060,
Shot 22:3519,3447,3330,3501,3285,3465,3294,3249,3393,3240,3537,3456,3366,3312,3429,3420,3222,3348,3267,3483,3492,3321,3303,3258,3357,3276,3375,3402,3339,3528,3438,3474,3231,3510,
Shot 23:3546,3555,
Shot 24:3564,
Shot 25:3654,3573,3591,3726,3609,3744,3600,3762,3690,3636,3582,3618,
Shot 26:3798,3816,3861,3771,3807,3789,3870,
Shot 27:3906,3924,3897,3933,3915,
Shot 28:3960,4455,4194,4068,4356,4437,4392,4104,4293,4059,4086,4419,4311,4113,4275,4329,4077,4410,4284,4221,4185,4347,4095,4365,3996,4167,4266,4203,3942,4050,4032,3969,4212,
Shot 29:4518,4590,4581,4464,4572,4482,4491,4554,4509,4500,4536,4563,4527,
Shot 30:4662,4599,4779,4743,4806,4914,4707,4788,4761,4797,4815,4644,4689,4635,4842,4653,4833,4734,4752,4860,4671,4626,4716,4770,
Shot 31:4923,4932,
Shot 32:4941,
Shot 33:4950,
Shot 34:5211,5715,5913,5445,5121,5193,5958,
