Shot 0:36,45,9,
Shot 1:72,54,108,153,63,81,90,
Shot 2:1872,1701,4446,711,1224,2772,3762,4977,2043,1629,3672,2916,2502,684,3807,3798,4788,2745,4131,2475,1746,5139,3096,3726,2664,5121,2844,1638,4167,1647,2862,3015,1971,1179,2637,4644,2943,4491,2871,4248,2763,1395,4698,1188,2196,2322,1242,4203,2754,2385,2520,4887,4986,4545,891,3033,4662,1998,3861,3186,3879,1134,2367,4572,4410,585,1485,4608,2889,4221,4815,5175,918,5166,3744,1017,1260,4581,1503,4428,1413,1314,4752,5157,945,2304,4176,1323,4761,1926,3870,5004,4707,3960,3645,5022,963,1656,1782,4914,1350,4959,1521,1917,4239,4212,1836,1809,5058,2835,2583,1800,1458,3753,3825,3609,3771,1449,4185,2079,3843,1953,5148,1863,1539,
Shot 3:5238,5283,5229,5247,
Shot 4:5391,5418,5499,5454,5400,5436,5382,
Shot 5:5562,
Shot 6:5670,
Shot 7:5760,
Shot 8:6309,5859,6111,6075,6408,
Shot 9:6507,
Shot 10:6606,
Shot 11:6723,
Shot 12:6822,
Shot 13:6903,
Shot 14:7191,7110,7218,7002,7173,7209,7182,7200,
