Shot 0:9,450,
Shot 1:540,459,468,477,486,495,504,522,513,531,558,549,
Shot 2:1242,1305,1179,954,1269,1296,1053,1170,900,999,1197,1251,1260,
Shot 3:1332,1314,1323,
Shot 4:1341,
Shot 5:1386,1350,1359,1422,1404,1413,1395,1368,1377,
Shot 6:1431,1449,1440,
Shot 7:1458,1467,
Shot 8:1566,
Shot 9:1998,2025,1971,2016,1980,1989,2007,
Shot 10:2070,2052,2088,2079,2061,
Shot 11:2664,2196,2385,2340,2223,2844,2826,2250,2799,2286,2448,2511,2313,2835,2214,2115,2412,2808,2367,2304,2475,2763,2655,2133,2619,2232,2151,2817,2259,2430,2241,2358,2682,2331,2673,
Shot 12:2853,2862,
Shot 13:2880,2889,2871,
Shot 14:3141,2907,3006,2898,
Shot 15:3159,3150,3177,3168,
Shot 16:3204,3285,3267,3240,3249,3276,3186,3222,3213,3231,
Shot 17:3294,3303,
Shot 18:3339,3321,3357,3366,3330,3312,3348,
Shot 19:3438,3375,3384,3474,3393,3411,3420,3447,
Shot 20:3591,3627,3609,
Shot 21:3663,3699,3690,3636,3672,3645,3654,
Shot 22:3726,3708,3744,3717,3735,
Shot 23:3771,3789,3780,3762,3753,
Shot 24:3798,
Shot 25:3816,3834,3825,3807,
Shot 26:3870,3843,3888,3852,3861,3879,
Shot 27:3897,3906,
Shot 28:3942,4023,4050,3978,3915,4014,3960,3951,3924,3969,4041,4032,3987,
Shot 29:4104,4068,4158,4167,4095,4149,4059,4077,4113,
Shot 30:4239,4311,4329,4203,4176,4284,4320,4212,4392,4293,4275,4266,4185,4230,4257,4221,4248,
Shot 31:4491,4419,4446,4455,4428,4464,4482,4473,4500,
Shot 32:4509,
Shot 33:4518,
Shot 34:4536,4527,4554,
Shot 35:4680,4617,4563,4662,4707,4653,4698,4689,4644,4572,4626,4671,
Shot 36:4851,4716,4869,4878,4887,4761,4725,4860,4779,
Shot 37:4896,4905,4914,
Shot 38:5058,5022,4986,5031,5013,5076,5040,5049,5067,
Shot 39:5085,5094,
Shot 40:5166,5103,5184,5175,5139,
Shot 41:5328,5229,5247,5193,5238,5310,5292,5256,5211,5274,5301,5319,5202,
Shot 42:5337,
Shot 43:5346,5355,
Shot 44:5373,5382,5364,
Shot 45:5391,5400,
Shot 46:5409,
Shot 47:5418,
Shot 48:5535,5427,5490,5454,5553,5508,5445,5463,5499,5436,5526,5481,5544,5517,
Shot 49:5562,5580,5589,5571,
Shot 50:5598,
Shot 51:5616,5661,5643,5652,5634,5607,5670,5625,
Shot 52:5679,5688,
Shot 53:5850,5949,5724,5697,5823,5904,5778,5742,5859,5922,5787,5886,5706,5895,5877,5715,5913,5832,5940,5796,5814,5751,5868,5769,5733,5931,5841,
Shot 54:6003,5967,5976,6030,5958,5985,6021,5994,6012,
Shot 55:6075,6048,6057,6066,
Shot 56:6084,6093,
Shot 57:6156,6111,6138,6102,6120,6147,6165,
Shot 58:6174,
Shot 59:6237,6183,6273,6219,6255,6228,6246,6192,6210,
Shot 60:6345,6426,6300,6327,6318,6282,6381,6417,6336,6291,6309,6354,
Shot 61:6498,6453,6435,6516,6471,6444,6507,6480,6462,6489,
Shot 62:6552,6534,6525,6543,6561,
Shot 63:6588,6615,6579,
Shot 64:6642,6651,6633,
Shot 65:6696,6732,6660,6723,6741,6678,6714,6687,6705,
Shot 66:6768,6831,6813,6849,6804,6822,6750,6840,6777,6786,6795,6759,
Shot 67:6858,
Shot 68:6975,6921,7020,6885,7002,7029,6894,6948,6867,6939,7011,6957,6993,6912,6984,6876,6966,
Shot 69:7038,
Shot 70:7056,
Shot 71:7146,7137,7083,7092,7074,7173,
Shot 72:7425,7524,7560,7371,7515,7533,7407,7434,7416,
Shot 73:7569,7578,
Shot 74:7623,7596,7659,7641,7587,7650,7632,7668,
Shot 75:7677,7686,
Shot 76:7704,7695,7713,
Shot 77:7776,7731,7857,7812,7830,7740,7803,7758,7839,7767,7794,7749,7785,
Shot 78:7884,7929,7965,7956,7902,7875,7920,7974,
Shot 79:8037,7983,8064,8001,8010,8019,
Shot 80:8082,8145,8100,8073,8136,
Shot 81:8199,8172,8208,8190,
Shot 82:8289,8226,8244,8262,8271,8280,8235,8253,8217,8298,
Shot 83:8325,8370,8334,8352,8343,8307,8316,
Shot 84:8379,8388,
Shot 85:8397,8406,
Shot 86:8415,8451,
Shot 87:8460,8478,8469,
Shot 88:8487,
Shot 89:8514,8613,8577,8496,8604,8505,8586,8541,
Shot 90:8631,8640,8622,
Shot 91:8730,8964,8649,8694,8757,8676,8820,8721,8748,8793,8712,8802,8928,8955,8685,8775,8766,8739,
Shot 92:8973,9054,9063,9018,9036,8982,8991,
Shot 93:9090,9117,9081,9135,
Shot 94:9162,9144,9153,
Shot 95:9171,9180,
Shot 96:9198,9234,
Shot 97:9243,9252,
Shot 98:9441,9261,9297,9306,9270,9450,9432,9315,
Shot 99:9504,9477,9468,9495,9522,9486,9459,9513,
Shot 100:9531,9540,
