Shot 0:954,576,9,783,639,999,684,657,1026,675,630,945,855,720,756,837,549,531,1017,936,873,468,738,612,648,981,927,846,558,666,882,450,1035,
Shot 1:1368,1305,1107,1188,1242,1062,1260,1170,1287,1143,1386,1350,1080,1341,1323,1044,1296,1359,1377,
Shot 2:2097,1809,2196,1953,1485,1836,2304,2052,2151,1863,2313,1989,1980,1899,1494,1917,2178,2277,2223,2142,2241,2124,1854,1512,1935,2115,2187,1926,1827,1845,2295,2250,1395,2160,1971,1872,1422,2133,2214,1404,1413,2088,
Shot 3:2331,2322,2340,
Shot 4:2358,2376,2367,2349,
Shot 5:2394,2403,2385,
Shot 6:2556,2430,2484,2520,2412,2466,2547,2493,2502,2448,2565,2511,2574,2475,
Shot 7:2583,2619,2655,2610,2673,2637,2682,2646,2664,2592,2601,2628,
Shot 8:2691,
Shot 9:2808,2727,2745,2925,2754,2709,2736,2772,2898,2718,2817,2889,2790,2781,2844,
Shot 10:2961,3051,3015,3042,2934,2943,2970,
Shot 11:3060,
Shot 12:3078,3105,3087,3069,
Shot 13:3123,
Shot 14:3168,3132,3159,
Shot 15:3204,3222,3195,
Shot 16:3231,
Shot 17:3267,3420,3438,3249,3393,3429,3240,3375,3366,3285,3258,3276,
Shot 18:3447,3456,
Shot 19:3546,3474,3510,3465,3483,3537,
Shot 20:3555,3573,
Shot 21:3834,3870,3960,3951,3825,
Shot 22:4212,3996,4131,4239,3969,4194,4230,4023,4086,4068,3987,4005,4203,4050,4221,
Shot 23:4293,4266,4257,4275,4302,
Shot 24:4347,4329,4527,4572,4482,4365,4581,4536,4338,4320,
Shot 25:4635,4608,4626,
Shot 26:4680,4716,4644,4671,4698,4689,
Shot 27:4815,4869,4770,4752,4851,4887,4725,4779,4860,4797,4761,4743,4824,4788,4806,4842,
Shot 28:4923,4950,4905,4941,4914,
Shot 29:5130,5148,4995,4968,5139,5166,4959,5004,5031,4986,5013,
Shot 30:5373,5517,5274,5472,5436,5229,5688,5580,5184,5544,5247,5265,5526,5661,5283,5355,5364,5481,5391,5679,5346,5382,
Shot 31:5706,5742,5724,5697,
Shot 32:5751,5760,
Shot 33:5868,5769,5787,5859,5823,5850,5814,5805,5877,5796,
Shot 34:5886,5904,
Shot 35:5913,5922,
Shot 36:5940,5931,5967,
Shot 37:6030,5985,6012,6039,6021,5994,
Shot 38:6120,6129,6057,
Shot 39:6165,6147,6156,6174,
Shot 40:6210,6192,6273,6201,6183,6237,6219,
Shot 41:6291,6444,6345,6570,6543,6462,6318,6480,6417,6561,6552,6453,6309,6300,6426,6516,6435,
Shot 42:6579,6588,
Shot 43:6597,
Shot 44:6606,6615,
Shot 45:6642,6687,6669,6660,6624,
Shot 46:6705,
Shot 47:6723,
Shot 48:6759,6768,
Shot 49:6777,
Shot 50:7038,6939,6894,7101,6912,6822,7083,6795,6867,7002,6975,6804,7065,6957,6885,6849,6948,7119,6921,7110,7074,7029,7047,
Shot 51:7128,
Shot 52:7173,7146,7191,7137,7182,
Shot 53:7200,
Shot 54:7335,7209,7263,7245,7362,7290,7380,7227,7317,7281,7308,7326,
Shot 55:7452,7479,7398,7416,7434,7470,7461,
Shot 56:7533,7488,7506,7551,7497,
Shot 57:7677,7614,8055,7623,7776,7560,7920,7965,7938,7587,7893,8073,7947,7929,7902,7767,7911,7749,8046,7857,7884,8010,7731,7722,7974,7641,7848,7740,7992,7758,7713,
Shot 58:8091,
Shot 59:8163,8136,8145,8154,8172,
Shot 60:8199,
Shot 61:8667,8217,8352,8307,8379,8397,8622,8235,8334,8361,8388,8577,8451,8640,8829,8586,8244,8676,
Shot 62:8919,8838,8928,8901,8910,
Shot 63:8982,8955,9027,8964,9009,9018,8937,9000,8991,8973,
Shot 64:9135,
