Shot 0:459,9,486,
Shot 1:549,603,540,585,531,594,558,
Shot 2:630,666,684,657,612,648,675,621,639,
Shot 3:702,
Shot 4:711,720,
Shot 5:738,810,837,801,783,765,819,774,747,729,
Shot 6:936,873,990,981,882,900,963,891,918,
Shot 7:1053,1089,1026,1008,1062,1071,1035,1044,
Shot 8:1098,
Shot 9:1197,1107,1206,
Shot 10:1242,1260,1251,1287,
Shot 11:1296,1314,
Shot 12:1332,1323,1341,
Shot 13:1377,1386,1350,1368,
Shot 14:1395,
Shot 15:1422,1494,1476,1467,1485,1404,1503,1458,1431,1413,1440,
Shot 16:1539,1512,1521,1548,
Shot 17:1566,1575,
Shot 18:1584,1593,
Shot 19:1620,1602,1638,1611,1647,1629,
Shot 20:1701,1665,1656,1683,1719,1692,1710,
Shot 21:1728,
Shot 22:1791,1827,1737,1755,1764,1809,1773,1782,1818,
Shot 23:1836,1845,
Shot 24:1908,1854,1872,1890,1863,1899,1881,1917,
Shot 25:1926,1935,
Shot 26:1953,1962,1944,
Shot 27:1971,
Shot 28:1980,
Shot 29:1989,
Shot 30:2025,2232,2151,2178,2133,2142,2241,2169,2124,2205,2160,2196,1998,2214,2016,
Shot 31:2286,2385,2250,2322,2367,2394,2259,2268,2340,2313,2295,
Shot 32:2412,2430,2421,
Shot 33:2466,2439,2448,2475,2457,
Shot 34:2493,2601,2628,2583,2610,2592,2520,2538,2574,2502,2511,2565,2547,2484,
Shot 35:2673,2637,2655,
Shot 36:2682,2772,2709,2745,2691,2700,2763,
Shot 37:2889,2790,2943,2835,2916,2853,2799,2934,2817,2898,2826,2907,
Shot 38:2970,2988,2952,2979,
Shot 39:3015,3006,3024,
Shot 40:3051,3060,3042,
Shot 41:3105,3069,3078,3087,3096,
Shot 42:3114,
Shot 43:3168,3141,3123,3177,3159,3150,
Shot 44:3402,3186,3483,3204,3348,3357,3258,3231,3555,3492,3456,3195,3501,3222,3285,3213,3528,3465,3321,3303,3537,3546,3240,3447,3429,3267,3366,3474,3249,3411,3330,3420,3294,3510,3276,3438,3393,
Shot 45:3591,3564,3573,3600,3582,
Shot 46:3636,3672,3699,3654,3609,3726,3681,3618,3717,3708,3627,3645,3663,3690,
Shot 47:3744,
Shot 48:3852,3942,3753,3933,3762,3915,3924,3897,3807,3843,3906,3870,3879,3825,3861,3834,3888,3816,
