Shot 0:9,36,
Shot 1:45,
Shot 2:171,72,63,207,
Shot 3:1071,594,792,261,720,324,252,243,783,351,306,855,774,504,279,648,819,765,1035,657,891,
Shot 4:1125,
Shot 5:5040,4752,4716,1161,4743,1170,5256,4734,4770,1224,5274,4887,2628,5202,4725,5049,5220,5004,4860,4815,
Shot 6:5373,
Shot 7:6840,12600,11340,13140,12591,11421,11331,12663,13374,13131,12582,13203,12717,5454,12861,5598,13365,12969,13104,12636,11322,11313,12204,5463,5409,13302,10566,8424,12708,11466,12879,5382,10368,11403,10620,11304,12645,7938,11646,7155,9513,11358,12051,11970,13167,10647,5526,12501,11574,12114,10593,10989,10719,12150,8442,7326,
Shot 8:13437,13401,13563,13518,13455,13509,13419,
Shot 9:13581,
Shot 10:13590,13599,
Shot 11:13716,13986,13752,13833,13779,13743,13626,13734,13887,13635,13725,
Shot 12:13995,14004,
Shot 13:14085,15030,14238,14688,14292,14229,14139,14184,15048,14382,14103,14031,14148,14400,14094,14040,14661,
Shot 14:15192,15273,15255,15237,15264,15246,15057,15219,15093,15156,15138,
Shot 15:15282,
Shot 16:15300,15318,
Shot 17:15336,15345,
Shot 18:15435,15363,15399,15381,15417,15408,15480,15471,15426,15444,
Shot 19:15489,
Shot 20:15498,15507,
Shot 21:15534,15552,15543,15525,
Shot 22:15561,
Shot 23:15579,
Shot 24:15588,15597,
Shot 25:15624,15606,15615,
