Shot 0:9,45,
Shot 1:63,90,54,81,
Shot 2:135,
Shot 3:207,144,198,
Shot 4:288,324,
Shot 5:405,432,333,423,351,
Shot 6:441,
Shot 7:531,477,648,486,576,612,549,
Shot 8:828,657,693,711,765,846,
Shot 9:864,873,
Shot 10:1008,1035,1215,1062,1098,1206,1134,1026,1071,1197,1143,918,1188,927,1017,1152,954,
Shot 11:1476,1899,1926,1242,1845,1296,1881,1746,1521,1260,1773,1818,1350,1431,1422,1377,1683,
Shot 12:1971,
Shot 13:2106,2133,1980,2385,2421,2160,2169,2376,2016,2124,2313,2367,2025,2322,2115,2043,2358,
Shot 14:2736,2520,2574,2664,2772,2556,2637,2673,2745,2718,
Shot 15:2889,2916,2943,2907,2844,2898,2862,
Shot 16:2988,3069,2952,2970,
Shot 17:3294,3177,3321,3168,3312,3204,3213,3303,3240,
Shot 18:3609,3780,3357,3447,3492,3474,3510,3681,3582,
Shot 19:3825,3789,3798,3906,3960,3816,
Shot 20:4230,4077,4248,4140,4221,
Shot 21:4410,4266,4680,4257,4545,4572,4581,4455,4788,4626,4743,4383,4716,4419,4401,4698,4482,4644,
Shot 22:4887,
Shot 23:4932,4914,4905,
Shot 24:4995,5238,5121,5211,4941,5085,5040,5157,4959,
Shot 25:5337,5247,5463,5265,5445,5274,5391,5310,
Shot 26:5517,5697,5643,5589,5490,5544,
Shot 27:5814,5841,6039,5868,5724,6021,5832,5922,6003,5823,5760,5958,6030,5769,
Shot 28:6129,6057,6084,6075,6048,
Shot 29:6147,6156,
Shot 30:6192,6174,6219,6183,
Shot 31:6381,6669,6300,6408,6768,6444,6813,6660,6696,6741,6651,6399,6552,6390,6336,6642,6588,6714,6705,6345,
Shot 32:6822,
Shot 33:6912,
Shot 34:6939,6921,
Shot 35:6948,
Shot 36:6957,6966,
Shot 37:6993,7002,
Shot 38:7038,7047,7029,
Shot 39:7056,7065,
