Shot 0:9,
Shot 1:45,
Shot 2:54,
Shot 3:81,
Shot 4:693,261,144,288,783,252,414,747,135,297,729,333,765,711,738,
Shot 5:1179,2025,963,1413,972,900,1206,909,981,927,1044,1062,828,1809,891,882,1026,1071,990,1260,918,1647,846,1035,819,1098,1053,1575,837,1170,1431,1215,1737,1602,1242,1818,1620,
Shot 6:2439,2403,2745,2385,2736,2421,2394,2727,2061,2115,2718,2376,2511,2709,2700,2691,2682,2430,2448,
Shot 7:2925,2871,2880,2889,
Shot 8:3015,3006,3033,2997,
Shot 9:3303,3051,3195,3213,3060,3240,3348,3105,3276,
Shot 10:3456,3465,
Shot 11:3492,3528,
Shot 12:3573,3591,3564,
Shot 13:3627,3654,3663,3600,
Shot 14:3672,
Shot 15:3843,3870,3861,3717,3852,3726,
Shot 16:3933,4014,3906,3978,3915,3951,
Shot 17:4086,4131,
Shot 18:4140,
Shot 19:4239,4176,4374,4329,4185,4311,4356,4203,4230,
Shot 20:4401,
Shot 21:6678,4419,6300,6813,6804,5481,6318,4410,7326,5517,4509,6237,5526,7272,4752,7164,6309,4437,5553,6912,4626,4527,5418,6543,7128,6786,5103,6939,4779,6345,6660,6921,
Shot 22:7497,7542,7803,8037,7533,7362,7650,7371,7596,7425,7515,7461,7479,7659,
Shot 23:8118,8307,8280,8046,8199,8145,8064,8217,8109,8082,8298,8253,8181,8262,8100,
Shot 24:8316,
Shot 25:8361,
Shot 26:8370,
Shot 27:8379,
Shot 28:8397,8568,8559,8577,8388,
Shot 29:8613,8622,8604,
Shot 30:8631,8640,
Shot 31:8649,
Shot 32:8667,8658,8685,
