Shot 0:378,
Shot 1:387,
Shot 2:459,477,414,405,396,468,432,423,450,
Shot 3:594,918,882,936,486,873,927,639,765,657,693,558,612,
Shot 4:945,963,990,981,972,954,
Shot 5:1017,1026,999,
Shot 6:1053,1035,1044,
Shot 7:1089,1062,1071,1098,1080,
Shot 8:1197,1116,1125,1242,1161,1152,1224,1170,1188,
Shot 9:1251,1260,
Shot 10:1269,1287,
Shot 11:1332,1314,1323,
Shot 12:1341,
Shot 13:1359,1368,1350,
Shot 14:1413,1386,1404,1395,1377,1431,
Shot 15:1440,1485,1476,1467,1458,1449,
Shot 16:1512,1494,1503,
Shot 17:1530,1539,1521,
Shot 18:1593,1638,1548,1611,1620,1575,1602,1584,
Shot 19:1665,1890,1863,1818,1872,1701,1935,1836,1800,1908,1692,1647,1926,1809,1881,1917,1944,1854,1827,1656,
Shot 20:1953,1989,1962,
Shot 21:1998,
Shot 22:2043,2007,2025,2016,2034,
Shot 23:2097,2079,2061,2070,2115,2106,2124,
Shot 24:2133,2304,2268,2214,2286,2160,2259,2151,2142,
Shot 25:2313,
Shot 26:2322,2331,
Shot 27:2340,2349,
Shot 28:2376,2358,2367,2385,
Shot 29:2394,
Shot 30:2403,2412,
Shot 31:2511,2655,2430,2421,2664,2700,2439,2628,2592,2610,2790,2502,2520,
Shot 32:2826,
Shot 33:2853,2835,2844,
Shot 34:2862,2871,
Shot 35:2889,2880,2898,
Shot 36:3024,2916,2970,2907,3015,
Shot 37:3186,3096,3294,3330,3276,3051,3114,3312,3321,3249,3303,3141,3213,3060,3204,3285,3150,3168,
Shot 38:3411,3348,3339,
Shot 39:3528,3483,3447,3501,3519,3429,3510,3546,3537,3456,
Shot 40:3591,3555,3582,3564,3600,
Shot 41:3609,
Shot 42:3618,
Shot 43:3627,3636,
Shot 44:3672,3645,3708,3699,3690,3654,3663,3681,
Shot 45:3960,3978,3915,
Shot 46:4014,3987,4113,4167,3996,4005,4185,4059,4068,4104,4023,4041,
Shot 47:4293,4194,4347,4275,4230,4329,
Shot 48:4374,4383,4401,4365,4392,
Shot 49:4446,4419,4428,
Shot 50:4716,4572,4473,4752,4680,4824,4590,4464,4635,4815,4536,4563,4698,4770,4707,4581,4617,4482,4653,4662,4725,4734,4545,4644,4743,4455,
Shot 51:4842,4833,4878,4851,
Shot 52:5049,4887,4923,4995,5265,5256,4959,4977,5211,4968,4896,4914,5004,5040,5238,5022,5067,
Shot 53:5391,5337,5355,5373,5274,5400,5292,5409,5346,5328,5382,
Shot 54:5418,
Shot 55:5508,5436,5454,5427,5526,5499,5517,
Shot 56:5535,
Shot 57:5571,5697,5688,5544,5661,
Shot 58:5742,5787,5760,5706,5724,5751,
Shot 59:5922,5832,5958,5859,5850,5796,5940,5967,5877,5868,5931,
Shot 60:6003,6012,
Shot 61:6066,6021,6075,
Shot 62:6165,6093,6228,6138,6111,6156,6129,6147,6102,6210,6174,
Shot 63:6318,6390,6336,6363,6435,6399,6309,
Shot 64:6642,6516,6462,6597,6534,6633,6561,6444,6498,6579,6615,6570,6471,6624,6543,6606,6651,
Shot 65:6678,6705,6696,6669,6687,
Shot 66:6723,6741,6732,6714,
Shot 67:6795,7083,6993,7038,7074,7110,7011,6948,6975,6840,7092,7119,6822,6768,6750,7002,7047,6831,6786,6849,6984,6813,
Shot 68:7488,7353,7263,7146,7137,7524,7884,7839,7272,7515,7713,7398,7164,7326,7560,7281,7128,7434,7722,7461,7650,7416,7344,
Shot 69:7902,7911,
Shot 70:8649,8532,8424,8136,8622,8577,8145,8415,8217,8523,8433,8775,8028,8073,8190,8640,8199,8307,8037,8676,8442,8127,8055,7938,8370,8586,8739,
Shot 71:8784,8793,
Shot 72:8802,8811,
Shot 73:8820,8829,
Shot 74:8838,
Shot 75:8847,
Shot 76:8856,
Shot 77:8865,
Shot 78:8874,8883,
Shot 79:8892,
Shot 80:8901,
Shot 81:8910,
