Shot 0:9,
Shot 1:387,1053,1143,1107,1089,1098,891,369,567,477,684,378,
Shot 2:1593,1431,1647,1485,1611,1467,1512,1386,1620,1422,1602,1584,1404,
Shot 3:1863,2043,1656,1935,2007,1683,1980,1701,1773,1665,1719,1989,1962,1692,1881,1971,
Shot 4:2169,2448,2178,2187,2160,2439,
Shot 5:2862,2583,2556,2988,2934,2898,2880,2961,2826,2853,
Shot 6:3060,3006,3042,3078,3051,3024,
Shot 7:4527,4707,3303,4176,4689,3087,4113,4257,4320,3897,4365,3123,4005,4419,4293,4221,4383,4023,4446,4059,4230,4374,4437,3096,4500,4356,4464,4239,4068,3843,3114,4032,3285,3546,
Shot 8:4734,4770,4752,4725,4716,4743,
Shot 9:4806,4968,5103,4860,5121,4932,4977,5751,5274,5265,5076,5157,5670,5067,4950,4824,4851,4842,4959,5085,5634,5130,5688,4797,4815,5175,4833,5004,
Shot 10:6147,5805,6192,5814,6066,5823,6183,6120,6129,6165,5832,6174,6156,
Shot 11:6336,6597,6570,6480,6201,6507,6417,6345,6327,
Shot 12:6606,
Shot 13:6777,6615,6768,6651,6696,6759,
Shot 14:6822,6849,6840,6813,6831,
Shot 15:6867,6912,6885,6903,6876,
Shot 16:6939,6921,6948,6930,
Shot 17:6984,6957,7002,
Shot 18:7020,7011,7038,
Shot 19:7065,7290,7083,7101,7389,7092,7137,7110,7074,7326,7344,
Shot 20:7398,
Shot 21:7569,7443,7479,7407,7416,7488,7470,7587,
Shot 22:7596,
Shot 23:8433,8208,8784,7605,8073,9243,8055,7686,7641,10017,7614,8280,8505,9720,8910,8154,9171,9585,10170,9810,8901,8298,8118,8271,8955,9207,8109,8874,7875,7677,9198,8388,10224,9792,9819,9657,7623,8991,8262,9927,9153,10152,8316,10026,9738,10188,9774,10089,7830,8946,10233,9054,8127,10008,9639,8892,10125,9072,8172,10071,9828,9675,10161,8415,10107,7812,10143,7632,8289,10116,
Shot 24:10449,10584,10629,
