Shot 0:9,
Shot 1:378,1044,936,900,585,486,873,360,819,
Shot 2:1152,1053,1107,1224,1134,1179,1242,
Shot 3:1278,1548,
Shot 4:1827,1872,1629,1674,1566,1728,1638,1584,1782,1863,1656,1665,1809,1818,
Shot 5:1881,1926,
Shot 6:1935,
Shot 7:4275,7344,2376,8019,1971,7236,8541,2520,2259,6363,2493,4041,2745,2934,4446,4365,2160,8397,2466,2223,2826,3744,2034,2358,2502,6426,3312,3519,2421,4095,5283,1953,3906,2133,6462,5445,8514,3699,1944,5598,2484,4311,1962,6354,5472,2385,6417,2151,3330,2448,6093,2268,3483,8469,4194,5211,3267,8568,2457,3465,8496,2412,5130,3825,3294,
Shot 8:8784,8586,8757,8802,
Shot 9:8991,9144,9180,
