Shot 0:9,
Shot 1:630,1062,1638,1863,1782,1431,1926,1701,1143,1413,1197,1044,1737,1566,1089,1710,1818,936,1845,342,360,531,351,864,
Shot 2:2286,3294,3429,2070,3267,3438,1944,3447,2151,3069,1989,2088,2133,3285,2160,3177,3060,2529,2601,2187,3249,2664,2556,2214,2520,2358,2475,
Shot 3:3501,3483,3456,3492,3465,3519,
Shot 4:3609,3699,3735,3627,3762,3645,3663,3708,3636,3573,3537,3582,3618,3591,3600,
Shot 5:3780,3798,3789,
Shot 6:3816,3807,3843,
Shot 7:3924,3888,3879,3897,3870,3861,3906,3852,3933,3915,
Shot 8:3960,3942,3969,
Shot 9:4518,4185,4779,4797,4572,4284,4635,4680,4104,4554,4581,4833,4113,4032,4086,4563,3978,4500,4356,4761,4716,4095,4122,4626,4608,4482,4131,4041,4788,4275,4140,4473,4770,4599,4068,4806,4662,4644,4536,4545,4302,4509,4014,4410,4149,4077,4617,4239,4194,3996,4671,4383,4455,4491,4527,4005,4167,4437,4689,4725,3987,4203,4698,
Shot 10:4842,4860,
Shot 11:4914,4986,5004,4878,4968,4887,4869,4995,4977,5013,4896,4905,4923,
Shot 12:5049,5022,5031,5058,
Shot 13:5067,
Shot 14:5094,5256,5148,5202,5184,5238,5247,5085,5139,5130,5166,5103,
Shot 15:5382,5364,5418,5283,5265,5346,
Shot 16:5670,5742,5697,5589,5526,5616,5562,5688,5544,5643,5625,5535,
Shot 17:6363,6867,7020,6687,6993,6741,7002,6678,6489,5886,5994,6075,5895,6453,5904,
Shot 18:8001,8973,8082,7056,7641,12195,8865,12096,9018,8613,7542,12177,7146,11925,9090,8667,7443,9171,7074,9072,12213,9126,7488,7047,9144,8631,9324,12069,8253,11907,8271,11943,12231,9099,9027,8235,8289,7236,7434,8847,7569,7452,8055,7596,7776,7956,7947,
Shot 19:12258,
Shot 20:12375,12267,12294,12366,12402,
Shot 21:12456,
Shot 22:12537,12960,13986,12933,13698,13041,13023,12474,
Shot 23:14202,14031,13995,14247,
