Shot 0:9,
Shot 1:351,936,990,828,945,981,954,918,963,927,783,549,459,666,333,
Shot 2:1035,1017,1026,1044,
Shot 3:1206,1431,1377,1404,1395,1314,1386,1305,1107,1332,1080,1323,1341,1296,1368,1197,1062,1152,1089,1359,1242,1125,
Shot 4:1449,
Shot 5:2448,3510,4050,1800,3681,3672,2934,4032,1458,1998,3987,4086,3150,2808,1584,1503,1593,2610,1539,3483,1782,1476,2574,2376,3690,3942,2799,4014,3159,2421,2016,3447,2529,2736,2916,2439,
Shot 6:4608,4734,4095,4104,4887,
Shot 7:5760,6255,9360,6993,9189,6840,6102,7056,6804,7299,9252,5031,6669,7308,5805,6885,9270,7146,5868,5778,5877,9207,5373,7173,9162,9261,7956,5832,5787,5769,5751,9216,
Shot 8:9459,9396,9504,
Shot 9:9567,9522,9621,
Shot 10:9639,9657,9630,9648,
Shot 11:9684,9774,9765,9666,
Shot 12:10314,10035,10125,10107,10143,10089,9792,10044,10116,10134,10152,10278,10161,
