Shot 0:9,
Shot 1:459,1917,1341,1449,927,1188,1377,1872,1539,1422,1134,1323,1224,882,1233,1548,1332,360,621,369,522,819,378,
Shot 2:2187,
Shot 3:2331,2475,2250,2196,2421,2304,2511,2457,2214,2403,2268,2538,2529,2430,2439,2484,2376,2349,2232,2493,2502,2394,2340,2322,2277,2295,2520,2466,2448,2313,
Shot 4:2664,2565,2745,2727,2574,2601,2547,2556,2610,2700,2628,2592,2583,2682,2655,
Shot 5:2907,2817,2763,2799,2772,2925,2808,2943,
Shot 6:2952,
Shot 7:3150,3069,3159,
Shot 8:3177,
Shot 9:5373,5049,5535,4896,5481,4959,4932,5337,5382,
Shot 10:8505,8469,7947,7902,8604,8235,8775,8586,8100,8559,8550,8658,8541,8568,8244,8784,8523,8532,8487,
Shot 11:9162,9189,8991,9036,8964,8910,8793,8865,9009,8829,9045,8883,9180,
Shot 12:9459,9414,9225,9243,
