Shot 0:9,
Shot 1:819,1035,945,333,936,342,927,360,918,900,585,351,
Shot 2:1620,1269,1377,1746,1395,1845,1161,1710,1755,1818,1674,1080,1485,1422,1647,1134,1701,1116,1494,1656,1593,1854,1791,1197,1872,1386,1800,1827,1143,1629,1665,1107,1170,1566,1611,1836,1152,
Shot 3:1971,1917,2268,1962,2043,2421,2457,2142,2007,2439,2025,2250,1935,2241,2196,1989,2223,1980,1998,
Shot 4:2646,2817,2466,2943,3042,2799,2475,2970,3006,2502,2925,2952,2988,3015,2529,2808,2772,2934,2790,2754,2727,2745,2628,2736,
Shot 5:3258,3582,3285,3690,3267,3600,3330,3357,3609,3303,3276,3384,3339,3294,3501,3132,
Shot 6:4212,3762,4113,3978,3987,3969,3780,4149,4032,4059,4185,4176,4041,4194,4023,
Shot 7:4383,5337,5157,5004,5076,5355,5283,4878,4536,4374,4662,
Shot 8:5364,
Shot 9:5652,5517,5409,5526,5499,5544,5580,5634,5661,5643,
Shot 10:5706,5769,5697,5724,5679,5715,
Shot 11:5895,5850,5832,5859,5841,5949,5796,5967,5922,
Shot 12:6129,6327,6372,6147,6210,6138,6183,6174,6336,6012,6309,
Shot 13:6489,6480,6516,
Shot 14:6606,6687,6813,6525,6804,6552,6615,6534,6633,
Shot 15:6912,6867,6885,6921,
Shot 16:6930,6939,
Shot 17:7569,7065,7101,8523,7308,8505,7011,8055,8181,8433,7605,8361,8307,8442,8244,8532,6948,8064,7119,8406,7038,7614,6966,8136,7659,8460,7830,7452,8001,7533,7704,7803,7632,8415,8514,7515,7677,7263,7992,7839,7326,7542,7281,7587,8073,7461,7551,7641,7821,7596,7875,7623,7560,7578,
Shot 18:8595,8550,8541,8568,8559,8658,8577,8586,8604,
Shot 19:8676,
Shot 20:8883,8847,8712,
