Shot 0:9,
Shot 1:405,1260,342,1053,1278,1125,954,873,396,
Shot 2:1395,1287,1440,1350,1422,1359,1386,1404,1323,
Shot 3:1683,1476,1710,1665,1701,1584,1548,1692,
Shot 4:2358,1881,2250,2583,2313,2043,1719,2376,2448,2529,1917,2232,2295,2331,2502,2592,2565,2412,2223,
Shot 5:2817,3582,3672,3510,3555,2700,3348,3690,3609,3060,3420,3213,3204,2682,2709,2925,2727,3186,3078,3618,2718,2988,3366,3294,3474,3573,2781,2754,3321,2601,2871,2736,2745,3492,2934,2853,3402,2808,3438,2763,2898,3303,3330,3339,
Shot 6:3699,3708,
Shot 7:3735,3744,3726,
Shot 8:3897,5193,5292,4644,4554,4734,5157,5130,5283,4428,4680,4581,4932,5184,5148,5166,4599,5211,4653,4725,4572,5202,4698,4716,4374,4077,3879,
Shot 9:5544,5337,5355,5301,5310,5319,5553,5328,5346,5535,
Shot 10:5616,5661,5562,5634,5571,5625,5580,5652,5643,5607,
Shot 11:6372,6120,6498,5760,6444,6192,5715,6660,6075,6417,6507,6309,6624,5706,5724,6399,6102,6633,6210,6642,5751,6669,6345,6687,
Shot 12:6750,6786,
Shot 13:6822,6912,6795,6804,6894,
Shot 14:6930,
Shot 15:7074,6948,7542,6975,7020,6939,
Shot 16:7551,7605,7587,7560,
Shot 17:7659,7695,7632,7686,7650,
Shot 18:7929,7830,8019,7911,7767,7920,7857,7803,7938,
Shot 19:8163,8892,8793,8694,8874,8631,8406,8145,8253,
Shot 20:8919,8901,8937,
Shot 21:8955,8964,
Shot 22:9495,8982,9783,9099,9684,10593,9396,9639,10323,10053,10143,9819,9873,9666,9702,10071,10026,9747,10647,10161,9081,9927,9441,10575,9450,9414,9990,10107,10755,10098,10620,10179,10125,9909,9567,10080,10089,9531,9621,10665,9504,10782,9765,10035,9729,9648,9882,8973,9000,10701,9810,10674,
Shot 23:10800,
Shot 24:11034,10998,10845,
