Shot 0:9,
Shot 1:351,1773,1359,981,1809,1044,1089,1656,1377,1818,1206,1674,1026,1368,1692,1800,1647,999,1755,333,882,990,837,468,
Shot 2:2853,2142,2394,2610,3411,3078,1872,3276,2061,2097,2520,2565,3249,2268,2979,2772,3258,3366,3177,2628,2115,3312,3330,1836,3024,3051,3303,2574,3438,2781,3213,2169,3294,2178,3042,2763,2079,2970,2808,2601,3267,2745,3006,2754,2340,2583,2592,2637,2835,3060,2475,3240,2844,2619,2124,2961,3069,2817,2736,2367,2988,2826,3015,1854,3033,2997,2691,2790,2727,1827,2052,2799,2304,2322,2070,2088,1845,2646,2232,1863,2880,2187,
Shot 3:3672,3483,3600,3654,3609,3681,
Shot 4:3708,3699,3717,
Shot 5:4059,4023,3735,3996,4032,4104,4041,4086,4050,
Shot 6:4131,4113,4158,4185,4122,4149,4140,4176,
Shot 7:4194,
Shot 8:4221,4230,
Shot 9:4266,4248,4257,
Shot 10:4302,4338,4284,4329,4293,
Shot 11:4356,4392,4383,4347,4401,4365,
Shot 12:4482,4410,4437,4473,4455,4446,4464,4428,4491,4419,
Shot 13:4500,4509,
Shot 14:4536,4518,4527,
Shot 15:4545,4554,
Shot 16:4572,4581,4563,
Shot 17:4590,4608,
Shot 18:4617,4626,
Shot 19:4653,4635,4644,4662,
Shot 20:4680,4671,4689,
Shot 21:4770,4743,4752,4761,4779,
Shot 22:4797,4833,4824,
Shot 23:5058,4995,5022,4914,4869,5103,
Shot 24:5418,5373,5238,
