Shot 0:9,
Shot 1:693,1107,306,297,252,1008,144,801,972,1134,1287,1035,18,432,207,756,504,882,1116,468,162,864,1080,1053,1296,441,342,315,1125,603,477,1242,1098,459,936,837,666,594,180,54,
Shot 2:1368,1458,1413,1422,1341,1323,1404,
Shot 3:1638,1656,1602,1530,1584,1620,1629,
Shot 4:1692,1683,1674,
Shot 5:1800,1746,1773,1809,
Shot 6:1818,
Shot 7:1944,1899,1962,1890,1917,1872,
Shot 8:1998,
Shot 9:2133,2160,2043,2070,2025,2088,2142,
Shot 10:2169,
Shot 11:2250,2385,2376,2214,2349,2421,2367,2340,2196,2394,2178,2277,2313,2403,2286,2331,2322,2268,2259,2241,
Shot 12:2430,
Shot 13:2448,2457,2466,2439,
Shot 14:2475,
Shot 15:2484,
Shot 16:2493,2529,2520,2502,
Shot 17:2574,2538,2547,
Shot 18:2583,
Shot 19:2610,2727,2700,2637,2592,2691,2673,2709,2646,2664,2628,2718,2655,2619,2736,2682,
Shot 20:2745,
Shot 21:2781,2763,2799,2754,2790,2772,
Shot 22:2835,2808,2862,2817,2826,2844,
Shot 23:2898,2907,
Shot 24:2943,2916,2934,2961,2952,
Shot 25:2988,2970,3015,2979,2997,
Shot 26:3024,
Shot 27:3078,3168,3105,3060,3069,3096,3087,
Shot 28:3204,3312,3294,3276,3339,3267,3195,3231,
Shot 29:3357,3366,
Shot 30:3546,3474,3591,3528,3510,3438,3627,3609,3618,3384,3402,3564,
Shot 31:3654,3672,3663,
Shot 32:3717,3960,4005,3798,4077,3942,3753,3825,3987,3771,3888,3852,3870,3726,4050,4068,3681,3933,3708,3699,
Shot 33:4086,4095,
Shot 34:4176,4140,4104,
Shot 35:4275,4194,4329,
