Shot 0:9,
Shot 1:684,918,369,396,495,882,567,378,
Shot 2:999,
Shot 3:1008,1026,
Shot 4:1044,1062,
Shot 5:1170,1224,1179,1152,1107,1161,
Shot 6:1602,1485,1287,1422,1557,1269,1359,1296,1404,1593,1575,1368,1584,1314,1539,
Shot 7:1809,1719,2826,2151,2223,2610,2016,2106,2124,2781,2574,1926,1881,2655,2169,1998,2052,2808,1854,2241,2880,2304,2214,2862,2628,1782,2736,2142,1971,1944,2556,2043,1827,2277,2493,1908,2817,2601,1656,2691,1845,1836,2637,1764,1863,2682,2529,1620,1890,1962,1755,1800,1665,
Shot 8:3015,3177,3213,2925,2988,3096,2943,2970,2997,2979,2934,3078,3069,
Shot 9:3960,3591,3663,3510,3438,3447,3231,3636,3357,3321,3285,3573,3690,3627,3645,3582,3609,3654,3699,3915,3726,
