Shot 0:36,315,63,9,18,54,45,27,
Shot 1:324,
Shot 2:432,333,351,342,360,441,414,423,
Shot 3:450,
Shot 4:459,
Shot 5:468,
Shot 6:1449,1620,1557,1575,1719,1494,1512,1701,1566,1629,1674,1548,1017,1503,1584,1476,1737,1647,1728,1539,1440,1692,1521,1458,
Shot 7:1773,1755,1764,1782,
Shot 8:1809,1827,1818,
Shot 9:1908,1953,1926,1890,1944,1935,1863,1899,1917,
Shot 10:1962,1971,
Shot 11:1980,
Shot 12:1989,1998,
Shot 13:2052,2007,2016,2106,2097,2043,2079,2088,2034,2025,2070,2061,
Shot 14:2142,2178,2160,2187,2124,2151,2133,2115,
Shot 15:2223,2295,2304,2205,2196,2286,2277,2214,
Shot 16:2322,2331,2313,
Shot 17:2439,2367,2385,2466,2403,2349,2457,2358,2448,
Shot 18:2592,2646,2511,2475,2502,2529,2619,2484,2547,2565,2610,2628,2637,2583,2520,2601,
Shot 19:2700,2664,2691,2709,
Shot 20:2772,2898,2754,2943,2718,2907,2808,2736,2871,2844,2826,2817,2835,2853,2790,2781,2889,2799,2916,2763,
Shot 21:2952,2961,
Shot 22:2970,
Shot 23:2997,3150,3096,3051,3195,3069,3087,3204,3141,3078,3105,3186,3114,3060,3033,3159,3042,2979,
Shot 24:3231,3222,3240,
Shot 25:3258,3267,3249,
Shot 26:3303,3276,3285,3294,
Shot 27:3321,3312,3330,
Shot 28:3339,3366,
Shot 29:3393,3465,3375,3420,3447,3384,3402,
Shot 30:3546,3483,3510,3519,3501,3537,3492,3564,
Shot 31:3636,3591,3609,3600,3627,
Shot 32:3681,3645,3663,3654,3672,3690,
Shot 33:3717,3771,3762,3780,3699,3726,3708,
Shot 34:3825,3807,3870,3789,3816,3861,3798,3852,
Shot 35:3888,4212,3951,4176,4149,3879,4221,4158,3915,3897,3960,
Shot 36:4293,4455,4374,4320,4284,4347,4230,4302,4311,
Shot 37:4572,4473,4527,4464,4509,4500,4536,4563,4518,4581,
Shot 38:4599,
Shot 39:4887,4896,
Shot 40:4932,4914,4923,4941,
Shot 41:5130,5229,5175,5040,4959,5148,5076,5193,5058,5067,5166,5085,5139,5202,
Shot 42:5364,5292,5256,5337,5274,5346,5319,5265,5355,
Shot 43:5724,5616,5517,5391,5535,5643,5580,5778,5373,5463,5562,5661,5634,5409,5742,5769,5589,5697,5499,5544,5625,5760,5427,5733,5607,
Shot 44:5796,
Shot 45:5814,5931,5940,5859,5985,5868,5922,6003,5976,5832,5850,5913,5958,5877,5994,
Shot 46:6084,6012,6129,6120,6048,6030,6111,6075,
Shot 47:6165,6138,6156,6147,6174,
Shot 48:6192,6201,
Shot 49:6210,
Shot 50:6228,6237,6219,
Shot 51:6255,6273,6246,6264,6282,
Shot 52:6318,6354,6309,
Shot 53:6462,6381,6417,6399,6363,6372,6426,6516,6435,6444,6489,6507,6453,6480,
Shot 54:6615,6660,6705,6921,6840,6723,6525,6786,6543,6687,6876,6669,6624,6813,6696,6885,6552,6570,6534,6903,6651,6777,6561,6606,
Shot 55:6957,7029,7002,6984,6975,7020,6939,
Shot 56:7038,
Shot 57:7047,7056,
Shot 58:7065,7083,7074,
Shot 59:7092,
Shot 60:7101,7110,
Shot 61:7209,7119,7227,7218,7137,
Shot 62:7299,7272,7290,7236,7281,7317,7308,
Shot 63:7470,7362,7335,7416,7560,7371,7398,7434,7668,7587,7353,7497,7407,7623,7569,7533,7605,7551,7488,7506,7614,
Shot 64:7848,7911,7812,7947,8010,8028,7776,8019,7749,7938,7893,7785,7830,7875,7758,8001,7839,7866,7857,
Shot 65:8109,8172,8046,8145,8064,8055,8154,8091,8127,8163,8073,8118,
Shot 66:8334,8199,8451,8298,8316,8415,8217,8460,8343,8226,8397,8235,8433,8190,8442,8325,
Shot 67:8514,8469,8478,8487,8550,8496,8505,8523,
Shot 68:8685,8757,8856,8640,8730,8739,8577,8658,8712,8649,8667,8604,8703,
Shot 69:8937,8874,8865,8901,8892,8946,8910,8883,8928,
Shot 70:9099,8955,9333,9342,9288,9306,8991,9270,9351,9252,9126,9261,9225,8964,9198,
Shot 71:9369,9360,9387,9378,
Shot 72:9765,9981,9855,9495,9882,9396,9513,9837,9639,10053,9621,9891,9603,9909,9405,9468,9567,9450,9522,9846,9432,9612,9792,9963,9648,9675,9540,9558,9594,9504,9459,9936,9819,9684,9774,9576,9441,10044,
Shot 73:10125,10089,10134,10107,10062,
Shot 74:10170,10143,10152,
Shot 75:10179,10188,
Shot 76:10224,10206,10197,10233,10242,10215,
Shot 77:10260,10269,
Shot 78:10278,10323,10296,10305,10287,
Shot 79:10395,10341,10368,10422,10413,10377,10404,10386,
Shot 80:10449,10467,
Shot 81:10485,10494,
Shot 82:10557,10503,10575,10521,10548,
Shot 83:10620,10710,10674,10584,10656,10638,10692,10683,10629,10611,10602,10665,10701,10647,
