Shot 0:108,144,9,135,
Shot 1:153,171,
Shot 2:198,
Shot 3:369,441,333,342,
Shot 4:648,504,450,801,792,765,549,711,684,603,621,
Shot 5:864,819,828,846,855,873,
Shot 6:900,1143,1008,981,963,1161,1152,1035,1080,891,936,
Shot 7:1170,1197,
Shot 8:1224,1908,1485,2007,1764,2133,1971,1944,1773,1206,1476,1260,1989,1926,2124,1980,1305,2043,1215,
Shot 9:2151,2223,2205,2196,2187,2214,2169,2142,
Shot 10:2232,
Shot 11:2241,
Shot 12:2250,
Shot 13:2286,2259,2538,
Shot 14:2727,2772,2754,2700,2763,2745,2718,2547,2556,
Shot 15:2799,2808,
Shot 16:2826,
Shot 17:2871,3177,2961,3222,3474,3195,2835,2898,2952,3168,3069,3060,2862,3411,3141,3357,3456,3321,3204,3429,2889,2934,2853,3231,2880,2907,3159,
Shot 18:3492,
Shot 19:3591,3501,3555,3600,
Shot 20:3636,3645,
Shot 21:3771,3663,3780,3699,
Shot 22:3951,3879,3906,3987,3843,3888,3870,3978,3942,
Shot 23:4095,4014,4032,4059,4023,4149,
Shot 24:4158,
Shot 25:4185,4266,4221,4329,4212,4311,4338,4293,4302,4167,4203,4176,4194,
Shot 26:4383,4374,4401,
Shot 27:4437,4419,4428,4446,
Shot 28:4527,4734,4608,4680,4743,4698,4473,4788,4590,4464,4617,4509,4563,4554,4545,4518,4599,
Shot 29:4887,4851,4797,4914,4905,
Shot 30:4941,4932,5049,4968,4977,5067,
Shot 31:5076,5121,5103,5094,5085,
Shot 32:5130,5184,
Shot 33:5247,5220,5274,5256,
Shot 34:5337,5319,5301,5328,5346,5283,
Shot 35:5652,5706,5400,5472,5598,5391,5364,5688,5679,5643,5661,5670,5697,
Shot 36:5760,5715,5733,5724,5751,5769,
Shot 37:5778,
Shot 38:5805,5823,5832,5814,
Shot 39:5877,5841,5913,5886,
Shot 40:5958,5994,5976,5967,
Shot 41:6039,
Shot 42:6075,
Shot 43:6102,
Shot 44:6138,6183,6129,
Shot 45:6255,6228,6264,
Shot 46:6291,6273,6282,6309,
Shot 47:6534,6723,6489,6381,6417,6615,6696,6354,6777,6687,6318,6579,6741,6408,6624,6651,6732,6714,6543,6642,6678,6606,6786,6660,6705,6669,
Shot 48:6804,6813,
Shot 49:7218,7335,7056,6966,7101,7029,6840,7137,7155,6930,6939,6975,7245,7182,6867,6849,7173,7209,7236,7227,
Shot 50:7605,7452,7839,7488,7416,7380,7407,7803,7362,7524,7785,7389,7398,7569,7533,7632,7587,7578,7551,7623,7614,7641,7596,7560,7542,
Shot 51:8172,8595,8028,7956,8541,8037,8055,8478,7938,8424,8289,8451,8163,7911,8073,7947,8226,8118,8127,8253,8082,8487,8091,8109,8064,8199,8217,8235,8208,8136,
Shot 52:8622,8631,
Shot 53:8811,8730,9027,9063,8775,9036,9000,8757,8883,8847,8802,9045,8874,9009,8838,9018,8793,8865,8820,8856,
Shot 54:9189,9099,9216,9207,9234,9198,9171,
Shot 55:9450,9324,9288,9252,9360,9351,9405,9468,9279,9459,
