Shot 0:135,144,9,108,
Shot 1:153,171,
Shot 2:207,
Shot 3:216,234,
Shot 4:351,1080,1008,396,693,819,630,378,720,981,792,999,657,684,
Shot 5:1089,
Shot 6:1908,1152,1647,1161,1674,1314,1449,1998,1422,2205,1287,2115,2223,1746,1809,1458,1782,2016,1881,1215,1890,1899,
Shot 7:2250,
Shot 8:2313,2277,2304,
Shot 9:2448,2493,
Shot 10:2601,2502,2529,
Shot 11:3474,2736,3519,
Shot 12:3690,3546,3600,3708,3717,3573,3636,3699,3645,3654,3627,3582,
Shot 13:3834,3726,3906,3789,3870,3744,3807,3735,3762,3825,3843,
Shot 14:3942,
Shot 15:3951,
Shot 16:4356,4095,4014,4059,4122,4302,4275,4041,4329,4005,4131,4347,
Shot 17:5202,5499,4563,4491,5229,5706,4680,5346,4590,4626,4653,4527,5769,5679,4536,5472,5319,4689,
Shot 18:5787,5841,5778,
Shot 19:6210,6084,5904,6111,5877,5850,6156,6183,6219,6192,
