Shot 0:594,882,1323,837,270,1305,1260,171,1179,1368,450,1332,1134,1287,1359,495,1197,405,1314,1341,9,432,1278,1170,675,423,1233,468,1296,513,459,1269,441,873,486,1188,351,90,207,387,1107,810,540,567,648,108,1215,630,639,333,
Shot 1:1377,1386,
Shot 2:1395,
Shot 3:1404,
Shot 4:1548,2898,1926,3249,1413,3195,2862,1593,2619,1728,3258,2952,2178,2853,2880,2628,3231,2916,1422,2835,2385,2871,3042,1503,3213,2934,3204,1449,1512,1557,1521,1530,
Shot 5:3276,3267,3285,
Shot 6:3294,3303,3312,
Shot 7:3357,3411,3321,3438,3339,3366,3375,3447,3348,3402,3429,3393,3384,3330,
Shot 8:3456,
Shot 9:3618,3789,3564,3537,3771,3735,3861,3573,3753,3825,3672,3546,3816,3501,3681,3726,3555,3519,3798,3897,3627,3780,3591,3528,3465,3690,3843,3717,3744,3834,3888,3492,3852,3879,3654,3645,3510,3636,3708,3474,3609,3870,3699,3483,3762,3663,
Shot 10:3906,
Shot 11:3915,
Shot 12:4077,4581,4275,4419,4509,3960,4428,4212,4041,4392,4383,3987,4149,4716,3996,3933,4113,4095,4014,4662,4032,4050,4131,4176,4122,4104,4158,4059,3969,3924,3951,4023,4005,4221,4068,3978,4734,
Shot 13:4950,4770,4806,
Shot 14:5085,5175,4959,5013,5112,
