Shot 0:63,27,117,45,99,36,9,108,81,
Shot 1:126,
Shot 2:144,153,
Shot 3:162,
Shot 4:180,189,171,
Shot 5:558,756,315,252,441,684,207,198,324,216,531,279,504,585,792,603,630,540,612,414,522,549,576,702,261,270,774,234,567,738,648,333,
Shot 6:810,
Shot 7:981,1053,855,882,819,954,837,972,1008,
Shot 8:1206,1746,1476,1629,1701,1665,2187,1080,1620,2349,1710,1656,1719,1593,1692,1350,2304,1305,1602,1827,1728,1548,1260,1116,1377,1890,1314,2088,1179,2124,1737,1818,1296,2250,1863,2169,1422,1566,1197,1071,2214,1215,
Shot 9:2457,2484,
Shot 10:2502,2511,
Shot 11:3015,2538,2727,2808,2763,2529,2826,
Shot 12:3402,3366,3411,3168,
Shot 13:3420,
Shot 14:3429,3438,
Shot 15:3825,3933,3537,3447,3897,3510,3483,3456,3735,
Shot 16:4176,4518,4689,4347,4266,4428,4599,4032,4131,4500,4023,4383,4257,4527,4050,4410,4158,4365,4554,4446,4329,4059,4338,4167,4311,4194,
Shot 17:4707,
Shot 18:4716,4725,4734,
Shot 19:4788,4932,4914,4986,4743,4923,4770,4959,4806,
Shot 20:4995,
