Shot 0:9,
Shot 1:81,36,45,18,72,
Shot 2:189,225,126,162,207,216,234,198,99,144,171,
Shot 3:333,261,252,243,360,351,270,288,279,306,315,
Shot 4:369,396,378,
Shot 5:423,414,432,
Shot 6:594,648,495,450,567,630,621,639,576,540,612,657,603,585,
Shot 7:720,666,693,675,684,729,702,711,
Shot 8:882,846,864,756,747,819,801,900,783,
Shot 9:918,972,954,1008,1035,936,1026,963,
Shot 10:1080,1044,1152,1134,1071,1125,1098,1062,1143,1089,1116,1053,
Shot 11:1161,1179,1170,
Shot 12:1197,1215,1224,1206,1188,
Shot 13:1296,1998,1728,1935,1575,1962,1836,1638,1710,1674,1953,1611,1233,2034,1917,1980,1764,1647,1701,1539,1593,1458,1944,2016,1683,1395,1512,1989,2061,1800,1746,1971,1755,
Shot 14:2187,2097,2142,2214,2151,2106,2205,2223,2169,
Shot 15:2385,2232,2286,2322,2358,2295,2250,2367,2403,2304,2340,2331,2349,2376,2241,2394,
Shot 16:2412,
