Shot 0:18,9,27,
Shot 1:333,243,108,270,216,153,261,234,306,288,225,324,252,279,117,
Shot 2:360,342,351,468,477,
Shot 3:513,837,855,846,801,549,558,828,567,540,585,594,486,
Shot 4:864,873,
Shot 5:882,
Shot 6:900,891,909,
Shot 7:999,918,927,954,
Shot 8:1071,1188,1440,1170,1125,1134,1107,1089,1161,1179,1143,1152,1098,1080,1314,1215,1116,1062,
Shot 9:1449,
Shot 10:1458,1467,
Shot 11:1476,1485,
Shot 12:1494,
Shot 13:1503,1557,1548,
Shot 14:1692,1566,1602,1665,1701,1584,1575,1593,
Shot 15:1755,
Shot 16:1818,2142,1953,2106,2079,2124,2151,1926,2097,2133,2088,2070,2052,2016,1908,2034,1899,
Shot 17:2187,2169,2178,2196,
Shot 18:2205,2214,
Shot 19:2223,2250,2241,2232,
Shot 20:2259,2268,
Shot 21:2358,2385,2376,2412,2277,
Shot 22:2574,2556,2565,2547,2529,
Shot 23:2592,2862,2763,2943,2853,2889,2934,2871,2898,2754,2673,2835,2880,2916,2700,
Shot 24:2961,2970,2952,
Shot 25:3249,3042,3681,3087,3051,2997,3096,2979,3177,2988,3168,3060,3105,3195,3357,3186,3348,3663,3591,3024,3582,3114,3339,3456,3627,3069,3600,3240,3123,3330,3033,3204,3150,3384,3006,3321,3474,3132,3015,3141,
Shot 26:3690,
Shot 27:3699,3717,
Shot 28:3753,
Shot 29:3807,3762,3789,3771,3798,
Shot 30:3879,3915,3843,3870,3816,3861,3906,
Shot 31:3960,4005,3978,3933,3987,3924,3996,3969,
Shot 32:4050,4014,4023,4041,4032,
Shot 33:4068,
Shot 34:4086,4104,4095,4077,
Shot 35:4284,4113,4122,4347,4149,4167,4176,4203,4401,4383,4230,4158,
Shot 36:4464,
