Shot 0:9,171,
Shot 1:243,198,225,261,252,234,216,
Shot 2:351,315,333,369,324,360,288,342,
Shot 3:378,
Shot 4:387,432,
Shot 5:567,540,630,549,
Shot 6:648,657,639,
Shot 7:837,738,747,882,873,756,
Shot 8:891,
Shot 9:1233,1242,927,900,1107,1161,1269,936,1215,
Shot 10:1566,1278,1620,1413,1476,1332,1593,1530,
Shot 11:1719,1674,1881,1818,1647,1854,1683,1656,1755,1701,1800,1773,1710,1809,1728,
Shot 12:2232,1908,2034,2304,1962,2124,1980,2070,2016,2295,2169,2088,2115,2151,2133,2250,2196,2178,
Shot 13:2529,2322,2493,2511,2547,2358,2502,2394,2313,
Shot 14:2592,2646,2628,2655,2610,
Shot 15:2664,2682,2673,
Shot 16:2691,
Shot 17:2700,2709,
Shot 18:2736,2718,2745,2727,
Shot 19:2763,2907,2853,3006,3024,2871,2961,3087,2862,2790,3051,3042,2817,2970,2898,3060,2835,2754,2889,2844,3069,3078,2799,2772,2925,
Shot 20:3096,
Shot 21:3141,3195,3105,3168,
Shot 22:3465,3213,3519,3375,3429,3348,3456,3474,3492,
Shot 23:3555,3573,3564,3546,
Shot 24:3654,3582,3591,3609,3681,3645,3600,3618,3663,3672,
Shot 25:3933,3699,3717,3753,3879,3978,3861,3789,3726,3951,3906,
Shot 26:4032,4104,4158,4086,4068,4059,4023,
Shot 27:4491,4311,4698,4545,4446,4275,
