Shot 0:54,9,180,18,162,27,90,126,36,63,
Shot 1:198,189,207,
Shot 2:216,
Shot 3:225,
Shot 4:234,243,
Shot 5:513,261,252,270,666,279,612,297,576,396,315,360,567,531,585,549,621,603,504,369,558,594,
Shot 6:693,684,675,
Shot 7:1125,2205,1953,1548,702,2115,1917,720,2178,882,2196,1440,2070,747,1413,1467,711,1827,1062,2097,837,729,1980,1935,1611,1017,1431,2025,1395,2151,1449,1944,1080,954,1773,981,1314,819,1494,774,2088,1863,1701,1593,1458,1809,1422,1098,1260,828,1512,1836,846,
Shot 8:2214,2223,
Shot 9:2250,2232,2241,
Shot 10:2277,2304,2268,
Shot 11:2331,
