Shot 0:63,108,9,90,99,81,36,72,54,
Shot 1:126,
Shot 2:162,135,144,153,189,
Shot 3:216,234,225,
Shot 4:252,243,261,
Shot 5:288,
Shot 6:315,333,297,306,324,
Shot 7:720,405,558,477,522,495,540,612,450,594,432,675,486,576,702,693,531,711,
Shot 8:747,810,846,828,765,729,783,738,
Shot 9:891,855,873,864,900,882,
Shot 10:909,
Shot 11:1080,972,990,1008,1017,1026,1044,936,1071,981,
Shot 12:1305,1143,1152,1197,1116,1089,1134,1242,1107,1179,1251,1287,1314,1206,
Shot 13:1323,1368,1332,
Shot 14:1638,1602,1377,1530,1476,1440,1584,1458,1404,1665,1593,1647,1629,
Shot 15:1683,1701,1692,1674,
Shot 16:1728,1710,1719,
Shot 17:1764,1737,1755,1773,
Shot 18:1782,
Shot 19:1854,1818,2133,2052,1971,1827,2088,2223,1836,1926,1989,2070,2016,2232,2124,1962,1863,
Shot 20:2241,
Shot 21:2313,2376,2358,2250,
Shot 22:2421,2448,2394,2412,2403,2430,
Shot 23:2601,2466,2763,2547,2565,2556,2655,2574,2538,2637,2619,2583,
Shot 24:2808,2907,2934,2871,2889,2898,2835,2853,2943,2916,2790,
Shot 25:2952,2979,2961,
Shot 26:2988,2997,
Shot 27:3078,3015,3024,3006,3042,3087,
