Shot 0:9,
Shot 1:135,
Shot 2:171,189,144,153,162,180,
Shot 3:243,198,216,261,252,234,
Shot 4:270,
Shot 5:279,702,819,558,810,684,657,729,756,801,783,450,720,612,693,738,
Shot 6:846,
Shot 7:900,855,864,882,873,918,891,909,
Shot 8:981,1107,1071,1143,1134,1089,1116,1044,1026,999,
Shot 9:1521,1161,1413,1152,1602,1476,1584,1548,1539,1494,1593,1341,1557,1458,1575,1359,1440,1566,1377,
Shot 10:1611,
Shot 11:1809,1926,2241,2304,1971,2313,1692,2286,1728,2043,2205,2142,1773,1674,2268,1620,1764,1656,2223,2277,1827,2070,1647,1944,1791,1782,1800,1863,1890,
Shot 12:2322,
Shot 13:2331,2340,
Shot 14:2349,2457,2448,2475,2511,2430,2466,2439,2412,
