Shot 0:18,36,9,
Shot 1:576,693,459,333,630,
Shot 2:882,819,837,918,909,783,864,846,
Shot 3:927,936,
Shot 4:972,1053,954,1017,
Shot 5:1521,1278,1071,1260,1251,1332,1449,1377,
Shot 6:1611,
Shot 7:1647,
Shot 8:1800,1881,1863,1845,1737,1773,1818,1755,
Shot 9:1890,1998,2025,1908,1971,2016,
Shot 10:2061,2034,2043,2088,
Shot 11:2151,2223,2133,
Shot 12:2664,2565,2628,2295,2439,2754,2610,2412,2817,2583,2484,2520,2556,2538,
Shot 13:2826,3303,3195,3231,3249,3312,2853,3186,3276,2997,
Shot 14:3339,3384,3366,3321,
Shot 15:3492,3555,3429,3474,3465,3393,3537,3501,
Shot 16:3582,3636,
Shot 17:3672,3654,3645,3663,3681,
Shot 18:3807,3861,3879,3870,3843,3708,3789,3771,3690,3717,3852,3834,3816,3735,3744,3726,
Shot 19:3888,3897,
Shot 20:3960,3906,3969,3933,
Shot 21:3987,4023,4014,3978,3996,
Shot 22:4086,4122,4104,4032,4068,
Shot 23:4167,4140,4149,4158,4239,
Shot 24:4356,4248,4329,4338,4347,4257,4266,4365,
Shot 25:4833,4455,4482,4527,4653,4590,4743,4608,4509,4770,4797,4626,
Shot 26:4887,4923,
Shot 27:4977,4932,4995,4941,
Shot 28:5112,5094,5121,5103,
Shot 29:5319,5247,5202,5292,5409,5301,5265,5391,5166,5274,5256,5238,5310,5382,
Shot 30:5535,5508,5544,5517,
Shot 31:5553,5562,
Shot 32:5643,5571,5580,5607,5661,5589,5625,
Shot 33:5679,5670,5688,
Shot 34:5787,5796,
Shot 35:5985,5823,5895,5877,6057,5814,6066,5832,5859,5886,5904,5841,5850,5868,6039,5922,5949,6003,5958,5931,5967,5913,
Shot 36:6075,6084,
Shot 37:6399,6282,6228,6255,6480,6264,6381,6183,6246,6210,6174,6156,6102,6093,6363,6390,6471,6300,6408,
Shot 38:6489,6498,
Shot 39:6597,6588,6615,6642,
Shot 40:6669,6759,
Shot 41:6786,6768,6858,6777,6795,
Shot 42:6867,
Shot 43:6885,6876,6957,
Shot 44:6984,7065,
