Shot 0:36,54,9,27,
Shot 1:108,63,72,90,99,117,
Shot 2:135,144,126,
Shot 3:153,
Shot 4:549,360,279,
Shot 5:567,666,1296,837,864,1206,1233,855,1008,630,1134,639,1089,900,1305,1260,684,1062,1170,675,693,1251,1152,747,873,1269,657,846,1278,783,702,648,585,
Shot 6:1323,1332,1341,1314,
Shot 7:1449,1377,1368,1476,1386,1359,1485,1350,1413,1431,
Shot 8:1530,
Shot 9:1539,
Shot 10:1548,
Shot 11:1764,1566,1629,1557,1845,1917,1593,1602,1620,1656,1944,1575,1827,1935,1899,1746,
Shot 12:2124,2295,2205,2268,2241,2214,2187,2286,2223,2196,2043,2178,2169,2079,2088,2259,1998,1962,2133,2097,
Shot 13:2322,2304,2313,
Shot 14:2601,2331,2547,
Shot 15:3267,3087,3159,3123,3141,3195,3105,3186,3114,3249,3096,3258,3240,3285,3213,3276,
Shot 16:3330,3357,3303,3348,3339,3321,
Shot 17:3384,3375,3366,
Shot 18:3393,
Shot 19:3438,3483,3402,3411,3447,3429,
Shot 20:3492,3501,
Shot 21:3537,3528,3510,3564,3519,3573,3555,
Shot 22:3618,3663,3600,3609,
Shot 23:3681,3699,3672,3690,
Shot 24:3771,3735,3798,3708,3780,3789,3762,3744,3717,
Shot 25:3807,3816,
Shot 26:3852,3861,3825,3843,3879,3834,
Shot 27:3888,3897,
Shot 28:3906,3915,
Shot 29:3924,3942,3933,
Shot 30:3951,3960,
Shot 31:3969,3978,
Shot 32:3987,
Shot 33:4005,4014,4023,3996,
Shot 34:4059,4032,4086,4041,4077,4068,4050,
Shot 35:4095,
Shot 36:4104,4113,
Shot 37:4122,4131,
Shot 38:4158,4194,4185,4176,4149,4167,4140,
Shot 39:4230,4203,4212,4239,4221,
Shot 40:4257,4248,4266,
Shot 41:4275,4293,4284,
Shot 42:4311,4320,4302,
Shot 43:4338,4356,4347,4329,
Shot 44:4365,
Shot 45:4374,4383,
Shot 46:4392,
Shot 47:4401,
Shot 48:4410,
Shot 49:4419,
Shot 50:4428,4437,
Shot 51:4599,4455,4617,4473,4581,4446,4464,4554,4608,
Shot 52:4644,4626,4635,
Shot 53:4653,4662,
Shot 54:4734,4671,4689,4707,4761,4725,4698,
Shot 55:4986,5256,5283,5229,5031,4842,5166,4770,5238,5085,4824,5193,4914,4968,4815,5274,4995,5265,
Shot 56:5310,5292,5301,
Shot 57:5976,5697,5778,5319,5895,5355,6084,5616,5454,5418,5886,5715,5526,5364,6093,6102,5652,5796,5913,5400,5544,5724,5706,5337,5382,5751,6012,5328,6048,5634,5346,5742,5949,5940,5598,5814,5985,6066,5373,
Shot 58:6111,6138,6129,
Shot 59:6147,6165,6156,
Shot 60:6192,6210,6183,6201,6174,
Shot 61:6750,6336,6417,6534,6831,6507,6327,6300,6516,6381,6552,6525,6237,6354,6318,6453,6282,6408,6543,6363,6291,6786,6570,6813,6642,6435,6768,6498,6471,6804,6651,6579,6561,6777,6588,6390,6624,6444,6795,6219,6714,6822,
Shot 62:6840,
Shot 63:6876,6849,6867,6858,6885,
Shot 64:6984,7263,7326,7227,7200,7317,7335,7047,6921,7092,7272,7254,7299,7191,7245,6975,7290,6939,7281,6966,7083,7308,7137,6957,6903,7173,7209,7065,7218,7038,7146,7029,6894,7002,
Shot 65:7344,7362,7353,7380,7371,
Shot 66:7506,7524,7515,7497,
Shot 67:7551,7533,7605,7623,7641,7587,7632,7596,7578,7569,
Shot 68:7668,7650,7686,
Shot 69:7704,7695,7722,7713,
Shot 70:7731,
Shot 71:7740,
Shot 72:7749,
Shot 73:7758,
Shot 74:7767,7776,
Shot 75:7794,7803,7785,
Shot 76:7830,7812,7821,
Shot 77:7947,8595,8487,8640,8406,8469,8352,8604,8442,8523,8451,8226,8496,8478,8415,8622,8127,8514,8568,8631,8532,8559,8550,8037,8424,8586,8658,8199,8271,7929,8154,8064,7974,7938,
Shot 78:8757,8676,8865,8730,8829,8892,8838,8685,8703,8721,
Shot 79:8910,9036,8991,9045,9027,9009,8964,9018,8919,9081,8937,9063,8901,
Shot 80:9090,
