Shot 0:360,9,198,477,153,270,459,468,351,
Shot 1:621,486,540,513,558,585,495,567,504,549,522,603,531,594,648,639,612,630,666,
Shot 2:909,999,963,981,990,765,837,873,936,1008,729,954,927,855,747,702,918,
Shot 3:1080,1017,1035,1026,1053,1071,1098,1089,
Shot 4:1737,1890,1215,1341,1836,1566,1143,1809,1683,1323,1611,1854,1764,1107,1539,1872,1656,1305,1926,1791,1755,1260,1170,1233,1332,1881,1665,1188,1746,1359,1197,1719,
Shot 5:2142,1962,2007,2178,2079,2043,1989,2160,2025,2124,2070,2052,1971,2151,2115,1998,2097,2133,2169,
Shot 6:2187,
Shot 7:2214,2196,2205,2223,
Shot 8:2241,2232,2250,
Shot 9:2322,2277,2259,2268,2385,2421,2295,2358,2340,2331,2403,2304,
Shot 10:2457,2430,2475,2439,2466,
Shot 11:2511,2484,2493,2556,2502,2529,2520,
Shot 12:2853,2745,2835,2817,2844,2862,
Shot 13:3276,4050,2880,3852,2889,3645,3996,4068,2907,3906,4032,3528,3762,3699,2871,3942,4059,2943,3447,3564,3888,3924,3600,3474,3807,2925,4023,2952,3969,3546,4014,3618,3726,3213,3987,3429,3582,3672,2970,2898,3402,3159,2934,3780,3366,3042,3177,3843,3879,3501,3231,3060,2997,3339,3195,3384,3105,3249,3303,3123,3087,3141,3024,
Shot 14:4113,4086,4104,
Shot 15:4140,4158,4131,
Shot 16:4329,4590,4185,4653,4473,4617,4509,4644,4545,4455,4527,4581,4203,4257,4464,4599,4410,4302,4482,4437,4626,4230,4293,4518,4167,4563,4311,4608,4383,4500,4491,4419,4347,4446,4194,4401,4365,4248,4635,4212,4275,4428,4221,4374,4320,4284,4266,4554,4239,
Shot 17:4680,4671,4662,4689,
Shot 18:4716,4698,4707,4725,
Shot 19:4734,
Shot 20:4743,
Shot 21:4752,
Shot 22:4761,
Shot 23:4770,
Shot 24:4779,
Shot 25:4788,
Shot 26:4797,
Shot 27:4806,
Shot 28:4815,4824,
Shot 29:4833,4932,
Shot 30:6228,5031,5382,5112,5526,5364,5670,5445,5967,5580,5823,5778,5409,5760,6264,6192,5796,5616,5292,6174,6057,5886,6147,5985,5922,5013,6210,6282,6246,6111,
Shot 31:6300,6309,
Shot 32:6318,6327,
Shot 33:6984,7056,6741,7038,6795,6885,6777,6336,6489,7011,7029,6354,6840,6804,6390,6714,6462,6561,6966,6957,
Shot 34:7074,7092,
Shot 35:7101,7110,
Shot 36:7119,
Shot 37:7128,
Shot 38:7200,7137,7317,7308,7164,7155,7299,7173,7236,7182,7272,7218,
Shot 39:7515,7596,7578,7326,7461,7362,7569,7542,7434,7560,7335,7587,
Shot 40:7686,
Shot 41:8352,7695,7704,8370,7713,
