Shot 0:81,117,27,45,108,36,9,99,63,
Shot 1:126,
Shot 2:180,
Shot 3:189,
Shot 4:216,198,207,225,
Shot 5:306,711,837,567,630,477,243,594,351,234,648,576,549,612,441,252,531,810,585,729,747,297,279,360,828,792,639,666,288,315,
Shot 6:846,
Shot 7:909,1098,1008,864,882,900,1044,891,1017,918,
Shot 8:1854,1737,1125,1701,1512,1413,1656,1665,1638,1215,1746,1755,1323,1260,1611,1386,1728,1773,1917,1152,1107,1764,1467,1782,1233,1359,1899,1863,1584,1116,1890,1224,
Shot 9:2196,2385,2556,2529,2493,2340,2538,2133,2169,2304,2232,2358,
Shot 10:2565,
Shot 11:3204,2763,2583,2853,3447,2619,3042,2799,2835,2574,2862,3366,3213,
Shot 12:3456,
Shot 13:3465,
Shot 14:3474,
Shot 15:3528,3483,3582,3771,3492,3924,3555,3825,3510,
Shot 16:4221,4545,4437,4743,4302,4689,4077,4383,4572,4113,4464,4059,4410,4293,4725,4095,3969,4194,4644,4482,4374,4068,4203,4329,4590,4212,4365,
Shot 17:4752,
Shot 18:4761,4770,
Shot 19:4779,
Shot 20:4824,4959,4968,4950,4788,4977,4842,4806,
Shot 21:5031,
Shot 22:5598,5715,5373,5058,5238,5634,5409,5436,5706,5697,5733,5391,5067,5355,5382,5463,5571,5616,5544,5445,
Shot 23:5751,5778,5742,5787,5760,
Shot 24:6651,5832,6201,6678,6570,6156,6480,6606,6498,6426,6525,6291,6615,6552,6183,6597,6543,6048,5868,5796,6102,6633,6138,6669,
Shot 25:7137,7029,7083,7218,6948,7101,7056,7200,7146,7173,6993,7011,7155,7209,7092,7191,7110,7047,7182,
Shot 26:7497,7686,7650,7326,7299,7362,7335,7308,7668,7443,7677,7290,7704,7272,7695,7623,7659,7245,7461,7479,7263,7470,7254,7515,7452,7542,7605,
Shot 27:7803,7713,7731,7839,7722,7740,7794,7812,
Shot 28:7938,8001,7857,7974,7884,7983,7875,7866,7920,7992,7956,7929,
Shot 29:8010,8019,
Shot 30:8037,8154,8127,8100,8136,8091,8055,8145,8082,8064,8109,8046,8028,
Shot 31:8379,8523,8163,8190,8442,8244,8469,8802,8253,8280,8514,8820,8460,8550,8262,8298,8352,8487,8577,8451,8496,8181,8649,8334,8208,8604,8316,8775,8586,8397,8361,8415,8730,8199,8226,8505,8289,8433,8271,8559,8388,8172,8217,8793,8532,8370,8424,
Shot 32:8946,9045,9036,8883,9018,9027,8901,9009,8973,8937,8910,8955,
Shot 33:9054,
Shot 34:9063,9081,9072,
Shot 35:9153,9117,9270,9126,9099,9135,9234,9090,9171,9252,9261,9162,9144,
Shot 36:9558,9432,9648,9486,9792,9306,9621,9441,9810,9738,9459,9324,9657,9675,9666,9693,9477,9396,9774,9495,9288,9684,9342,9711,9783,9639,9603,9756,9720,9747,9630,9504,9765,9549,9594,
Shot 37:9819,
Shot 38:10089,9927,9846,9828,9837,9873,9855,9864,9999,10008,10116,
Shot 39:10260,10368,10296,10359,10233,10287,10161,10314,10188,10341,
Shot 40:10377,10386,10413,
Shot 41:10494,10440,10512,10449,10503,10521,10485,
Shot 42:10584,10539,10602,10665,10557,10566,10575,10629,
Shot 43:11007,11016,11088,10782,10917,11025,10872,10728,11043,10854,10926,11070,10791,10944,10962,10989,
Shot 44:11160,
Shot 45:11169,
