Shot 0:603,891,909,9,351,783,531,774,99,45,927,747,369,234,513,126,396,846,810,360,828,792,414,594,
Shot 1:1089,1125,999,1008,1116,1035,1080,1017,1107,1062,
Shot 2:1179,1296,1197,1242,1314,1206,1278,1233,1305,1170,1287,1188,1269,1224,
Shot 3:1359,1413,1341,1350,1377,1368,1332,
Shot 4:1494,
Shot 5:1548,
Shot 6:1593,1584,1611,
Shot 7:1710,1737,1728,1620,1719,1692,
Shot 8:1746,1755,
Shot 9:1782,1944,1818,1890,1863,1827,1872,1845,1935,1764,1809,1800,1791,1926,
Shot 10:1971,1953,1962,1980,
Shot 11:1989,
Shot 12:1998,
Shot 13:2007,
Shot 14:2016,
Shot 15:2025,
Shot 16:2061,2421,2367,2178,2169,2223,2034,2214,2124,2097,2205,2052,2079,2376,2142,2070,
Shot 17:2430,
Shot 18:2439,
Shot 19:2448,2475,2466,2457,
Shot 20:2583,2682,2484,2646,2538,2493,2592,2637,2655,2574,
Shot 21:2727,2799,2763,2754,2772,2745,2790,2781,2736,2691,
Shot 22:2853,2997,2808,2817,2988,2934,2961,2826,2943,2907,2970,2835,2871,
Shot 23:3015,3033,3060,3051,3042,3006,3024,
Shot 24:3087,3069,3078,3105,
Shot 25:3501,4167,3168,3123,4086,4077,3978,3636,3654,3663,4113,4095,3222,4131,3258,3672,3150,3726,3816,3375,4149,3708,3546,3645,3483,3717,4050,3186,3681,3267,3762,3285,3321,3843,3870,3735,3402,3798,4104,3699,3528,3915,3591,3771,3807,3933,
Shot 26:4194,4212,4185,4176,4203,
Shot 27:4221,
Shot 28:4230,4239,4248,
Shot 29:4464,4770,4671,4284,4563,4374,4293,4257,4401,4455,4509,4383,4302,4815,4599,4833,4752,4626,4797,4419,4572,4725,
Shot 30:4932,4950,4869,4941,4968,4959,4914,
Shot 31:5067,5130,5094,5139,5157,5031,5049,5058,
Shot 32:5463,5886,5220,5337,5724,5715,5751,5607,5688,5229,5769,5859,5643,5355,5841,5166,5409,5373,5436,
Shot 33:5949,5904,5922,5931,5967,5958,
Shot 34:5976,
Shot 35:6003,6120,6111,6102,6075,6039,6030,5985,
Shot 36:6147,6129,6138,6156,
Shot 37:6183,6165,6174,6192,
Shot 38:6273,6417,6354,6282,6300,6381,6237,6210,6246,
