Shot 0:846,963,792,990,9,
Shot 1:1260,
Shot 2:1989,1476,1341,2007,1926,
Shot 3:2106,2115,
Shot 4:2709,2151,2520,2565,2673,2547,3051,2889,2619,2682,2853,
Shot 5:3069,
Shot 6:3159,3717,4239,4122,3951,4167,4149,3996,4131,4194,3501,4158,4185,3231,3933,4140,3654,3186,3618,3924,3474,3132,3303,3177,3960,3222,4203,3213,3690,3510,3204,3564,3195,3645,4086,
Shot 7:4248,4284,
Shot 8:4833,4653,4698,4788,4617,4950,4779,4707,4941,4635,4824,
Shot 9:4968,
Shot 10:5346,5112,5085,5166,5211,5337,5364,
Shot 11:5967,5949,5976,5958,
Shot 12:6012,5985,6156,6165,5994,6003,6030,
Shot 13:6489,6210,6390,6363,6345,6453,6570,6543,6525,6471,
