Shot 0:153,54,9,81,108,45,18,63,207,171,
Shot 1:279,621,486,441,270,252,216,288,414,297,
Shot 2:792,747,693,1053,648,1017,918,855,666,1044,
Shot 3:1062,1152,
Shot 4:1341,1377,1368,1242,1440,1323,
Shot 5:1449,1566,1530,
Shot 6:1863,1935,1926,1818,1791,1908,1611,1827,
Shot 7:1989,2079,1944,2124,2106,2115,2061,1971,2007,1953,1962,1998,1980,
Shot 8:2151,2133,2169,2160,2142,
Shot 9:2223,2196,2178,2205,2187,2214,2241,
Shot 10:2259,
Shot 11:2340,2430,2376,
Shot 12:2565,2583,
Shot 13:2700,2691,2682,2718,
Shot 14:2763,2862,2988,2790,2745,2817,2844,2754,2727,2772,
Shot 15:3213,3267,3177,3204,
Shot 16:3384,3285,3357,3420,
Shot 17:3501,3600,3609,3591,3573,3546,3447,
Shot 18:3672,3627,3618,3663,3681,
Shot 19:3717,3690,3915,3699,3942,3771,3708,3735,
Shot 20:4059,3996,4014,3978,4032,4077,4068,
