Shot 0:9,
Shot 1:135,189,90,225,117,171,207,108,180,144,126,99,162,
Shot 2:234,
Shot 3:333,324,342,
Shot 4:567,432,495,531,594,558,540,468,576,603,504,486,
Shot 5:621,
Shot 6:1089,1107,945,846,891,981,1008,918,810,954,792,873,999,963,828,819,972,774,1179,1098,1026,990,639,837,756,1062,855,1071,1134,1017,
Shot 7:1602,1764,1719,1755,1224,1323,1539,1305,1557,1665,1566,1746,1512,1737,1260,1674,1404,1575,
Shot 8:1773,1782,
Shot 9:1800,1809,1791,
Shot 10:1863,1845,1917,1818,1899,1872,1890,1908,1854,
Shot 11:2259,2151,2142,2232,1971,2052,2457,2367,2043,1926,2007,2133,1989,2349,2268,2313,
Shot 12:2484,
Shot 13:2664,2718,2583,2691,2700,2637,2628,2709,2610,2646,2673,
Shot 14:2727,2736,
Shot 15:2745,2754,
Shot 16:2790,2772,2763,2781,2799,
Shot 17:2808,2835,
Shot 18:2880,3051,
Shot 19:3339,3096,3213,
