Shot 0:9,
Shot 1:126,252,
Shot 2:486,
Shot 3:729,495,621,675,846,
Shot 4:900,
Shot 5:1017,1161,1107,1089,1143,1080,1044,
Shot 6:1314,1341,1251,1224,1197,1323,1269,1287,
Shot 7:1377,1647,1638,1368,1602,1539,1611,1629,1359,1431,1350,
Shot 8:1674,1656,1719,1665,1701,1692,
Shot 9:2007,2025,1872,2043,2016,2034,1845,1809,1863,1854,1890,1881,1728,1980,1962,1791,
Shot 10:2097,2061,2088,2106,
Shot 11:2178,2133,2115,2196,2124,2214,2205,2160,2187,2142,
Shot 12:2223,2232,
Shot 13:2250,2268,2241,2259,
Shot 14:2331,2286,2304,2340,2295,2313,
Shot 15:2448,2349,2367,2394,2466,2385,2358,2412,2376,2403,2457,
Shot 16:2583,2601,2673,2592,2628,2520,2610,2493,2475,2502,2655,2646,2547,2565,2574,2556,2637,2664,
Shot 17:2682,2700,
Shot 18:2709,
Shot 19:2718,2736,
Shot 20:2745,
Shot 21:2880,3123,3060,3051,3114,3096,2781,3078,3087,2754,2817,2970,2997,2853,
Shot 22:3132,
Shot 23:3195,3159,3141,3168,3150,3186,3177,
Shot 24:3375,3429,3339,3312,3321,3213,3393,3420,3348,
Shot 25:3573,3501,3474,3663,3483,3492,3465,3447,3699,3591,3456,3438,3636,3672,3609,3510,3618,3582,3537,3564,3627,
Shot 26:3708,3717,
Shot 27:3744,3726,3762,
Shot 28:3789,3852,4284,3987,4527,4059,3888,3771,4212,3807,4077,4005,4041,4167,4239,4302,3915,4122,4401,4356,4536,4113,4176,3780,4410,
Shot 29:4599,4644,4653,4662,
Shot 30:4716,4797,4770,4788,4779,4725,4698,4680,
Shot 31:4806,4815,4824,
Shot 32:5085,4869,4905,4986,5094,4968,4932,4914,5058,4950,4977,4860,4995,5040,5067,5076,4923,5031,4959,5049,4842,
Shot 33:5121,5112,5103,
Shot 34:5157,5175,5166,5139,5130,5148,
Shot 35:5184,
Shot 36:5193,5274,5238,5283,5265,5220,5247,
Shot 37:5337,5319,5292,5355,
Shot 38:5364,5373,
Shot 39:5463,5382,5391,5454,5499,5445,5427,5400,5481,
Shot 40:5535,5508,5526,5517,5661,5652,5580,5625,5607,5553,
Shot 41:6534,6480,6165,6057,6246,6471,5787,6678,6444,5859,6264,6066,5724,6462,6696,6228,6039,6741,5688,6426,6174,6111,6606,6318,6804,6723,6075,6327,5805,6732,5823,6795,5751,5985,6642,6750,6687,6435,5877,6840,6012,5958,5697,6093,5913,6345,6399,6552,6516,6183,5931,
Shot 42:6867,
Shot 43:6876,
Shot 44:7083,6894,6939,6993,7029,6984,6903,7092,7056,7074,
Shot 45:7128,
Shot 46:7146,7155,
Shot 47:7182,
Shot 48:7200,7209,
Shot 49:7218,
Shot 50:7668,7677,7686,
Shot 51:7695,
Shot 52:7704,
