Shot 0:9,
Shot 1:81,108,72,99,
Shot 2:243,369,117,135,378,207,306,225,126,288,261,234,
Shot 3:387,
Shot 4:396,
Shot 5:414,405,423,
Shot 6:720,468,855,504,441,792,549,648,900,819,513,612,459,927,666,531,774,693,747,639,873,522,729,711,891,702,630,
Shot 7:1773,1125,2277,1917,963,2151,2349,1899,2313,1089,2367,1971,1179,1881,2232,2358,1953,1287,1638,2295,2097,2187,1233,1854,2133,1134,1143,2223,1647,1998,999,1422,2268,1080,2340,1215,1503,1386,2052,981,1818,2214,2079,1575,2250,1152,1269,1719,1836,1377,1404,1449,1791,1611,1539,1827,1557,
Shot 8:2439,2637,2376,2529,2709,2403,2610,2574,2682,2484,2511,2421,2601,2412,2385,2457,2430,2727,2718,2448,2493,2394,2691,
Shot 9:2763,2736,2781,2772,2754,
Shot 10:2880,2817,2916,2808,2907,2790,2835,2844,2871,2853,2862,2799,2889,
Shot 11:2925,2934,
Shot 12:3015,3051,2988,2979,3024,3033,2970,3006,2961,3042,2997,2943,2952,
Shot 13:3060,3087,3078,3069,
Shot 14:3312,3159,3258,3366,3186,3177,3204,3105,3321,3222,3348,3195,3123,3240,3339,3168,3303,3132,3096,3213,3330,3375,
Shot 15:3393,3411,3402,3384,
Shot 16:3564,3519,3501,3438,3510,3420,3456,3627,3528,3609,3447,3636,3474,3654,3429,3600,3546,3618,3465,3582,3555,
Shot 17:3681,3852,3888,3879,3789,3870,3825,3744,3834,3762,3816,3735,3861,3699,3717,3726,3672,3807,3690,3708,3771,3843,
Shot 18:3942,3897,3906,3915,3924,3951,3933,
Shot 19:3969,3978,3960,
Shot 20:4122,4023,4041,4212,4068,3987,4050,4086,4158,4005,4131,4032,4239,4014,4059,4113,3996,4194,4077,4140,4104,4230,4167,4095,4203,
Shot 21:4248,4257,
Shot 22:4275,4311,4293,4302,4320,4284,4266,
Shot 23:4338,4347,
Shot 24:4428,4473,4383,4365,4401,4500,4356,4455,4410,4464,4437,4509,4446,4374,4392,4482,4419,
Shot 25:4626,4680,4653,4518,4563,4644,4662,4554,4527,4572,4536,4599,4689,4635,4671,4545,4608,4581,4590,4617,
Shot 26:4770,4743,4833,4725,4707,4824,4716,4752,4806,4698,4788,4779,
Shot 27:4842,
Shot 28:4851,
Shot 29:4860,
Shot 30:4869,
Shot 31:4878,
Shot 32:4887,
Shot 33:4896,
Shot 34:4977,4914,4923,5022,5004,4905,4959,4995,4932,4950,5013,4986,4968,
Shot 35:5031,
Shot 36:5058,5040,5049,
Shot 37:5067,
Shot 38:5265,5103,5319,5166,5148,5121,5364,5157,5193,5085,5076,5301,5175,5094,5130,5112,5283,5211,5184,5373,5229,5139,5337,5310,5247,5328,5355,
Shot 39:5850,5382,5517,6246,5571,5499,6228,6264,5481,6165,5535,6201,6093,5643,6219,5490,6156,6129,5544,6183,5706,6030,5553,5526,5985,5508,5427,5598,5562,
Shot 40:6381,6363,6300,6399,6318,6390,
Shot 41:6480,6435,6408,6417,6444,6462,6507,6426,6489,6471,6498,6453,
Shot 42:6660,6561,6516,6624,6534,6579,6543,6633,6552,6570,6642,6678,6615,6651,
Shot 43:6687,
Shot 44:6714,6723,6705,
Shot 45:7074,6822,6903,6984,6768,7011,6885,6930,7209,
Shot 46:7218,
Shot 47:7227,
