Shot 0:9,
Shot 1:45,
Shot 2:54,
Shot 3:297,468,441,306,495,378,81,540,459,234,342,351,360,396,279,
Shot 4:549,585,
Shot 5:675,1089,693,801,756,1008,657,891,702,711,594,765,864,648,828,945,630,1071,666,1035,1044,720,684,
Shot 6:1107,1134,
Shot 7:1224,1188,1233,1170,
Shot 8:1611,1647,1530,1476,1422,1431,1296,1359,1512,1368,1413,1287,1440,1638,1377,1278,1521,1332,1503,1674,1620,
Shot 9:1764,1701,1737,
Shot 10:1782,1791,
Shot 11:1881,1818,1944,1827,1935,1908,
Shot 12:2160,2556,2484,2619,2277,2709,2007,2223,2241,2475,2547,2655,2088,2043,2574,2367,2358,2025,2466,2061,2610,2700,2520,2133,2187,2151,1953,2295,2502,2583,2205,
Shot 13:2718,2727,2736,
Shot 14:3105,3924,3573,3501,2898,2772,3078,3672,4158,3258,3618,3852,3420,3339,2862,2808,3042,3915,3798,3384,3816,2745,3645,3168,3213,2763,3771,2790,3177,3888,3861,2844,3150,3303,3681,4104,3717,3609,3492,3726,2871,3060,4059,3636,2835,3438,2988,2997,3834,3114,3069,3123,2925,3654,3357,3141,2880,2952,2781,3132,2934,3519,3276,3195,3321,3186,3159,3870,3537,4077,3753,
