Shot 0:189,
Shot 1:198,207,
Shot 2:234,252,216,225,243,
Shot 3:261,270,
Shot 4:342,315,441,468,279,324,306,450,333,378,
Shot 5:540,693,477,684,621,657,639,675,531,486,
Shot 6:819,765,864,720,756,837,747,792,855,738,801,783,702,828,810,
Shot 7:873,
Shot 8:882,
Shot 9:954,891,909,963,927,936,
Shot 10:1143,999,972,1017,1179,1080,1188,990,1170,1206,1089,
Shot 11:1242,1251,1296,1269,1215,1278,1287,1233,
Shot 12:1305,1314,
Shot 13:1377,1323,1368,1350,1341,1359,1386,1332,
Shot 14:1395,
Shot 15:1404,1413,
Shot 16:1458,1422,1431,1440,1485,1476,1449,
Shot 17:1557,1566,1575,1512,
Shot 18:1845,1692,1656,1602,1962,1683,1899,1998,1584,1746,1620,1989,1701,1944,1593,1827,1980,1890,1782,1791,1674,1935,1755,1818,1872,1737,1926,1629,1809,1971,1863,
Shot 19:2016,2007,2025,
Shot 20:2538,2484,2088,2502,2052,2376,2475,2493,2286,2259,2412,2466,2106,2430,2061,2619,2574,2097,2304,2511,2079,2691,2178,2628,2205,2556,2610,2034,2646,2331,2601,2250,2673,2448,2583,2385,2187,2565,2313,
Shot 21:2754,2718,2736,2709,2727,2745,2772,
Shot 22:2835,2916,2853,2961,2817,2808,2781,2952,2925,2826,
Shot 23:2988,3078,3033,3069,3015,2970,
Shot 24:3087,
Shot 25:3096,3105,
Shot 26:3114,
Shot 27:3150,3159,
Shot 28:3240,3168,3222,3249,
Shot 29:3258,
Shot 30:3285,3276,3294,3267,
Shot 31:3348,3312,3375,3339,
Shot 32:3537,3402,3384,3636,3501,3492,3627,3393,3483,3474,3510,3600,3591,3465,3411,3573,
Shot 33:3681,3717,3672,3645,
Shot 34:3726,3735,
Shot 35:3780,3807,3744,3789,
Shot 36:3816,3825,
Shot 37:3870,3915,3834,3852,3897,3843,3879,
Shot 38:4041,3960,4050,
Shot 39:4059,
Shot 40:4257,4086,4203,4149,4194,4068,4239,4077,4104,4275,4248,4266,
Shot 41:4284,4293,
Shot 42:4374,4302,4419,4338,4500,4392,4536,4356,4401,4437,4383,4410,4527,
Shot 43:4545,4563,
Shot 44:4590,4581,4599,4572,
Shot 45:4716,4788,4743,4644,4608,4770,4779,4653,4617,4626,4707,4725,
Shot 46:4806,
Shot 47:4950,5220,5706,6057,6156,5571,5283,5202,6219,5697,5715,6030,5382,6192,5310,5211,5580,6075,6165,6012,6129,5337,6210,5265,5328,5544,6066,5229,4923,6120,5013,
Shot 48:7065,6930,6741,6885,6264,6822,6651,6534,6894,6984,6849,6903,6363,6570,6768,6291,6939,6552,
Shot 49:7299,7101,7227,7389,7092,7272,7137,7371,7200,7254,7218,7380,7281,7173,7353,7110,
Shot 50:7425,
Shot 51:7542,7668,7632,7614,7587,7641,7605,7623,7650,7560,7578,7686,7533,
Shot 52:7749,7695,7713,7758,7740,
Shot 53:7767,7794,7803,7785,7776,
Shot 54:7821,7812,7848,
Shot 55:7893,7992,7947,7974,8028,8055,7983,8073,7884,
Shot 56:8091,8127,8118,
Shot 57:8136,8145,
Shot 58:8163,8208,8226,8271,8253,8217,8235,8262,8280,8244,8190,8154,
Shot 59:8325,8298,8307,8316,
Shot 60:8334,
Shot 61:8352,8370,8388,8379,8343,
Shot 62:8397,8406,
Shot 63:8415,
