Shot 0:162,54,126,108,45,171,
Shot 1:1377,900,1422,297,252,918,756,828,1080,810,351,558,864,1215,450,1089,261,1107,702,954,486,279,315,549,909,342,738,1044,1116,1440,1404,432,846,774,648,495,441,459,396,729,477,1323,414,666,711,1179,1431,837,324,882,234,198,801,657,1278,639,1314,216,333,1359,270,513,1413,225,1224,1350,531,504,1017,
Shot 2:1512,1467,1449,1485,1494,1530,1476,1458,1503,1521,
Shot 3:1539,
Shot 4:1557,1548,1566,
Shot 5:1575,
Shot 6:1629,1584,1593,1638,1611,1602,1620,
Shot 7:1692,1665,1710,1674,
Shot 8:1737,
Shot 9:1800,1926,1908,1872,1944,1962,1827,1917,1935,1836,1791,1755,1809,1746,1773,1782,1863,
Shot 10:2016,
Shot 11:2727,3141,2385,2664,2781,3078,2187,2511,2448,2106,2043,2592,2853,2277,2997,2547,2484,2907,2799,2961,2349,2763,3105,2682,2223,2259,3015,2529,2205,2835,2412,3123,2898,2979,2133,3087,2214,2745,2943,2817,2169,3060,2880,2709,2862,2367,2115,2457,2403,2358,2025,
Shot 12:3150,
Shot 13:3159,
Shot 14:3222,3393,3168,3303,3366,3186,3420,3348,3195,3375,3384,3402,3204,3312,3339,3357,3411,3285,3213,3240,
Shot 15:3438,3456,3447,3429,
Shot 16:3645,3501,3564,3474,3555,3537,3600,3582,3465,3609,3591,3627,3654,3636,3573,3519,3492,
Shot 17:3690,3663,3708,3672,3681,3699,
Shot 18:3717,3726,
Shot 19:3735,
Shot 20:3744,
Shot 21:4329,4104,4050,4176,3807,4239,3753,4122,4059,4185,4203,3762,4365,3888,4230,4275,4212,4293,4113,4320,4356,4194,4338,
Shot 22:4401,4374,4428,4392,4437,4383,4410,
Shot 23:4446,4455,
Shot 24:4464,
Shot 25:4473,
Shot 26:4491,
Shot 27:4500,
Shot 28:4509,
Shot 29:4698,4527,4707,4653,4554,4599,4644,4626,4734,4716,4662,4581,4725,4608,4671,4572,4680,4743,4689,4563,
Shot 30:4797,4752,4770,4779,4761,4806,4815,4788,
Shot 31:4824,4833,
Shot 32:4950,4896,4905,4851,4869,4887,4914,4968,4842,4941,4878,
Shot 33:4977,
Shot 34:5391,4995,5796,5724,5940,5751,5850,5706,5058,5958,5679,5040,5859,5094,5004,5112,5121,5022,5049,5499,5139,5130,5544,5571,5526,5157,5607,4986,5364,5661,5202,5427,5346,5175,5400,5409,
Shot 35:5967,
Shot 36:5976,
Shot 37:5985,6093,6039,6084,5994,
Shot 38:6129,6111,6138,6165,6156,6120,6174,6147,
Shot 39:6192,6183,6237,6219,6201,6228,
Shot 40:6282,6255,6264,6273,6291,
Shot 41:6354,6300,6363,6309,
Shot 42:6372,
Shot 43:6381,
Shot 44:6390,
Shot 45:6444,6408,6399,6498,6462,6480,6489,6426,6471,6435,
Shot 46:6579,6570,6543,6552,6525,6561,
Shot 47:6588,
Shot 48:6597,
Shot 49:6642,6606,6624,6615,6633,
Shot 50:6696,6741,6651,6669,6660,6714,6723,6687,6705,6750,6678,
Shot 51:6786,6831,6813,6876,6804,6840,6867,6849,6768,6759,6858,6777,6822,
Shot 52:6885,
Shot 53:6912,6903,6894,
Shot 54:6930,6939,6921,
Shot 55:6984,6957,7011,6948,6993,7002,7020,6975,6966,
Shot 56:7029,
Shot 57:7038,
Shot 58:7047,
Shot 59:7065,7092,7083,7074,7056,
Shot 60:7146,7497,7650,7272,7623,7380,7542,7605,7587,7227,7308,7416,7452,7236,7191,7128,7506,7101,7290,7569,7641,7209,7614,7398,7245,7632,7119,
Shot 61:7668,7704,7731,7659,7677,
Shot 62:7839,7812,7866,7785,7902,7803,7821,7929,7884,7794,7920,7848,
Shot 63:8325,9144,8127,8028,7947,8145,8109,8253,9135,8271,8235,8847,7956,8100,8685,9117,8397,8289,8856,9081,8406,8343,
