Shot 0:9,
Shot 1:126,
Shot 2:522,711,693,630,702,666,639,405,612,621,549,648,423,657,414,576,432,585,558,441,495,486,504,477,531,567,594,459,603,513,540,450,468,
Shot 3:720,729,
Shot 4:765,747,756,774,783,738,792,
Shot 5:801,
Shot 6:828,810,837,819,
Shot 7:846,
Shot 8:855,864,
Shot 9:873,909,900,891,882,
Shot 10:927,936,918,
Shot 11:945,954,
Shot 12:981,972,963,
Shot 13:1008,990,1044,1035,1026,999,
Shot 14:1053,
Shot 15:1071,1089,1116,1098,1161,1080,1179,1062,
Shot 16:1197,
Shot 17:1593,1557,1260,1476,1449,1503,2412,1782,1332,1710,
Shot 18:2628,
Shot 19:2988,3807,3753,3411,4230,4194,4149,3492,3465,4176,4104,3294,4221,3852,3942,3456,4167,3780,4131,4122,3483,3924,3789,4212,3762,3771,3474,3069,4185,3510,2925,3087,4140,3501,3015,2889,3834,3996,3312,2970,4014,3384,3951,3402,3267,3249,
Shot 20:4437,4419,4239,4320,4347,4266,4374,4329,4338,4257,4356,4401,4410,4293,4248,4392,4473,4383,4365,4428,4311,4275,4284,4464,4446,
Shot 21:4482,
Shot 22:4491,4527,4545,4572,4518,4563,4554,4536,4509,4500,
Shot 23:4590,
Shot 24:4644,4662,4626,4653,4617,
Shot 25:4680,4689,4698,4671,
Shot 26:4707,4725,
Shot 27:4734,4752,4743,
Shot 28:4869,5067,4770,4761,4923,4932,4896,5013,4878,
Shot 29:5166,5139,5499,5112,5175,5184,5148,
Shot 30:5544,5634,5616,5625,5598,5643,
Shot 31:5706,5778,5796,5751,
Shot 32:6471,6408,6003,6345,5877,6426,6372,6264,6363,6327,6147,6381,6219,6417,6399,6390,6642,6678,6075,
Shot 33:6705,
