Shot 0:9,207,
Shot 1:468,
Shot 2:945,1134,792,612,1017,1125,972,1107,648,513,918,963,1116,936,
Shot 3:2691,1251,2178,3213,3339,2079,1710,3447,1440,2934,3915,1800,2808,1161,3771,1233,3087,2070,1602,3402,3825,3069,3735,2547,3780,1773,1314,1521,3528,2979,3060,1422,3474,1971,3933,3672,3600,2916,2304,1656,3861,3348,1458,3078,1296,3618,1683,3906,1737,1476,1881,1629,1341,1467,3492,1575,1566,2925,1404,1224,1449,3312,2763,2997,2754,2781,1242,3042,2844,2772,2745,2664,2619,2727,2799,2961,2637,2709,2682,2898,2718,2628,2736,2610,3708,2700,2826,2673,2880,3924,2142,
Shot 4:3969,3942,3951,3960,3978,
Shot 5:4032,4410,4302,4185,4437,3996,3987,4365,4338,4311,4014,4248,4005,4077,4230,4113,
Shot 6:4509,4608,4563,4500,4464,4617,
Shot 7:4626,4635,
Shot 8:4878,5535,4671,4887,5211,5049,4815,4689,5157,4806,5283,4950,5409,5472,5112,4923,5130,5103,5004,5067,5526,5085,
Shot 9:5571,
Shot 10:5832,5580,5616,5679,5715,5877,5733,5670,5778,5706,5751,5859,5724,5688,5841,5697,5868,5850,
Shot 11:5886,
Shot 12:5895,5913,
