Shot 0:207,9,252,180,
Shot 1:594,
Shot 2:603,
Shot 3:612,621,
Shot 4:666,711,630,639,693,702,648,684,657,
Shot 5:738,783,756,720,774,
Shot 6:864,801,792,1062,819,810,1008,837,882,846,
Shot 7:2619,2529,2241,2547,1818,2628,1503,2583,
Shot 8:3060,3096,2664,2727,3114,2646,3078,3132,2637,3087,2862,3042,3069,2808,
Shot 9:3492,3150,3195,3141,3240,3177,3312,3159,3213,3573,3375,3501,
Shot 10:3636,3591,3618,3672,3654,
Shot 11:3681,3699,3690,
Shot 12:3708,3717,
Shot 13:3726,3753,3735,
Shot 14:3771,3798,3762,
Shot 15:3870,3807,3825,3843,3861,
Shot 16:4077,3915,3888,4104,4005,3969,4041,4095,4050,
Shot 17:4149,4203,4311,4167,4275,4437,4302,4401,4122,4239,4248,4293,4158,4113,4185,
Shot 18:4464,4455,4482,
Shot 19:4536,4509,4554,4527,
Shot 20:4680,4626,4671,4689,
Shot 21:5445,5706,4752,4824,4941,5031,5571,5004,5643,4698,4716,5391,5364,5490,5598,4968,5193,5535,5724,5508,5418,5472,5121,5427,
Shot 22:5751,5742,5787,
Shot 23:5958,6111,5850,6102,6057,5796,5832,5913,5886,5859,5805,5841,5823,
Shot 24:6192,6165,6120,6138,6210,6129,6201,6147,6183,
Shot 25:6768,7110,7254,6228,6480,6615,7209,6651,7047,7092,7146,6714,6975,6831,7191,6777,6642,
Shot 26:8298,7335,7659,7389,8235,7317,8001,7668,7461,7371,7407,7884,8253,7578,8379,8217,8586,8028,7677,7344,8361,7326,8478,7380,7308,8559,8334,8055,8460,8514,8406,8271,7605,7551,8370,8280,8487,8442,
Shot 27:10305,8622,9720,9540,9378,9504,9828,10170,9990,9684,10503,9873,9747,9621,9711,8649,8874,9423,9774,9252,9810,10224,10107,8604,10017,9567,8721,10278,9657,8964,8757,10665,10089,9144,10368,10323,9639,8838,10314,10341,
Shot 28:10908,10827,11052,10791,11007,10953,10881,10899,10809,
