Shot 0:9,
Shot 1:369,
Shot 2:441,432,459,
Shot 3:576,540,504,549,594,567,
Shot 4:720,783,765,747,801,774,729,711,
Shot 5:882,945,927,909,810,864,891,
Shot 6:1035,1116,1161,954,1134,981,1152,1098,999,1080,1170,1107,1017,
Shot 7:1494,1314,1413,1224,1485,1404,1332,1368,1476,1296,1458,1341,1422,1503,
Shot 8:1530,
Shot 9:1710,1629,1539,1584,1692,1701,1719,
Shot 10:1818,1755,2088,1953,2106,2052,2016,2043,2034,2070,1872,1890,1980,1881,1800,1836,
Shot 11:2205,2592,2403,2142,2115,2124,2133,2160,2304,2475,2178,2196,2214,2565,
Shot 12:2709,3141,2889,2808,3087,2664,2610,2934,2646,2790,3096,2916,2655,2628,2745,3204,3123,3222,2898,2799,2880,3060,2772,2988,2673,
Shot 13:3276,3294,3312,3240,3285,
Shot 14:3753,3564,3339,3330,3483,3393,3600,3681,3591,3861,3708,3780,
Shot 15:4023,3897,4122,4068,4005,4050,
Shot 16:4266,4212,4302,4311,4284,4239,4293,4275,4257,4221,
Shot 17:4356,
