Shot 0:72,126,9,144,108,90,45,
Shot 1:153,
Shot 2:180,162,189,171,
Shot 3:306,279,342,288,297,315,
Shot 4:387,657,585,477,405,360,621,531,567,351,369,612,378,396,
Shot 5:2061,1584,1125,2232,1791,1188,1440,1899,1008,2691,1305,828,3051,3591,1080,3510,2088,1926,693,873,2133,1503,2871,1368,2952,1386,1971,1098,1359,1647,3384,3159,2853,945,3141,3222,2403,1026,1836,1053,2007,1746,3150,2934,1215,1341,3582,1377,1908,882,3060,1116,891,2205,2043,2907,1953,2889,1422,2781,1035,1089,2682,2484,738,1494,1575,855,2178,2547,1044,2673,2079,2025,729,2052,846,2070,1170,
Shot 6:3609,3645,3636,3627,
Shot 7:3762,3861,3942,3888,3798,3672,3771,3717,
Shot 8:4023,4059,4041,3996,
Shot 9:4167,4257,4221,4176,4131,
Shot 10:4320,
Shot 11:4473,4482,4491,4410,4437,4428,4464,
Shot 12:4644,
Shot 13:4671,4662,4680,
Shot 14:4707,4725,4689,4716,4698,
Shot 15:4752,4797,4734,4743,4761,
Shot 16:4959,
Shot 17:4968,5049,
Shot 18:5085,
