Shot 0:18,162,90,9,
Shot 1:279,261,270,297,
Shot 2:1116,513,720,549,468,738,864,531,774,324,756,882,1377,1152,558,
Shot 3:1521,1467,1458,1494,1476,1503,1557,1512,
Shot 4:1566,1575,
Shot 5:1665,1683,1656,1674,
Shot 6:1701,1746,1737,
Shot 7:2457,2556,2097,2178,2538,2124,2151,1890,2205,1755,2241,
Shot 8:2601,2637,2574,2664,2682,2619,2592,
Shot 9:3069,3141,3303,3285,2691,3294,3258,3312,2835,2898,3105,3195,2988,
Shot 10:3393,3411,
Shot 11:4518,5868,5445,3573,5274,3429,4509,5355,4752,4356,4464,4563,5877,4482,4437,5004,4455,4572,4500,5607,4590,3555,5643,4536,3600,
Shot 12:5904,5886,5931,
