Shot 0:27,126,108,207,99,198,81,117,9,144,135,189,18,90,36,
Shot 1:621,288,945,918,684,738,720,468,810,1026,990,855,594,558,819,567,216,279,792,504,612,333,
Shot 2:1440,1170,1089,1368,1413,1062,1683,
Shot 3:1782,1818,1809,1764,1827,1791,
Shot 4:1854,1845,1836,1872,1863,
Shot 5:1881,
Shot 6:1971,1989,1980,1962,
Shot 7:2124,2025,2286,2016,2052,1998,2043,2034,2223,2277,2061,
Shot 8:2385,2421,2493,2592,2403,2610,2313,2394,
Shot 9:2673,3690,3204,3159,3582,3708,3609,2628,3519,3564,2925,3177,3591,3663,3573,2988,3141,3384,2682,2664,
Shot 10:3798,3717,3726,3735,3789,3753,3807,
Shot 11:3870,3834,3996,
Shot 12:4005,
