Shot 0:252,720,675,459,594,513,378,693,648,351,495,540,423,153,468,711,684,9,531,621,333,396,306,207,558,702,
Shot 1:774,
Shot 2:846,
Shot 3:1647,2349,1458,1368,1557,2088,1395,2187,1872,2241,1818,1341,2151,1305,1917,1836,1440,1899,1530,1953,1386,1890,2259,2124,2232,1827,1629,2097,2223,2322,1665,2142,2160,2277,2268,1656,
Shot 4:2367,2376,2358,
Shot 5:2601,2385,2412,2898,2574,2529,2394,2772,2466,2430,2592,2583,2610,
Shot 6:3177,3276,3024,3141,3447,3159,
Shot 7:3456,3465,
Shot 8:3564,3510,3483,3726,3474,3699,3501,3492,3537,3717,3519,3528,3600,3546,3582,3636,3555,
Shot 9:3834,3753,4284,4428,4374,3735,4302,4275,4410,4356,4266,3969,4023,4419,3987,3933,3789,
Shot 10:4518,4437,4509,4527,
