Shot 0:9,
Shot 1:216,243,297,
Shot 2:315,
Shot 3:486,
Shot 4:522,558,576,567,540,585,549,531,513,
Shot 5:621,648,729,639,594,
Shot 6:999,1233,1188,1107,1215,1170,792,1224,1179,1197,1206,945,963,1053,1242,1071,1026,846,
Shot 7:1269,1368,1350,1260,
Shot 8:1395,1377,1386,1404,
Shot 9:1413,1422,
Shot 10:1449,1584,1467,1431,1548,1440,1458,
Shot 11:1908,1611,1638,1773,1818,1899,1854,1917,
Shot 12:1980,
Shot 13:2961,4653,3762,2178,3150,2043,2565,3537,4419,3285,2691,4068,3411,2880,3006,
Shot 14:5805,5058,4995,5535,5094,5121,5346,5679,5157,5229,5031,5652,4905,5193,5013,5832,5760,4977,4959,5823,
