Shot 0:198,9,585,171,234,
Shot 1:594,
Shot 2:603,612,
Shot 3:621,
Shot 4:666,702,630,639,693,684,657,648,675,
Shot 5:756,720,774,738,765,
Shot 6:792,801,783,
Shot 7:1854,837,819,1125,2547,1008,855,1062,936,1467,2628,1215,2529,2574,873,1593,846,2268,2619,864,1476,1791,1935,1827,
Shot 8:3024,3096,2646,3078,3123,2682,2853,3060,3105,2637,3069,3087,
Shot 9:3402,3186,3150,3159,3132,3591,3213,3141,3177,3573,3195,3240,3501,3168,3294,3348,3303,3492,
Shot 10:3690,3645,3699,3618,3636,3672,3654,3681,
Shot 11:3708,
Shot 12:3726,3753,3717,3735,
Shot 13:3771,3798,3762,
Shot 14:3861,3807,3834,3852,3870,
Shot 15:4095,3888,3996,4140,4023,3915,4122,3969,4104,4041,4113,
Shot 16:4158,4239,4293,4203,4248,4275,4149,4185,4167,
Shot 17:4428,4302,4455,4320,
Shot 18:4527,4482,4464,4554,4509,4536,
Shot 19:4680,4716,4698,4689,4671,
Shot 20:5301,5697,5004,4752,5445,5733,4941,4824,5580,5355,4968,5481,5526,5409,5706,5616,5031,5724,5184,5391,5418,5463,5508,5121,5427,
Shot 21:5769,5787,5751,5760,
Shot 22:5958,6111,6102,5841,6093,5886,5832,5796,5850,5904,5805,5823,5859,5922,
Shot 23:6183,6138,6201,6120,6129,6174,6192,6156,
Shot 24:6642,7119,6255,6219,6768,7065,6714,7092,6597,6975,7047,7101,7074,6651,
Shot 25:8478,7362,7659,7407,8001,7677,7191,8253,7326,7308,8361,7560,8028,8217,8235,7254,7884,8541,7335,8064,7380,8586,8280,7461,8379,7371,7317,8352,8262,7389,7668,8577,7182,8460,7209,8451,8271,8433,8505,7587,8487,8424,8370,
Shot 26:10305,9729,9873,9567,9504,10008,9810,9342,9747,8631,9540,9468,9693,10233,10089,9837,9252,10179,9612,10125,10431,8613,9711,9774,8874,8757,9666,9981,9009,9387,8649,8721,10044,9180,10350,10278,8973,10323,9639,9108,10314,8838,
Shot 27:10791,11691,10503,10953,10827,11259,11502,11466,10755,11007,11214,10881,11529,10674,11340,11142,10809,10908,
Shot 28:11772,11808,11718,11754,11781,
Shot 29:11943,12321,12168,12258,12186,11871,12006,12231,12294,11898,11979,12312,12276,12249,11907,12330,12285,11916,11952,
Shot 30:12465,12492,12366,12348,12483,12384,12402,12447,12474,
Shot 31:12519,12501,12528,
Shot 32:12546,12564,
Shot 33:12573,
Shot 34:12582,
Shot 35:12591,12600,
Shot 36:12636,12609,12681,12654,12663,12618,
Shot 37:12726,12699,12744,
Shot 38:13392,13068,13149,13356,13374,13329,12780,13347,13365,13167,13014,13419,
Shot 39:13509,13752,13437,13635,13680,13446,13455,13743,13608,13473,13725,13572,13590,13554,13464,13734,13518,13500,
Shot 40:13950,13977,13968,13959,
Shot 41:13986,
Shot 42:13995,
Shot 43:14004,
Shot 44:14112,14607,14580,14535,14598,14553,14337,14022,14571,14517,14589,14238,14400,14166,14040,14013,14058,14436,14067,14094,
Shot 45:14625,14661,
Shot 46:15309,15021,14976,15057,14985,14679,15093,14994,14715,14922,15363,15129,14670,14958,14850,15102,15012,15399,14787,14697,15273,15183,14859,15201,15174,14751,15192,14823,14796,15318,15300,
Shot 47:15408,
Shot 48:15453,15426,15417,15471,
Shot 49:15516,15498,15534,15489,15507,
Shot 50:15714,17019,16551,17109,17127,17028,17001,17100,16281,17118,15885,16002,16578,15921,17091,16353,16542,16632,15930,15579,15615,16776,15966,16389,15858,17073,15669,16164,16425,16947,16560,15597,16479,16821,16074,16533,16119,16749,17046,15993,16677,16101,16344,16110,16299,16848,15705,16803,17082,15975,16524,15741,16731,16659,
Shot 51:17136,
Shot 52:17145,
Shot 53:17181,17154,17190,17172,17163,
Shot 54:17217,17199,17226,17208,
Shot 55:17352,17298,17244,17307,17325,17334,17370,17361,
Shot 56:17685,17496,17631,17397,17874,17775,17532,17676,17640,17730,17469,17424,17847,17442,17595,17865,17694,17505,17406,17784,
Shot 57:17892,17883,17901,
Shot 58:17910,
