Shot 0:9,
Shot 1:36,
Shot 2:432,621,45,216,360,387,693,603,684,225,333,666,369,612,549,351,576,414,522,
Shot 3:765,711,729,756,738,
Shot 4:1116,1476,1521,1557,846,1656,1404,1647,1179,1575,981,1593,1269,1899,1026,1530,774,1503,1611,810,1080,1170,1134,1629,
Shot 5:2169,2052,1971,2088,1926,2196,2025,2133,2007,2061,2115,2070,2187,1980,2151,2079,2034,2178,2160,
Shot 6:2466,2610,2313,2592,2340,2637,2286,2304,2268,2223,2277,2250,2628,2421,2241,2439,2232,2448,2565,2484,2520,2430,
Shot 7:2664,2646,2655,
Shot 8:2691,2673,2682,
Shot 9:2781,2835,2952,2853,2934,2817,2916,2799,2943,2700,2826,2961,2889,2754,2898,2772,
Shot 10:3015,2988,2997,3006,2970,3024,
Shot 11:3123,3096,3051,3033,3105,3078,3060,3087,3114,3132,
Shot 12:3177,3159,3204,3141,3168,3150,3186,
Shot 13:3213,3222,
Shot 14:3249,3231,3240,3294,3258,
Shot 15:3384,3348,3312,3366,3330,3321,3402,3357,3339,3375,3393,
Shot 16:3411,3429,3420,
Shot 17:3708,3501,3447,3465,3528,3438,3546,3483,3510,3582,3456,3537,3762,3474,3492,3645,
Shot 18:3915,4005,3780,3789,3996,3852,3978,3987,3879,3861,3906,3924,
Shot 19:4014,4023,
Shot 20:4041,4050,4032,4059,
Shot 21:4113,4518,4599,4464,4365,4086,4230,4401,4077,4419,4608,4275,4581,4095,4293,4626,4203,4239,4185,4455,4392,4131,4428,4617,4572,4221,4320,4122,4473,4149,4563,4104,
Shot 22:4680,4635,4644,4653,4671,
Shot 23:4725,4770,4752,4698,4743,4707,4716,4734,
Shot 24:4779,
Shot 25:4806,4788,4797,
Shot 26:5283,4932,4833,5058,4815,4851,4968,5265,5130,4914,4977,5166,5247,5085,5274,
Shot 27:5328,
Shot 28:5355,5400,5337,5346,
Shot 29:5427,5472,5409,5463,
Shot 30:5526,5787,5481,5742,5508,5562,5625,5499,5544,5751,5688,5535,5589,5517,
Shot 31:6012,5814,5976,5832,5985,5886,5958,5877,6003,
Shot 32:6039,6057,
Shot 33:6129,
