Shot 0:9,
Shot 1:225,612,549,585,495,594,531,630,432,
Shot 2:720,666,684,729,702,657,675,711,
Shot 3:828,873,747,765,801,810,792,756,864,837,
Shot 4:1152,945,1080,918,1053,972,1026,1116,1143,936,1008,900,1071,1125,1098,1035,954,1089,
Shot 5:1170,1188,1197,1179,
Shot 6:1395,1458,1242,1287,1224,1440,1341,1278,1206,1332,1422,1377,1449,1404,1260,1305,1350,
Shot 7:1485,1503,1467,
Shot 8:1566,1602,1521,
Shot 9:1611,1620,
Shot 10:1638,1629,1647,
Shot 11:1764,1872,1665,1701,1800,1737,1854,1656,1719,1818,1728,1836,1746,1791,1710,1863,1845,1782,1755,1827,1773,
Shot 12:1935,1962,1890,1953,1917,
Shot 13:2556,2718,2655,2187,2772,2430,2934,2628,2844,2691,2466,2808,2394,2754,2889,2646,2601,2511,2799,2619,2637,2907,2574,2538,2781,
Shot 14:3222,3384,2961,3123,
Shot 15:3528,3843,
Shot 16:4284,4023,4590,4554,4158,4095,4068,4194,4311,3942,4266,4275,4293,
Shot 17:5382,5445,5346,5310,5337,5418,5436,5355,5373,5265,5409,5391,
Shot 18:5463,5454,5472,
Shot 19:5490,
Shot 20:5544,5499,5508,5517,5553,5535,
Shot 21:5580,5562,5589,5571,
Shot 22:5634,5598,5607,5670,5661,5616,5625,5643,
Shot 23:5823,5760,5751,5733,5715,5841,5769,5742,5706,5724,5787,5805,5814,5832,
Shot 24:5859,5850,5868,
Shot 25:6147,5985,5877,6048,5895,5922,6012,6030,5958,6102,6057,6075,6120,6138,
Shot 26:6165,6156,6174,
Shot 27:6651,6255,6192,6228,6273,6372,6219,6246,6183,6201,6291,6264,6471,6327,6489,6552,6318,6444,6453,6516,6381,6624,6345,6669,
Shot 28:6705,
