Shot 0:1098,279,126,576,918,27,369,963,1350,801,999,621,945,585,729,549,900,972,837,603,666,1026,936,207,252,441,954,684,657,693,810,9,927,351,612,639,522,873,261,468,1287,711,1197,1134,1386,1224,1080,1116,
Shot 1:1557,2016,1872,1980,1971,1962,2088,1530,1989,2007,1881,1764,1935,1998,1728,2061,1863,1656,1467,1800,1890,1746,2034,1836,1566,1539,1431,
Shot 2:2160,2214,2187,2133,
Shot 3:2493,2763,2655,2736,2772,2790,2718,2754,2259,2781,2349,2277,2412,2250,2538,2673,2304,2583,2466,2601,2502,
Shot 4:2826,2808,2799,2817,2835,
Shot 5:3240,3348,2916,3132,3069,3042,2862,3357,3060,3339,3366,2844,2988,2889,3051,2961,3303,3195,2898,3213,3078,2871,3168,3249,2943,3114,3141,3267,
Shot 6:3375,3384,
Shot 7:3402,3411,
Shot 8:3420,3429,3438,
Shot 9:3465,3447,3456,
Shot 10:3483,3510,3492,3519,3501,3474,
Shot 11:3537,3528,3546,3555,
Shot 12:3771,3600,3636,3564,3582,3591,3618,3690,3609,3726,3744,3654,3807,3753,3627,
Shot 13:3834,3924,3951,3915,3933,3969,3960,3996,3978,3870,3987,3816,3852,
Shot 14:4005,4014,
Shot 15:4050,4095,4086,4131,4077,4104,4068,4059,4041,
Shot 16:4266,4320,4293,4203,4176,4248,4275,4311,
Shot 17:4401,4347,4329,4338,4365,4419,4383,
Shot 18:4455,4428,4464,
Shot 19:4473,
Shot 20:4482,
Shot 21:4491,4500,
Shot 22:4536,4554,4545,4527,4509,
Shot 23:4563,4572,
Shot 24:4581,4833,4689,4743,4779,4851,4788,4752,4761,4815,4635,4842,4653,4698,4608,4680,4599,4617,4662,4590,
Shot 25:4860,4869,
Shot 26:5022,4887,4959,4941,4986,4914,4932,4995,4905,4878,5031,5013,
Shot 27:5094,5040,5139,5067,5121,5049,5076,5085,5130,5103,
Shot 28:5166,5229,5220,5193,5148,
Shot 29:5238,5247,
Shot 30:5274,5355,5346,5337,5328,5256,5301,5292,5310,
Shot 31:5373,5382,5364,
Shot 32:5391,
Shot 33:5400,5409,
Shot 34:5508,5481,5418,5562,5463,5427,5526,5490,5499,5517,5535,5544,5454,5553,
Shot 35:5580,
Shot 36:5589,5598,
Shot 37:5634,5607,5616,5643,5625,
Shot 38:5661,5715,5706,5688,5679,
Shot 39:5742,5724,5751,5733,
Shot 40:5769,5832,5796,5859,5823,5841,5850,5760,5814,5778,
Shot 41:5985,5922,5949,5904,5877,5967,5886,5895,5958,5868,5913,5931,5976,5994,
Shot 42:6048,6012,6030,6039,6066,6075,6021,6003,6057,
Shot 43:6093,6129,6111,6120,6084,6102,
Shot 44:6156,6174,6138,6183,6165,6147,
Shot 45:6192,
Shot 46:6255,6210,6201,6219,6273,6237,6228,6246,
Shot 47:6282,
Shot 48:6318,6300,6291,6309,
Shot 49:6327,6354,6336,
Shot 50:6381,6399,6363,
Shot 51:6417,6426,6408,
Shot 52:6462,6435,6444,6453,
Shot 53:6480,6471,6489,
Shot 54:6543,6606,6597,6498,6633,6507,6561,6579,6615,6516,6588,6552,6525,6534,
Shot 55:6912,6957,6669,6831,6732,6948,6777,6903,6705,6804,6867,6894,6795,6921,6750,6849,6939,6885,6813,6930,
Shot 56:6984,6993,6966,6975,
Shot 57:7002,7011,
Shot 58:7560,7884,7263,7020,7794,7830,7425,8001,7155,7983,7443,8064,7812,7362,7506,7839,7470,8010,7326,7101,7713,7389,7209,7434,7119,7704,7695,7227,7047,7911,7380,7416,7524,8019,7110,7515,7479,7353,7290,7092,7308,7542,7164,7668,7650,7992,7614,7533,7029,7587,7569,
Shot 59:8127,8154,
Shot 60:8226,8343,8325,8298,8352,8280,8253,8262,8307,8235,8190,
Shot 61:8370,8415,8451,8406,8388,8433,8397,8478,8379,8460,8361,
Shot 62:8496,8487,8505,
Shot 63:8595,
Shot 64:8685,
