Shot 0:27,9,36,18,
Shot 1:882,441,675,45,117,657,837,63,774,342,225,909,639,81,477,234,738,54,936,459,99,279,855,684,792,891,918,873,504,
Shot 2:1035,1881,1827,1809,1818,1800,990,1845,1782,1872,1692,1260,1008,1737,1836,1863,1197,1791,1017,1755,1062,
Shot 3:2034,1962,1989,1890,2070,1998,1980,1917,2016,2061,
Shot 4:2151,2079,2106,2376,2133,2304,2124,2097,2115,2322,2088,2259,2142,2169,
Shot 5:2547,2529,2502,2583,2511,2538,2565,
Shot 6:2592,2601,
Shot 7:3051,2898,2817,2916,2934,2628,2610,3069,2970,3024,2889,2952,2907,2655,2943,3006,2925,2691,3033,2988,3060,3042,2673,
Shot 8:3096,3195,3204,3186,3177,3159,3078,3132,
Shot 9:3213,
Shot 10:3240,3294,3222,3276,3285,3231,3258,
Shot 11:4671,8982,6948,9009,5958,7038,3312,6363,6408,8253,9054,8901,7812,5913,7281,7020,8829,8937,7470,6786,7119,8307,7398,6993,8991,5922,6876,8919,8766,8964,5130,5166,5481,3321,6822,8217,4293,6669,7857,5220,5904,6921,7938,3339,6759,8946,4851,8622,6894,4203,6156,7218,5715,4815,6003,3951,7254,5328,6741,9045,8775,5580,6966,6201,7353,4941,6471,7371,7146,5931,4887,4464,7317,3330,4716,7434,5967,6714,7515,4968,4509,3438,
Shot 12:9063,9072,
Shot 13:9117,9090,9081,9099,9189,9144,9108,
Shot 14:9225,9234,9216,
Shot 15:9261,9243,9351,9252,9288,9270,
Shot 16:9369,
Shot 17:9378,9387,
Shot 18:9423,9396,9405,9450,9414,
Shot 19:9909,9594,10170,9810,9666,10152,9684,9738,9864,9648,10224,10134,10107,10035,9522,9711,9630,9675,9756,10098,9540,9495,10071,10116,9999,9693,9774,9612,9936,9585,9891,10044,
Shot 20:10359,10269,10503,10440,10296,10377,10278,10476,10413,10332,10386,
Shot 21:10836,12492,12258,12204,12267,12051,11133,11556,11934,12519,12231,11439,11106,12132,12294,10935,11241,10998,11970,10539,10602,11097,11223,12312,11196,11268,11637,10638,10584,12249,11349,11817,10755,11952,11124,10881,11655,12015,
Shot 22:12726,14211,12564,14130,12573,12582,12591,
Shot 23:14256,14508,14427,14454,14238,14220,14463,14400,14526,14373,14445,14472,14391,14229,14517,14310,14346,14418,14490,
Shot 24:14544,14535,14553,
Shot 25:14580,14589,14562,14571,
Shot 26:14625,14607,14634,14598,14616,
Shot 27:14670,14688,14643,14679,
Shot 28:14751,14706,14760,14715,
Shot 29:14769,
Shot 30:14778,
Shot 31:14805,14904,14787,14868,14796,14850,14823,
Shot 32:15030,14967,14931,14994,14913,14940,14958,15012,14949,15003,15048,15039,14976,15021,14985,
Shot 33:15120,15057,15093,15066,15102,15075,15156,15111,15138,
Shot 34:15237,15291,15282,15273,15264,15192,
Shot 35:15345,15453,15444,15300,15363,15435,15309,15327,15336,15390,
Shot 36:15462,
Shot 37:15471,
Shot 38:15534,15507,15489,15498,15480,15516,15525,
Shot 39:15552,15543,15561,
Shot 40:15570,
Shot 41:15588,15579,15597,
Shot 42:15615,15624,15606,
Shot 43:15633,15642,
Shot 44:15660,
Shot 45:15669,15678,
Shot 46:15687,15696,
Shot 47:15714,15759,15705,15750,15723,
Shot 48:15777,15768,15795,
Shot 49:15813,15840,15822,15831,15804,
Shot 50:15849,
Shot 51:15858,
Shot 52:15885,15867,15876,15894,
Shot 53:15903,
Shot 54:15912,
Shot 55:15975,15921,15939,15993,15930,15966,15984,
Shot 56:16011,16191,16119,16002,16155,16029,
