Shot 0:405,234,27,63,9,180,45,99,441,270,72,36,378,324,216,477,387,261,504,315,432,297,468,459,279,243,351,495,306,288,252,396,360,333,
Shot 1:540,621,594,513,
Shot 2:648,846,702,765,630,657,
Shot 3:999,1125,882,
Shot 4:1134,1242,1269,1233,1215,1197,
Shot 5:1404,1323,1413,1278,1314,1359,1305,1341,1395,
Shot 6:1431,1440,
Shot 7:1494,1458,1512,1476,
Shot 8:1557,1593,1539,1530,1584,1548,1566,
Shot 9:1710,1656,1647,1611,1620,1665,1638,1602,1746,1674,1728,1683,1719,1737,1692,
Shot 10:1908,1764,2214,2331,2043,2052,2250,2160,2034,1890,1980,1872,1881,1782,1917,2016,
Shot 11:2457,
Shot 12:2844,2673,2574,2583,2610,2718,2484,2682,2907,2997,2961,2502,2952,2835,
Shot 13:3159,3069,3177,3114,3141,3123,3150,
Shot 14:3285,3294,3195,
Shot 15:3366,3312,3438,3321,
Shot 16:3456,
Shot 17:3627,3663,3582,
Shot 18:4635,4203,3735,4239,5742,4077,5427,4599,5463,5400,4473,5130,4563,5346,4464,4554,5382,5418,3996,5058,5409,5445,4500,5319,4572,5022,5013,5364,5301,4419,4968,5454,4608,5220,5283,5202,4581,4230,5697,4545,4482,4455,4527,4986,4320,4842,5715,4257,4167,5229,4941,4617,5337,4770,5733,4491,5724,4509,4689,5706,3852,4437,4662,4725,4626,
Shot 19:5949,
Shot 20:6255,6282,6264,6246,
Shot 21:6345,6300,6912,6309,6318,6921,7029,6804,6381,6948,7083,6390,6327,6615,6435,7101,6786,7011,6588,6822,6336,6372,
Shot 22:7209,7137,7200,7218,
Shot 23:7254,7236,7245,7263,
Shot 24:7308,7380,7362,7443,7434,7389,7281,7344,7317,
Shot 25:7452,
Shot 26:7470,7533,7524,7461,7515,
Shot 27:7542,
