Shot 0:9,
Shot 1:18,36,27,
Shot 2:450,702,189,108,225,72,162,684,198,54,711,729,306,171,135,387,207,180,117,405,513,396,243,378,360,234,423,468,495,441,
Shot 3:747,756,738,
Shot 4:765,
Shot 5:774,783,
Shot 6:1800,792,837,801,1179,828,1449,1404,1683,1071,1620,1440,1764,2232,1998,1674,2367,1107,1539,1746,
Shot 7:2403,2385,2394,2412,
Shot 8:2637,2673,2682,2529,2538,2430,2520,2601,2574,2502,2457,2565,2547,2664,2583,2421,2592,2619,2439,2493,2556,2475,2628,2484,2646,2448,
Shot 9:2718,2691,2754,2700,2709,2745,2727,
Shot 10:2844,3069,2916,3051,2835,2862,
Shot 11:3123,3105,3096,3141,3114,
Shot 12:3150,
Shot 13:3159,
Shot 14:3168,3177,3222,
Shot 15:3258,3231,3267,3249,3240,
Shot 16:3555,3492,3429,3411,3519,3465,3402,3384,3375,3276,3474,3573,3537,3528,3483,3510,3501,3285,3564,
