Shot 0:594,387,612,9,567,144,576,549,288,162,585,450,603,
Shot 1:630,639,621,
Shot 2:657,648,666,
Shot 3:675,684,
Shot 4:693,702,
Shot 5:756,711,729,738,720,765,
Shot 6:810,864,846,855,828,774,
Shot 7:873,
Shot 8:891,882,900,
Shot 9:945,909,972,918,954,936,
Shot 10:981,1098,1089,1080,1071,1053,1035,1017,
Shot 11:1620,1800,1791,1107,1125,1683,1143,1458,1773,1224,1350,1152,1665,1557,1431,1530,1674,1395,1467,1629,
Shot 12:1809,1818,
Shot 13:1827,
Shot 14:1854,1836,1845,1863,
Shot 15:1881,2025,1872,2016,1899,
Shot 16:2169,2511,2232,2133,2115,2142,2493,2088,
Shot 17:2520,
Shot 18:2601,2529,2628,2538,2610,2619,2583,
Shot 19:2664,2637,2655,2646,2673,
Shot 20:2682,2763,2790,2709,
Shot 21:2907,2880,2934,2925,2808,2952,2871,2898,2943,
Shot 22:2970,
Shot 23:3294,3753,3267,4014,2979,3204,3249,3807,3690,3591,3528,3456,3474,3501,3636,3672,
Shot 24:5499,4491,4392,4257,4221,4437,4140,4545,4554,4104,5535,4401,4581,4509,4635,5526,4797,4608,5517,4914,4986,5508,5481,5490,
Shot 25:5544,
Shot 26:5571,6039,6066,6021,6075,5814,6048,6057,5967,5553,5562,5580,
Shot 27:6489,6417,6615,6462,6588,6840,6444,6471,6579,6408,6606,6480,6597,6426,6453,6561,6435,6498,
Shot 28:6867,6849,6885,6876,
Shot 29:6894,
Shot 30:7749,7389,6912,7065,7002,6903,7092,7281,7335,7371,7137,7020,6966,6984,7992,6921,7218,7326,7938,7560,7920,7632,7668,7416,7461,8010,7407,7704,
