Shot 0:27,9,72,
Shot 1:171,90,252,216,153,162,180,144,
Shot 2:315,
Shot 3:333,378,
Shot 4:540,567,594,450,603,522,477,576,558,387,495,531,459,504,549,
Shot 5:612,630,
Shot 6:819,729,693,936,792,1341,1098,639,720,756,1467,1431,657,1089,648,666,927,981,882,1332,783,909,1143,1350,1206,1017,1449,1269,711,1413,1395,837,1125,1233,918,675,900,855,1071,1188,1044,1215,801,1116,1035,1161,972,1287,846,1251,1278,1062,864,1107,810,990,945,747,
Shot 7:1503,1485,1512,1494,
Shot 8:1620,1611,1539,1629,
Shot 9:1647,
Shot 10:1665,
Shot 11:1674,
Shot 12:1692,1728,1737,1719,1683,
Shot 13:1773,1791,1800,1755,1782,
Shot 14:1953,2016,1890,1989,1881,2070,1899,1809,1854,2061,1926,2052,2007,1845,1980,1962,1944,2043,
Shot 15:2079,2088,
Shot 16:2232,2403,2286,2340,2142,2205,2259,2358,2196,2250,2160,2421,2277,2304,2268,2313,2295,2124,2223,2241,2151,2331,2367,2385,2394,
