Shot 0:63,738,837,729,9,441,18,720,27,
Shot 1:1269,846,1377,1575,1296,
Shot 2:2052,1962,1638,1719,1953,1629,2151,2079,2043,2061,1710,
Shot 3:2529,2907,2277,2961,2889,2304,2673,2916,2844,2502,2160,2592,
Shot 4:3132,2979,2970,3069,3078,3294,
Shot 5:3798,3519,3663,3564,3636,3591,3780,3510,
Shot 6:3879,3942,3834,3924,
Shot 7:4032,
Shot 8:4050,4113,4122,4131,4095,
Shot 9:4140,
Shot 10:4194,
Shot 11:4212,4257,4248,4203,4230,
Shot 12:4302,4500,4455,4410,4473,4356,4401,4428,4275,4464,4329,4365,4482,4491,4347,
Shot 13:4788,4527,4563,4689,4797,4770,
Shot 14:4905,5004,4806,
Shot 15:5211,5166,5139,5103,5607,5256,
Shot 16:5661,5616,5706,5652,5670,
Shot 17:6048,5778,5850,5985,6057,6012,
Shot 18:6066,
Shot 19:6111,6138,6219,
Shot 20:6489,6354,6768,6309,6696,6327,6660,6741,6732,6264,6597,6408,6642,6669,6786,6633,6705,6372,6318,6723,6507,6543,6534,6471,6525,6381,6345,6444,6480,
Shot 21:6831,6912,
Shot 22:6957,6975,
Shot 23:7380,7425,
Shot 24:7659,7722,
Shot 25:7731,7821,7794,
Shot 26:7920,7974,7938,7839,7992,8010,7983,7884,7848,7902,
Shot 27:8307,8154,8208,8118,8244,
Shot 28:8370,
Shot 29:8424,8415,8406,8379,8397,8388,
Shot 30:8433,8451,8460,8469,
Shot 31:8487,8505,8496,8478,8514,
Shot 32:8541,8523,8550,
Shot 33:8577,8586,8568,
Shot 34:8595,8604,
Shot 35:8613,
Shot 36:9729,9378,9405,9540,9666,9495,9810,9792,9612,9774,9243,9675,9522,9756,9639,9693,9387,9369,9504,9747,
Shot 37:9828,
Shot 38:9882,9999,9846,9936,9972,9855,9909,9891,9873,
