Shot 0:45,9,342,108,18,333,324,99,36,27,
Shot 1:351,360,
Shot 2:855,432,972,963,909,675,
Shot 3:1611,1575,1737,1719,1728,1584,1692,
Shot 4:1944,2151,1971,1746,
Shot 5:2313,2637,2493,2457,2583,2565,2466,2574,2619,2502,2556,2628,2475,2232,2448,2268,2214,2160,2511,2484,2385,2241,2358,2178,2250,2223,2376,2394,2403,2538,2340,2421,2331,2430,2259,2439,2412,2367,2277,2295,2304,2286,2349,2187,2529,2547,2196,2205,2169,2520,
Shot 6:3564,3042,3267,2925,2709,2997,3483,3141,2934,2754,3105,2979,2718,3096,2772,2853,2835,2691,3933,2862,3186,3357,3249,2871,3447,3123,3087,2646,2817,2916,3456,3231,3384,3375,3321,3366,3195,3168,3060,4095,3501,4149,3915,3510,3294,3726,3240,3429,3681,3546,4032,4005,3699,4230,3591,4023,3492,3744,3708,3924,4014,3897,4122,3555,3717,4140,3690,3582,4131,3906,
Shot 7:4248,4878,4581,5004,4770,4500,4374,4311,4257,
Shot 8:5310,5076,5463,5265,5220,5184,5085,5121,5274,5436,
Shot 9:5535,6048,5769,6012,5517,5724,5859,5913,5616,5985,5526,5868,5571,5832,5598,6021,5544,6003,5553,
Shot 10:7857,11178,6156,8865,6633,9288,10017,9603,6984,11133,6534,6777,6462,6597,11394,7884,6687,8370,10008,7596,11358,7893,11142,6093,6471,6543,9369,6426,7866,7578,8820,9162,6219,6138,8118,7830,7506,6291,9486,6345,6489,7677,7632,11349,7731,6246,7740,7812,8622,6381,6327,7542,7587,7668,7821,6228,7497,6453,9612,7623,
Shot 11:11601,11979,11538,11673,11880,12024,11862,11889,11682,11844,11583,11574,11610,
Shot 12:12177,12546,12474,12366,12492,12249,12393,12438,12510,12357,12087,12456,12528,12375,12186,12384,
Shot 13:12627,
Shot 14:12708,12636,13158,12654,12735,12726,12717,12699,
