Shot 0:3483,945,2808,4167,9,2907,2862,1629,972,3222,3591,3393,3915,3852,3168,3312,
Shot 1:4302,4194,4608,4554,4698,4455,4581,4527,4392,4338,4635,4419,4284,4626,4266,4248,
Shot 2:6705,7704,7749,7389,4734,7065,5445,7218,6543,5382,4752,4797,5184,7326,5634,7299,6021,5949,4851,4770,6516,5202,7902,5247,5715,7092,7317,7362,5490,7866,6381,5139,7605,7470,6462,6525,5283,4878,4824,7803,8118,6426,5967,6606,8172,5112,8217,6318,5229,4896,7443,5895,7038,8010,4932,7947,6489,7011,7713,8037,6678,5130,6696,
Shot 3:8271,
Shot 4:9045,8298,8982,8388,8991,9054,
Shot 5:9189,9117,9198,9144,
Shot 6:9513,9252,9234,9315,9756,9324,9333,9261,9639,9522,9585,9504,9342,9378,9540,
Shot 7:9783,9891,9765,9873,9828,9882,9774,
Shot 8:9909,9963,9945,9954,9936,9972,9900,9927,9918,
Shot 9:10746,11115,11079,10242,10989,10098,11097,10395,11007,10980,10332,10071,10080,10872,10062,10728,10224,10998,11016,10737,10089,10773,
Shot 10:11169,11151,11133,11187,
Shot 11:11268,
Shot 12:11880,11754,11853,11835,11763,11304,11862,11745,12150,11844,11871,
