Shot 0:1080,1206,144,1296,333,2025,909,1917,180,369,117,324,720,315,270,396,1233,198,1440,135,1782,378,126,207,252,1719,1035,882,675,18,189,711,522,1503,306,630,1170,855,648,693,837,72,54,261,783,585,972,9,63,756,81,1098,1107,1143,702,1053,576,99,459,1017,828,27,441,954,891,504,
Shot 1:2574,2052,2295,4158,3141,2709,3798,3501,3339,2241,3024,3681,3987,3537,3591,3573,3780,2367,3132,4104,2412,2880,3249,4068,3114,2133,3492,2268,2277,3366,3240,2232,2493,3654,2997,3555,2610,2403,3213,3348,2673,2061,3870,2259,2484,3123,4095,2502,3015,2601,3231,2466,3672,2142,3321,2700,3564,3762,2115,4086,3006,3546,2250,3969,3879,3222,3330,2592,3105,2691,2889,
Shot 2:4248,4203,4239,4257,
Shot 3:4887,4302,7803,4527,5346,6363,7506,5805,8136,4635,6300,6642,7164,5301,5859,5553,4554,7614,5994,7380,7308,5175,4977,6552,5886,5616,6057,7290,8055,5472,6507,5796,4806,4923,6165,7056,7992,5904,7551,4365,4311,
Shot 4:8262,
Shot 5:8289,
Shot 6:9684,8937,8658,9270,8541,8298,9468,9531,8892,9774,9990,9153,9558,8469,8379,8352,9297,9360,10026,10080,8766,8568,10152,8487,8442,9837,9936,9045,8631,10197,8424,9612,
Shot 7:10206,
Shot 8:10233,
Shot 9:10944,11142,10332,11061,11619,11538,11358,11484,10485,11493,11304,10242,10737,11583,10296,10989,10692,11439,11376,11043,10440,10278,11313,10647,10260,11187,10323,
Shot 10:11664,11628,11646,11637,11655,11673,
Shot 11:11736,11700,11691,11727,11745,
Shot 12:12393,12546,11799,13599,12690,12843,13005,13374,13527,13482,13320,12726,11925,12618,12555,11970,12465,13410,12285,12780,12483,12024,12582,12060,12645,12879,12411,13545,13734,13050,13338,13284,13455,12708,12564,12798,12294,11943,12825,12402,12366,12573,11961,
Shot 13:13815,13806,13824,
