Shot 0:63,108,27,45,117,9,36,99,81,
Shot 1:126,
Shot 2:162,
Shot 3:171,
Shot 4:198,216,189,207,180,
Shot 5:297,333,225,270,234,324,261,288,279,
Shot 6:342,549,612,531,576,558,423,594,513,567,459,
Shot 7:720,648,810,702,792,639,621,774,
Shot 8:819,
Shot 9:1125,873,1026,990,837,1017,882,1152,1098,1008,1071,999,1170,1089,
Shot 10:1314,1620,1440,1638,1611,1224,1566,1386,1296,1359,1323,1197,1503,1332,1584,1233,
Shot 11:1836,1674,2520,2142,1710,2466,2367,1728,1719,1683,2502,2529,2205,1881,1755,2286,1737,2322,1746,1872,1764,2106,1845,2178,
Shot 12:3159,2547,2538,2826,2781,2718,2745,2601,3348,2556,3186,2835,2808,3006,
Shot 13:3420,3429,
Shot 14:3438,
Shot 15:3447,
Shot 16:3456,
Shot 17:3519,3951,3915,3465,3555,3852,3753,3474,3492,3537,
Shot 18:4194,4707,4437,4545,4284,4338,4518,4050,4617,4041,4392,4167,4725,4536,4419,4077,4176,4572,4374,4455,4680,4068,4356,4185,4212,
Shot 19:4734,4743,
Shot 20:4752,
Shot 21:4815,4950,4932,5004,4941,4788,4761,4797,4833,
Shot 22:5013,
