Shot 0:18,9,27,
Shot 1:171,
Shot 2:270,
Shot 3:279,
Shot 4:288,
Shot 5:351,
Shot 6:360,369,
Shot 7:792,540,1197,495,1215,1125,1251,936,684,855,765,405,918,567,999,1053,1170,612,513,909,522,774,927,531,837,1224,900,1260,846,945,783,828,
Shot 8:1314,
Shot 9:1332,1638,1386,1647,1323,
Shot 10:1710,1764,1701,
Shot 11:1773,
Shot 12:1782,
Shot 13:1836,
Shot 14:2079,1944,1845,1854,2070,
Shot 15:3015,2196,2574,2412,2241,2565,3051,3141,2394,2727,3330,3213,2187,2520,2358,2475,2997,2376,3132,2448,3231,2484,2547,2556,3006,3303,3024,3033,
Shot 16:3798,3348,3393,3429,3510,3843,3663,3474,3366,3537,3609,3816,3357,3339,3852,3807,3780,
Shot 17:4230,3861,3870,4239,
Shot 18:4446,4356,4338,4383,4428,4347,4365,4437,4455,
Shot 19:4500,4518,4509,4464,4473,4527,4491,
Shot 20:5769,5751,5841,5400,5481,4608,4968,5274,4554,5238,5085,5463,5535,5445,5265,5355,5130,5022,4959,4986,4977,
