Shot 0:45,297,189,270,144,252,306,180,234,27,162,54,117,198,216,9,63,99,171,243,72,153,108,36,18,
Shot 1:324,351,
Shot 2:360,
Shot 3:369,378,
Shot 4:450,396,414,387,432,441,405,540,459,
Shot 5:684,675,693,
Shot 6:720,738,711,729,
Shot 7:783,828,810,747,756,819,765,801,
Shot 8:837,864,855,846,
Shot 9:891,873,900,882,
Shot 10:1089,1053,1107,1071,927,1116,1098,1080,
Shot 11:1152,1134,1161,1143,1170,
Shot 12:1287,1233,1260,1269,1314,1278,1296,1305,
Shot 13:1350,1359,1341,
Shot 14:1377,
Shot 15:1422,1395,1413,
Shot 16:1449,1458,1440,
Shot 17:1539,1476,1467,1503,1584,1593,1512,1485,1575,1521,1602,1530,1548,
Shot 18:1935,1647,1962,1629,1899,1953,1908,1917,1926,1944,
Shot 19:2538,2115,3006,2241,2799,2070,2826,2700,2601,2943,3024,2961,2349,2619,2880,2988,2565,2718,2583,3042,3015,2970,2979,3033,2997,2610,2547,2529,2862,2574,2556,
Shot 20:3096,3051,3060,3177,3069,
Shot 21:3276,3186,3240,3258,3303,3312,3267,3195,
Shot 22:3321,3348,3366,3339,
Shot 23:3447,3393,3420,3411,3402,3465,3456,
Shot 24:3519,3600,3546,3573,3483,3564,3528,3492,3510,
Shot 25:3744,3699,3879,3762,3834,3708,3771,3726,3735,3753,
Shot 26:3933,3915,3924,
Shot 27:4041,4185,4086,4257,4014,4068,4122,4023,4077,4239,4050,4032,
Shot 28:4401,4482,4311,4500,4473,4491,4428,4410,4392,
Shot 29:4716,4536,4590,4653,4680,4527,4545,4707,4572,4725,4689,
Shot 30:5130,5526,5463,5472,5544,4752,5436,5490,4923,4797,5328,4977,5049,5508,4842,5310,5535,5274,5229,5499,5292,5022,5319,5418,5076,5040,5247,5265,5301,5031,5238,5067,5184,5175,5103,5085,5121,5148,5139,
Shot 31:5670,5589,5553,5625,5643,5697,5562,5598,5652,5688,5679,5661,
