Shot 0:9,
Shot 1:18,
Shot 2:27,81,72,99,63,90,45,
Shot 3:135,108,171,144,117,153,126,
Shot 4:180,
Shot 5:189,207,
Shot 6:216,225,
Shot 7:243,252,
Shot 8:261,
Shot 9:270,
Shot 10:279,288,297,
Shot 11:342,306,360,315,324,
Shot 12:450,423,369,378,441,
Shot 13:459,477,
Shot 14:504,486,522,513,495,
Shot 15:720,585,558,531,576,594,612,621,540,567,549,639,684,747,
Shot 16:1296,954,864,1134,1062,1026,1143,1476,1449,1494,981,1224,1431,963,927,1206,1395,1386,945,1188,1377,1341,918,1251,
Shot 17:1512,1692,1674,1647,1665,1593,1656,1683,1638,1503,
Shot 18:1701,1710,
Shot 19:1908,2151,1719,2106,2133,2025,1755,2088,2043,1737,1863,2115,1872,2070,2016,
Shot 20:2331,2313,2205,2268,2232,2349,2196,2178,2169,2277,2214,2340,2322,2160,
Shot 21:2457,2403,2394,2376,2385,2484,2358,2439,2421,2412,2430,2448,2466,2367,
Shot 22:2538,2646,2736,2583,2610,2700,2511,2565,2592,2520,2682,2529,2547,2691,
Shot 23:2970,3042,2907,2817,2871,3015,3060,2772,2844,2889,2997,2988,2934,3051,2799,3024,2898,2925,2862,2979,2952,3033,2880,2943,2826,2790,2916,2835,2961,
Shot 24:3105,3078,3132,3087,3123,3114,3096,
Shot 25:3150,3195,3186,3168,3177,3159,
Shot 26:3204,
Shot 27:3348,3222,3249,3357,3231,3213,3240,3312,3258,3321,3330,
Shot 28:3771,3366,3420,3438,3636,3411,3384,3582,3465,3375,3429,3609,3528,3663,3447,3690,3654,3600,3843,3717,3555,3510,3699,
Shot 29:3915,3852,3924,3897,
Shot 30:4113,4266,4311,3951,4068,4221,3978,4032,4320,3969,4140,4329,4302,4086,4257,3933,4050,4167,3960,4095,4176,3996,4239,4203,4131,4122,4149,
Shot 31:4491,4356,4338,4410,4347,4464,4374,4437,4482,
Shot 32:4788,4815,5175,4887,4923,4842,5148,4572,4905,4941,5076,5013,4671,4518,4752,5049,4851,5121,4716,4878,4689,5094,4959,5067,5130,4617,4770,5031,4806,5112,4581,4932,5085,4734,5004,5040,4797,4779,4977,
Shot 33:5220,5229,
Shot 34:5283,5310,5292,5274,
Shot 35:5328,5346,5319,
Shot 36:5382,5409,5373,5400,5391,5436,
Shot 37:5508,5481,5490,5445,5499,
Shot 38:5679,5526,5787,5841,5823,5652,5634,5697,5517,5733,5706,5688,5805,5724,5751,5742,5778,5544,5589,
Shot 39:5877,5850,5904,5886,
Shot 40:5913,5958,5922,5976,
Shot 41:6255,5985,6057,6318,6327,6111,6192,6309,6363,6210,6345,6282,6129,6264,6156,6237,6075,6084,6228,6066,
Shot 42:6408,6381,6399,6417,
Shot 43:6444,6552,6498,6426,6534,6516,6480,6507,6462,6525,6453,
Shot 44:6561,
Shot 45:6579,6570,6597,
Shot 46:6615,6624,6606,
Shot 47:6633,
Shot 48:6642,
Shot 49:6651,6660,
Shot 50:6687,6669,6678,6696,
Shot 51:6705,
Shot 52:6714,
Shot 53:6732,6723,6741,
Shot 54:6822,6876,6921,6750,6849,6894,6795,6840,6858,
