Shot 0:9,234,
Shot 1:243,261,252,
Shot 2:270,
Shot 3:279,288,
Shot 4:621,792,450,576,666,
Shot 5:945,1260,1026,1197,1296,1080,801,1161,900,846,1278,1107,882,972,1134,1233,1062,990,1170,1179,1251,918,1044,954,936,
Shot 6:1665,1800,1476,1368,1332,1584,1404,1773,1728,1530,1638,1422,1386,1818,1449,1620,1692,1314,1557,1746,1413,1494,1395,1647,1377,
Shot 7:1926,1863,1827,1890,1872,1845,1908,1935,
Shot 8:2673,2286,2592,2835,1944,1962,2124,2061,2475,2790,2763,2313,2538,2196,2178,2511,1989,1971,2745,1953,2331,2214,2250,2268,2727,2781,2862,2043,2844,2700,2655,
Shot 9:3006,3033,2889,2970,2907,3051,2943,3024,2880,3015,
Shot 10:3078,3087,
Shot 11:3150,3096,3114,3132,
Shot 12:3447,3636,3528,3411,3348,3231,3501,3591,3564,3339,3384,3618,3276,3429,3465,
Shot 13:3663,3672,3654,
Shot 14:3708,3744,3681,3726,3690,3699,3717,
Shot 15:3816,3780,3807,3798,3834,3789,3825,3843,
Shot 16:3861,3870,
Shot 17:3879,3888,
Shot 18:3897,3906,
Shot 19:3915,
Shot 20:3924,3933,
Shot 21:3942,3951,
Shot 22:3960,3969,
Shot 23:3978,
Shot 24:3987,
Shot 25:3996,
Shot 26:4005,4014,4023,
Shot 27:4032,
Shot 28:4041,
Shot 29:4554,4437,4185,4410,4689,4149,4239,4122,4050,4275,4311,4086,4221,4725,4401,4635,4383,4473,4248,4230,4320,4419,4374,4347,4671,4212,4167,4590,4617,4707,4293,4113,4068,4194,4491,4455,4428,4356,4572,4131,4392,4518,4653,4266,4158,4536,4176,4446,4698,
Shot 30:4743,
Shot 31:4788,4968,4752,4959,4878,4797,4941,
Shot 32:5094,5157,4977,5310,5013,5193,5328,4995,5031,5229,5283,5130,5067,5256,5166,5211,4986,5184,5319,5049,5274,5220,5337,5238,5292,5103,5085,5076,
Shot 33:5355,5418,5391,5364,
Shot 34:5562,5445,5517,5589,5436,5508,5490,5472,5598,5571,5553,
Shot 35:5616,5643,5634,5625,5607,
Shot 36:5805,5886,6057,5670,5769,5904,5850,5742,5940,5760,6084,6102,5697,5976,5994,6012,6030,5868,5679,5922,5787,5832,5751,5841,5796,5877,5715,5778,5814,5823,5931,6066,6048,5688,
Shot 37:6111,6147,6129,6138,6156,6120,
Shot 38:6183,6201,6210,6165,6192,6174,
Shot 39:6255,6237,6219,6264,6246,
Shot 40:6372,6291,6282,6273,6336,6300,6345,6381,6354,6363,
Shot 41:6399,6408,6390,
Shot 42:6633,6678,6759,6786,6723,6561,6417,6489,6588,6597,6651,6444,6804,6525,6705,6471,6669,6579,6534,6741,6552,6426,6462,6768,6696,6750,6714,6795,6615,6642,6606,6507,6624,
Shot 43:6813,
Shot 44:6822,6831,
Shot 45:6903,6921,6849,6867,6858,6840,6885,6912,
Shot 46:6930,6957,6966,
Shot 47:6975,
Shot 48:7056,7029,6984,7020,7038,7065,7002,
Shot 49:7074,7128,7092,7110,7083,
Shot 50:7389,7560,7335,7164,7209,7515,7479,7191,7254,7137,7290,7551,7317,7227,7533,7497,7272,7407,7461,7362,7146,7299,7524,7344,7371,7398,7380,
Shot 51:7569,7578,
Shot 52:7587,7596,
Shot 53:7614,7623,7632,7605,
Shot 54:7650,7677,7704,7686,7668,7695,7659,7641,
Shot 55:7902,7758,7803,7848,7713,7731,7830,7740,7866,7785,7776,7920,7794,7767,7812,7857,7884,7875,7911,7893,
Shot 56:7929,7938,
Shot 57:7947,7956,
Shot 58:7965,
Shot 59:7974,
Shot 60:7983,
Shot 61:8001,8010,
