Shot 0:396,684,9,171,360,108,621,891,261,441,603,486,279,117,387,
Shot 1:1035,954,972,1017,
Shot 2:1125,1044,1224,1152,1188,1233,1107,1179,1206,1062,1287,1098,1215,1251,1161,1134,1071,1278,
Shot 3:1314,1323,
Shot 4:1431,1485,1341,1395,1440,1368,1350,1386,1359,1413,
Shot 5:1503,
Shot 6:1620,1512,1845,1818,1872,1656,1908,1764,1917,1683,1737,1773,1548,1602,1629,1647,1665,1611,1809,1755,1557,1692,1827,1521,
Shot 7:1962,1944,2025,2079,1980,1926,2061,1935,2052,2034,
Shot 8:2133,2142,
Shot 9:2277,2223,2214,2187,2241,2169,2286,
Shot 10:2295,
Shot 11:2304,
Shot 12:2313,2349,2322,
Shot 13:2385,2466,2376,
