Shot 0:9,
Shot 1:243,18,324,387,333,297,378,
Shot 2:1458,1440,1449,1467,
Shot 3:1665,1800,1719,1845,1791,1530,1809,1539,1827,1629,1521,1575,1692,
Shot 4:2034,1962,1998,2016,2025,2133,2061,
Shot 5:2142,2151,
Shot 6:2178,2295,2358,2304,2268,2349,2241,2160,
Shot 7:2556,2520,2457,2475,2502,2511,2484,2529,2466,2421,2403,2448,2547,2565,
Shot 8:2628,2583,2592,
Shot 9:2889,2673,2709,2934,2637,2691,2772,2736,2754,2727,2925,2799,2907,2700,2718,2880,
Shot 10:3051,3123,3042,3087,3078,3114,3015,
Shot 11:3132,
Shot 12:3141,3150,
Shot 13:3438,3168,3294,3411,3357,3276,3375,3402,3393,3474,3420,3384,3429,
Shot 14:3690,3591,3501,3726,3618,3744,3600,3609,3717,3645,3654,3663,
Shot 15:3762,
Shot 16:4329,3906,3996,4212,3888,4194,4113,3897,3834,4437,4257,4248,4221,3969,4401,4140,4392,3915,4356,3933,4275,4311,4320,4410,4293,4365,
Shot 17:4446,
Shot 18:4527,4599,4590,4500,4491,4473,4572,4581,4563,4554,4545,4509,4482,
Shot 19:4608,4617,
Shot 20:4626,4878,5382,5364,4635,
