Shot 0:9,
Shot 1:738,828,351,342,621,126,684,648,702,720,666,792,711,675,693,729,657,630,756,774,639,747,
Shot 2:1341,1125,1368,1359,1296,918,1350,
Shot 3:1449,1908,1782,1512,1503,1386,1737,1485,1800,1791,1431,1413,1809,1395,1521,1404,1629,1530,
Shot 4:2034,2016,2025,2043,
Shot 5:2187,2178,2196,
Shot 6:2313,2331,2277,2241,
Shot 7:2349,2394,
Shot 8:2655,2439,2448,2673,2664,2547,2646,
Shot 9:2880,2772,2799,2709,2763,2754,2781,2826,2727,2745,2817,2736,2691,2871,2808,2790,2889,
Shot 10:3222,3348,4149,3834,3852,3312,3780,3735,4131,3330,2988,3141,3375,3357,3816,4077,3708,3528,3303,3492,3384,3420,
