Shot 0:9,18,
Shot 1:135,45,333,477,432,378,81,315,468,405,279,387,522,117,63,27,243,54,459,324,108,126,396,216,162,423,513,369,225,207,72,144,36,486,
Shot 2:540,819,531,558,
Shot 3:1161,1350,1206,1548,1197,1188,1215,1098,
Shot 4:1566,1818,1782,1809,1692,1791,1683,1557,1629,1674,
Shot 5:1845,1827,1836,1863,1854,
Shot 6:1899,1881,1953,1890,1908,
Shot 7:1962,1971,
Shot 8:2007,1980,1989,
Shot 9:2079,2340,2160,2052,2304,2124,2367,2070,2016,2142,
Shot 10:2565,2457,2664,2502,2646,2529,2655,2511,2493,2592,2520,2556,2466,2610,
Shot 11:2718,2817,2799,2808,2736,2673,2691,2727,2700,2709,
Shot 12:2835,2826,2844,
Shot 13:2853,
Shot 14:3078,3411,2934,3204,3177,3159,3168,3357,2862,3186,2898,3105,
Shot 15:3429,3456,
Shot 16:3465,3519,
