Shot 0:126,162,9,117,54,81,36,63,72,
Shot 1:171,
Shot 2:234,270,252,243,198,189,
Shot 3:279,
Shot 4:369,378,288,
Shot 5:477,1134,1053,1098,999,1080,387,810,1107,1125,1035,1116,1089,396,1071,540,1044,1008,405,549,513,
Shot 6:1152,
Shot 7:1197,1206,
Shot 8:1215,
Shot 9:1224,
Shot 10:1548,1305,1377,1233,1602,1341,1251,1395,1242,1332,1593,1386,1476,1521,1539,1530,
Shot 11:1611,
Shot 12:1629,1638,1620,
Shot 13:2322,1854,1647,1800,1944,2628,1656,2610,1827,2484,1908,1845,1773,2268,2007,1809,2232,1872,1836,2466,2367,2142,2619,1764,2511,1818,2421,2277,2457,2493,2448,2286,2241,
Shot 14:3204,2637,2682,2655,2646,3438,2664,3429,3339,2673,3177,2718,3150,3087,3186,2727,3231,
Shot 15:3456,3447,3465,
Shot 16:3474,
Shot 17:3501,
Shot 18:3564,3528,3609,3510,3582,3618,3555,3591,3537,
Shot 19:3843,3906,3708,3915,3879,3888,3717,3834,
