Shot 0:81,144,9,126,54,108,99,36,90,72,
Shot 1:153,
Shot 2:180,162,270,252,189,171,
Shot 3:306,279,342,288,315,297,
Shot 4:387,405,360,351,369,378,396,
Shot 5:864,621,693,567,477,639,585,540,738,657,603,576,522,828,810,675,711,846,
Shot 6:873,
Shot 7:882,
Shot 8:1179,1035,1287,990,1089,1188,891,963,1206,1071,1008,945,918,1224,1053,1017,1215,1080,1026,1260,1044,1116,1233,1296,1125,1170,
Shot 9:1539,1341,1494,1413,1368,1305,1377,1359,1323,1350,1386,1440,1566,1503,
Shot 10:1584,1593,
Shot 11:1980,1836,1683,1827,1926,1899,1656,1737,1953,1764,1908,1719,1647,1971,1674,1998,
Shot 12:2025,2061,2043,2007,2070,2034,2016,2052,
Shot 13:2115,2079,2106,2124,
Shot 14:2133,
Shot 15:2673,2817,2187,2376,2412,2853,2691,2178,2205,2502,2475,2556,2340,2223,2664,2538,2763,2448,2358,2682,2547,2241,
Shot 16:2898,2934,2871,2889,2907,
Shot 17:3114,3177,3069,3375,2952,3042,3429,3087,3339,3060,3285,3078,3312,3195,3159,3141,3132,3096,
Shot 18:3492,3438,3519,3474,3528,3501,
Shot 19:3546,3573,3537,3555,
Shot 20:3591,3582,3600,
Shot 21:3663,3609,3699,
Shot 22:3708,
Shot 23:3726,3780,
Shot 24:3915,3978,3843,3996,3816,3933,3879,3852,3951,3897,3861,3960,3906,
Shot 25:4068,4095,
Shot 26:4104,4122,4140,
Shot 27:4194,4239,4149,4221,4185,4167,4203,
Shot 28:4257,4293,
Shot 29:4311,4302,4329,
Shot 30:4338,
Shot 31:4473,4428,4491,4446,4500,4482,4464,4455,
Shot 32:4509,4527,
Shot 33:4536,4554,
Shot 34:4617,4590,4599,4563,
Shot 35:4644,
Shot 36:4653,
Shot 37:4671,4689,4662,4680,
Shot 38:4851,4698,4860,
Shot 39:4887,4869,4878,
Shot 40:4932,4977,4950,4896,4941,4959,4968,4905,4914,4923,
Shot 41:5013,
Shot 42:5175,
