Shot 0:9,
Shot 1:657,666,
Shot 2:693,747,720,675,774,684,702,756,
Shot 3:855,792,927,918,819,900,837,783,801,864,873,
Shot 4:972,1044,1062,1053,936,1026,945,1089,999,1035,954,1017,981,1071,
Shot 5:1107,1134,
Shot 6:1233,1242,1143,1197,1215,
Shot 7:1287,1296,1269,1278,
Shot 8:1368,1440,1323,1332,1422,1476,1341,1467,1449,1431,1458,1404,1359,1305,1314,
Shot 9:1485,
Shot 10:1530,1503,1512,1494,1521,1539,
Shot 11:1584,1629,1557,1611,1548,1602,1647,1575,1593,1638,
Shot 12:1665,1674,1656,
Shot 13:1719,1692,1701,1683,
Shot 14:1728,1737,
Shot 15:1764,1746,1782,1755,1773,
Shot 16:1854,1800,1827,1872,1791,1863,1845,1809,
Shot 17:1890,1899,1881,
Shot 18:1926,1908,1917,1953,
Shot 19:1989,1971,2007,1998,1980,
Shot 20:2025,2034,2016,
Shot 21:2052,2070,2043,2061,
Shot 22:2124,2079,2115,2088,
Shot 23:2151,2187,
Shot 24:2241,2394,2295,2214,2331,2367,2259,2196,2277,2385,2313,2304,2349,2268,2250,2205,2376,2232,2322,2358,2223,
Shot 25:2412,2448,2439,2430,2421,2403,2457,
Shot 26:2475,2484,2466,
Shot 27:2502,2511,
Shot 28:2520,
Shot 29:2538,2547,
Shot 30:2610,2619,2628,2592,
Shot 31:3168,2736,2925,2808,3420,3078,2772,2781,3096,2880,3015,2763,3276,3060,2898,2817,2952,2646,3213,3249,3006,3159,3177,2943,3186,
Shot 32:3951,3645,3474,4284,4230,3573,3501,3789,3690,3762,3465,3699,3843,3483,4149,3771,3672,3636,3519,4212,4086,4059,3654,3861,3555,3969,4185,4131,
Shot 33:4311,4302,4320,
Shot 34:4338,4662,4554,4410,4626,4374,4536,4428,4545,4581,4653,4356,4635,4365,4347,4329,
Shot 35:4878,4716,5220,4914,4779,4689,4671,4707,5202,5067,4842,5103,4743,5004,4734,
Shot 36:5580,5760,5706,5679,5652,5769,5643,5526,
Shot 37:5805,5859,5796,
Shot 38:5958,6039,5877,6003,5985,6021,5949,5994,5967,
Shot 39:6264,
Shot 40:6273,
Shot 41:6282,6300,
Shot 42:7065,6516,6777,6597,7083,6606,6435,6678,6651,6444,6822,6318,6975,6579,6543,6480,6669,6849,6588,6624,6417,6498,6795,6813,6525,6408,6489,7047,6462,7056,7038,
Shot 43:7182,7110,7218,7146,7191,7173,
Shot 44:7389,7281,7362,7290,7245,7380,7488,7434,
