Shot 0:72,18,27,54,
Shot 1:270,306,117,207,216,135,297,162,180,99,234,279,90,108,144,261,
Shot 2:396,432,
Shot 3:450,
Shot 4:486,
Shot 5:882,1206,1296,1368,954,1566,1395,1476,1593,1089,1305,1422,747,1143,738,828,1188,1269,1377,783,1278,972,837,864,
Shot 6:1602,1611,
Shot 7:1710,2061,1899,1881,1629,2070,1989,2043,1818,
Shot 8:2124,
Shot 9:2313,2457,2439,2241,2358,
Shot 10:2538,2529,2574,2511,
Shot 11:4185,3231,4491,3834,3015,3402,3258,4086,2727,4347,2853,3690,3969,3384,4203,4419,3087,4500,3564,3249,4275,3438,3510,2826,3321,3870,3627,3681,4527,3897,3744,3114,3006,3717,2862,4122,4050,3132,2673,4095,4482,2961,3843,2718,3699,3978,3411,3528,3780,4356,3213,3573,3789,3474,4077,3501,3861,
Shot 12:4545,4536,4554,
Shot 13:4563,
