Shot 0:9,
Shot 1:189,
Shot 2:486,378,513,522,504,540,468,477,
Shot 3:558,585,594,612,576,603,567,
Shot 4:666,711,
Shot 5:765,738,783,774,
Shot 6:1017,900,945,981,828,990,1008,1026,
Shot 7:1098,1044,1161,1062,1053,1242,1080,1134,1116,1179,1107,
Shot 8:1431,1377,1269,1305,1287,1341,1467,
Shot 9:1665,1674,1566,1557,1575,1485,1611,1530,1548,1620,1521,1638,1647,1692,1719,
Shot 10:1845,1773,2007,1800,1863,1746,1782,1881,1818,1917,1791,1809,
Shot 11:2097,2133,2070,2106,
Shot 12:2205,2277,2250,2268,2241,2169,2223,2214,2259,2187,2196,
Shot 13:2286,
Shot 14:2295,2304,
Shot 15:2475,2367,2313,2403,2358,2331,2349,2430,2322,2439,2412,2340,2466,
Shot 16:2556,2493,2547,2601,2574,
Shot 17:2871,2637,2628,3051,2799,2655,2754,2970,3033,2646,2664,2790,3042,2925,2898,
Shot 18:3186,3276,3087,3231,3123,3141,3132,3105,3312,3240,3069,
Shot 19:3411,3456,3474,3519,3429,3339,3501,
Shot 20:3816,3861,3870,3888,
Shot 21:3924,3960,
Shot 22:4176,4212,4203,4149,4194,4167,
Shot 23:4500,4878,4860,4581,4644,4653,4383,4626,4320,4374,4419,4527,4347,4365,4437,4401,4545,4554,4410,4428,4518,4473,4392,4455,4356,4563,4491,4680,
Shot 24:5274,5058,5193,5130,5229,5157,5112,5202,5148,5175,5184,5247,5256,
Shot 25:5373,5355,5436,5391,5400,5364,5382,
Shot 26:5760,5508,5706,5571,5607,5535,5823,5814,5787,5805,5733,5769,5715,5742,5796,5751,
Shot 27:5841,5850,
Shot 28:6570,5859,6363,6264,6462,6129,6507,6624,6597,6525,6543,6561,6552,
Shot 29:6669,
Shot 30:6930,6858,7029,7002,
Shot 31:7038,
Shot 32:7101,7065,7056,7074,7092,7110,
Shot 33:7137,7119,7146,7128,
Shot 34:7164,7191,7182,7200,7155,7173,
Shot 35:7299,7218,7344,7263,7317,7245,
Shot 36:7524,7479,7686,7371,7560,
Shot 37:7965,8028,8118,8199,7803,8100,7920,8082,7857,7983,7695,7956,
Shot 38:8226,
Shot 39:8343,
Shot 40:8424,
Shot 41:8496,
Shot 42:8568,
Shot 43:8595,
