Shot 0:45,9,63,
Shot 1:153,108,369,216,126,90,441,180,297,99,117,207,243,423,135,315,144,351,162,432,
Shot 2:468,
Shot 3:477,513,495,504,486,
Shot 4:531,549,522,540,
Shot 5:603,621,639,585,558,612,630,576,567,594,648,
Shot 6:666,729,783,756,702,657,747,675,
Shot 7:846,936,855,909,810,
Shot 8:1143,990,1035,1278,1080,1287,1116,1071,1269,972,1170,1008,
Shot 9:1386,1674,1602,1530,1620,1593,1764,1476,1584,1494,1467,1737,1701,1548,1629,1485,1503,1458,1296,1314,1431,1638,1377,1665,1305,1422,
Shot 10:1782,1800,
Shot 11:1836,1899,
