Shot 0:90,144,9,126,54,72,108,99,36,
Shot 1:153,
Shot 2:252,162,171,270,189,180,
Shot 3:306,279,342,288,297,315,
Shot 4:387,405,360,351,396,369,378,
Shot 5:864,540,702,621,576,657,477,738,594,810,639,567,837,522,684,729,585,828,846,855,
Shot 6:873,
Shot 7:882,
Shot 8:1008,918,945,990,972,891,1017,
Shot 9:1053,1098,1026,1089,1035,1044,1071,1080,
Shot 10:1116,
Shot 11:1287,1161,1188,1206,1197,1215,1224,1260,1233,1125,1296,1179,
Shot 12:1350,1305,1368,1332,1359,
Shot 13:1539,1377,1467,1413,1494,1386,1440,1566,1503,
Shot 14:1584,1593,1638,
Shot 15:1674,1908,1782,1953,1935,1836,1899,1728,1746,1656,1692,1917,1764,1647,
Shot 16:1971,1989,
Shot 17:2034,2079,2052,2007,2043,2070,2025,2061,2016,
Shot 18:2286,2115,2133,2178,2088,2466,2565,2493,2196,2349,2205,2106,2412,2538,2124,2187,2367,2394,2547,2223,2232,
Shot 19:2673,2862,2691,2844,2772,2682,2664,
Shot 20:2898,2934,2889,2907,2871,
Shot 21:3159,3078,3096,3348,3042,2952,3285,3060,3087,3312,3069,3375,3213,3141,3177,3123,
Shot 22:3438,3528,3393,3510,3492,3474,3519,3420,3456,3447,
Shot 23:3546,3573,3537,3555,
Shot 24:3591,3582,3600,
Shot 25:3672,3609,3636,3708,3645,3699,
Shot 26:3726,3780,
Shot 27:3969,3879,3852,3996,3825,3933,3843,3897,3915,3861,3987,3960,
Shot 28:4086,4068,4095,
Shot 29:4104,4122,4140,
Shot 30:4185,4221,4158,4203,4194,4176,
Shot 31:4266,
Shot 32:4302,4320,
Shot 33:4338,
Shot 34:4455,4428,4446,
Shot 35:4473,4491,4482,
Shot 36:4500,
Shot 37:4635,4509,4527,4590,4545,4608,4563,4599,4617,4554,
Shot 38:4644,
Shot 39:4653,
Shot 40:4680,4662,4689,4671,
Shot 41:4851,4698,4860,
Shot 42:4941,5121,4869,
