Shot 0:198,396,558,567,369,432,9,252,279,531,180,315,207,
Shot 1:576,585,
Shot 2:693,774,594,756,603,738,621,639,
Shot 3:891,1980,1296,1944,1575,1782,1440,1728,1656,1701,1845,1962,1152,1989,1998,1890,1881,1368,1710,837,1674,1665,1737,1026,1908,2007,1611,1485,1953,1683,1818,1620,1323,864,1899,954,1692,1926,1197,1971,1629,918,936,999,882,900,
Shot 4:2124,2196,2241,2034,2178,2160,2223,2070,2097,2187,2088,2106,2169,2142,
Shot 5:2358,2664,2268,2529,2313,2799,2565,2475,2277,2682,2511,2385,2457,2781,2763,2547,2394,2655,2349,2673,2745,2286,2322,2493,2430,2808,2628,
Shot 6:3042,2916,2826,2898,3006,3078,2970,2817,2925,3024,2952,3060,2988,2844,3033,2871,3069,3051,
Shot 7:4239,3609,3393,3339,4374,3636,3195,3105,3231,3087,3798,3357,3555,3276,3303,3123,3510,3294,3348,3717,3177,3852,3456,3150,4365,3573,3591,3447,3627,3744,4005,3321,3411,3672,4122,3618,3420,3375,4320,3429,4032,
Shot 8:4383,
Shot 9:4599,4392,4401,4536,4419,4671,4572,4626,
Shot 10:4752,4725,4797,4743,
Shot 11:4824,
Shot 12:4905,4977,
