Shot 0:90,144,9,126,54,108,99,72,36,
Shot 1:153,
Shot 2:180,162,270,252,189,171,
Shot 3:306,279,288,297,315,
Shot 4:342,
Shot 5:378,405,360,351,396,369,387,
Shot 6:855,702,567,621,477,639,603,738,540,585,657,819,837,522,576,729,684,846,864,
Shot 7:873,
Shot 8:882,
Shot 9:1170,999,1188,1071,1224,1089,891,945,1026,1206,963,1044,918,954,1017,1287,1080,1215,1116,1035,1053,1260,1233,1125,1296,1179,
Shot 10:1539,1368,1305,1494,1413,1341,1377,1359,1323,1440,1386,1566,1503,
Shot 11:1584,1593,
Shot 12:1674,1899,1989,1926,1818,1836,1737,1908,1953,1656,1764,1719,1971,1647,1683,
Shot 13:2025,2061,2043,2007,2052,2070,2016,2034,
Shot 14:2115,2079,2106,2124,
Shot 15:2133,
Shot 16:2376,2853,2691,2664,2565,2493,2682,2187,2403,2223,2799,2466,2205,2340,2538,2178,2763,2673,2358,2241,2547,
Shot 17:2898,2871,2934,2889,2880,2907,
Shot 18:3159,3069,3339,3123,2952,3042,3087,3060,3078,3303,3195,3366,3141,3177,3096,
Shot 19:3501,3438,3393,3420,3474,3528,3519,3492,
Shot 20:3546,3573,3537,3555,
Shot 21:3591,3582,3600,
Shot 22:3672,3699,3627,3609,3708,3645,
Shot 23:3726,3789,
Shot 24:3861,3897,3978,3996,3933,3879,3915,3843,3960,3816,3852,
Shot 25:4068,4095,
Shot 26:4140,4122,4104,
Shot 27:4167,4248,4203,4185,4221,4149,
Shot 28:4257,
Shot 29:4311,4329,4302,
Shot 30:4338,
Shot 31:4464,4428,4446,4455,4473,
Shot 32:4482,4491,
Shot 33:4500,
Shot 34:4563,4509,4527,4590,4545,4599,4554,4617,
Shot 35:4644,
Shot 36:4653,
Shot 37:4671,4689,4662,4680,
Shot 38:4851,4698,4860,
Shot 39:4869,
Shot 40:4878,4887,
Shot 41:4905,4896,4932,4914,4923,
Shot 42:4968,5013,4941,4950,4959,4977,
Shot 43:5175,5292,
