Shot 0:72,144,126,9,99,117,90,54,81,36,
Shot 1:153,
Shot 2:180,162,270,234,189,261,171,
Shot 3:306,279,288,297,315,
Shot 4:342,
Shot 5:387,405,360,351,369,378,396,
Shot 6:855,567,711,621,477,639,603,738,540,576,657,675,828,522,585,810,693,837,729,846,864,
Shot 7:873,
Shot 8:882,
Shot 9:1170,963,1017,1188,891,1215,1089,1080,999,918,945,1035,1206,1053,1008,1026,1071,1044,1116,1125,1179,
Shot 10:1233,1368,1305,1341,1377,1359,1323,1296,1224,1260,1287,
Shot 11:1539,1476,1386,1413,1494,1566,1440,1503,
Shot 12:1584,1593,
Shot 13:1962,1926,1647,1836,1899,1809,1737,1656,1908,1719,1683,1998,1764,1674,1953,1971,1980,
Shot 14:2025,2070,2043,2007,2052,2061,2034,2016,
Shot 15:2115,2079,2106,2124,
Shot 16:2133,
Shot 17:2538,2691,2457,2853,2682,2358,2187,2799,2241,2493,2835,2205,2340,2556,2664,2178,2412,2763,2475,2673,2376,2223,2547,
Shot 18:2898,2934,2871,2889,2907,
Shot 19:3096,3177,3060,3339,3078,2952,3042,3069,3087,3312,3366,3195,3159,3141,3132,3114,
Shot 20:3492,3438,3393,3519,3465,3474,3420,3528,3501,
Shot 21:3546,3573,3537,3555,
Shot 22:3591,3582,3600,
Shot 23:3690,3609,3699,3627,3708,3645,
Shot 24:3726,3789,
Shot 25:3861,3906,3969,3879,3996,3933,3951,3897,3816,3843,3960,3915,3987,3852,
Shot 26:4068,4095,
Shot 27:4104,4122,4140,
Shot 28:4194,4239,4149,4167,4221,4185,4203,
Shot 29:4257,4293,
Shot 30:4311,4302,4329,
Shot 31:4338,
Shot 32:4464,4428,4446,4455,4473,
Shot 33:4482,4491,
Shot 34:4500,
Shot 35:4509,4527,
Shot 36:4545,4536,4554,
Shot 37:4563,4590,4599,4617,
Shot 38:4644,
Shot 39:4653,
Shot 40:4671,4689,4662,4680,
Shot 41:4851,4698,4860,
Shot 42:4887,4869,4878,
Shot 43:4905,4896,4923,4914,4932,
Shot 44:4968,4941,5013,4950,4959,4977,
