Shot 0:9,
Shot 1:108,
Shot 2:117,
Shot 3:126,
Shot 4:261,135,297,144,180,171,288,234,153,
Shot 5:414,306,315,360,657,450,495,387,324,612,378,423,477,441,396,432,
Shot 6:666,
Shot 7:738,684,675,693,
Shot 8:918,774,1080,873,999,864,1071,882,990,891,855,1026,900,819,
Shot 9:1116,1089,1107,1098,1125,
Shot 10:1152,1134,1143,
Shot 11:1170,1179,1161,
Shot 12:1260,1224,1197,1215,1242,1269,1251,1206,1233,1278,
Shot 13:1404,1530,1503,1485,1557,1458,1566,1323,1476,1377,1449,1287,1422,1548,1539,1521,1494,1296,1341,1314,1395,1431,1413,1467,1512,
Shot 14:1827,1593,1575,1845,1584,1620,1602,1647,1611,1836,
Shot 15:1980,2016,2007,1872,1998,1854,1962,1989,
Shot 16:2025,2034,
Shot 17:2043,
Shot 18:2142,2097,2061,2124,2196,2169,2151,2106,2079,2115,2187,2052,2133,
Shot 19:2295,2367,2331,2349,2376,2205,2232,2214,2313,2340,
Shot 20:2385,
Shot 21:2421,2547,2502,2394,2520,2493,2484,2529,2511,2475,2538,2403,
Shot 22:2565,2574,2583,2556,
Shot 23:2592,2601,
Shot 24:2646,2682,2664,2673,2619,2637,2610,2691,2655,2628,
Shot 25:2700,2718,
Shot 26:2727,
Shot 27:2826,2736,2871,2781,2745,2817,2754,2844,
Shot 28:3312,3015,2961,2898,3240,3267,3231,2979,3285,3357,2943,3249,3177,3339,2997,3294,3060,3348,3303,3258,3321,3222,
Shot 29:3492,3366,3618,3402,3384,3600,3420,3609,3591,3411,3627,3456,3555,
Shot 30:3654,3699,3690,3636,3672,
Shot 31:3744,3717,3708,3753,3726,3735,
Shot 32:3762,
Shot 33:3780,3771,3789,
Shot 34:3942,3969,4059,4221,4005,3978,3843,4014,3987,3996,3960,3807,4158,4032,3825,3888,4212,3951,3933,4149,
Shot 35:4248,4419,4293,4311,4302,4284,4401,4257,4320,4239,
Shot 36:4446,4509,4491,4428,4500,4455,4437,
Shot 37:4518,
Shot 38:4527,
Shot 39:4554,4662,4644,4617,4536,4635,4572,4545,4653,
Shot 40:4680,4707,4671,4725,4689,
Shot 41:4743,4788,4761,4734,
Shot 42:4797,4806,
Shot 43:4923,4851,4815,4833,4878,5022,4950,4842,4824,4968,4896,4860,4941,4932,4914,
Shot 44:5166,5247,5049,5265,5202,5103,5139,5085,5184,5175,
Shot 45:5346,
Shot 46:5355,5364,
