Shot 0:81,144,117,9,135,99,45,63,
Shot 1:153,
Shot 2:261,162,180,189,171,270,
Shot 3:306,279,288,297,315,
Shot 4:342,
Shot 5:378,477,576,405,360,549,351,603,369,585,522,396,387,
Shot 6:855,729,621,639,738,657,684,819,837,702,846,864,
Shot 7:873,
Shot 8:882,
Shot 9:1296,1116,891,1053,954,1017,1188,1089,927,1206,999,963,1080,1215,1170,1035,1026,1044,1071,1251,1125,1287,
Shot 10:1557,1368,1386,1305,1440,1377,1359,1332,1494,1413,1575,1503,
Shot 11:1674,1593,1764,1656,1746,1692,1647,1584,
Shot 12:1998,1836,1827,1926,1899,1908,1953,1971,
Shot 13:2025,2079,2052,2043,2007,2070,2034,2061,2016,
Shot 14:2223,2133,2124,2412,2682,2547,2187,2367,2106,2466,2493,2178,2673,2583,2205,2241,
Shot 15:2898,2772,2934,2871,2889,2844,2691,2907,
Shot 16:3150,3519,3420,3186,3078,3042,2952,3438,3474,3339,3060,3492,3087,3069,3159,3528,3096,3132,
Shot 17:3546,3573,3582,3537,3555,
Shot 18:3663,3609,3699,3708,
Shot 19:3726,3789,
Shot 20:3978,3879,3843,3996,3933,3816,3915,3960,
Shot 21:4068,4095,
Shot 22:4104,
Shot 23:4185,4149,4203,4221,4176,
Shot 24:4257,
Shot 25:4302,4320,
Shot 26:4338,
Shot 27:4473,4491,4428,4500,4482,4446,4455,
Shot 28:4563,4509,4527,4590,4599,4545,4554,4617,
Shot 29:4644,
Shot 30:4653,
Shot 31:4671,4689,4662,4680,
Shot 32:4851,4698,4860,
Shot 33:4878,4869,4887,
Shot 34:4923,4896,4905,4914,4932,
Shot 35:4959,5013,4941,4986,4950,4968,
Shot 36:5175,5247,
