Shot 0:36,9,18,27,45,
Shot 1:99,72,153,189,180,81,135,
Shot 2:198,
Shot 3:234,675,558,567,207,522,504,450,639,648,612,216,549,765,405,288,225,
Shot 4:891,972,837,819,1089,927,990,909,864,873,936,846,882,945,
Shot 5:1827,1386,1287,1368,1467,1584,1179,1791,1143,1422,1692,1638,1611,1512,1314,1296,1431,1782,1566,1854,1881,1800,1809,
Shot 6:1944,1908,2313,2322,2133,2331,1917,
Shot 7:2376,2466,2574,2448,2529,2421,2484,2592,2457,2439,2385,
Shot 8:2610,
Shot 9:2619,2646,
Shot 10:2655,
Shot 11:2664,2682,
Shot 12:2718,
Shot 13:2772,2763,2844,2745,2727,2790,
Shot 14:2880,3249,3177,3123,3060,2916,3240,
Shot 15:3339,3258,3267,3438,
Shot 16:3510,3519,
Shot 17:3537,3528,3546,
