Shot 0:9,
Shot 1:18,
Shot 2:54,27,405,369,81,36,171,90,252,72,135,45,
Shot 3:414,
Shot 4:567,783,540,837,774,693,522,639,684,423,459,477,549,792,630,729,
Shot 5:882,846,927,
Shot 6:1098,954,1035,1062,1017,1026,1071,1080,1044,1116,990,1089,1107,1125,963,
Shot 7:1242,1179,1143,1305,1197,1188,1224,1251,
Shot 8:1323,1386,1431,1413,1359,1314,1332,
Shot 9:1476,1566,1440,1512,1557,1539,1449,1521,1467,
Shot 10:1881,1962,2142,1737,2079,1944,2025,2133,2106,1782,1638,1935,1692,1746,1818,2124,1917,1953,1791,1656,1800,2016,1899,
Shot 11:2151,2160,
Shot 12:2169,2259,2214,
Shot 13:2304,2268,2277,2322,2286,
Shot 14:2385,2331,2367,2358,2349,2394,
Shot 15:2421,2457,2448,2439,2412,
Shot 16:2493,2466,2484,2502,2475,
Shot 17:2565,2511,2547,2520,
Shot 18:2745,2583,2772,2655,2763,2646,2736,2637,2628,2673,2754,2601,2619,2691,2664,2709,
Shot 19:2781,
Shot 20:4176,3258,4464,5157,3456,3411,3366,4473,5031,5130,3312,5013,4617,3834,4491,3321,3420,4257,4050,3150,4221,2961,5058,2826,4455,3987,3681,2790,4068,4428,3339,3654,4329,4302,3348,3807,4878,3618,4707,3429,2862,5085,3330,3843,3267,4203,3645,3204,3465,3933,3276,3852,3384,4509,5094,3708,5004,4374,3519,3159,4554,4662,3303,4149,4824,3627,4626,3690,4842,4599,4167,3663,4671,
Shot 21:5175,5166,5184,
Shot 22:5193,5202,
Shot 23:5211,
