Shot 0:288,63,189,306,252,135,90,297,9,279,
Shot 1:333,432,
Shot 2:603,1089,1008,1521,1107,1323,1602,1701,1431,1269,1080,1197,891,1098,1647,540,963,1566,747,684,585,648,558,
Shot 3:1728,1755,1773,1719,
Shot 4:1818,
Shot 5:1890,2016,1971,2070,1944,1989,1908,1872,
Shot 6:2151,2106,2160,
Shot 7:2187,2340,2277,2169,2304,2178,2232,
Shot 8:2466,2556,2394,2421,2376,2439,2412,2484,2457,
Shot 9:2610,
Shot 10:2691,2700,
Shot 11:2718,2754,
Shot 12:2781,
Shot 13:3465,2916,3915,3204,3015,3879,4131,3843,3249,3339,3276,3600,3402,4014,3078,4104,3357,3042,3969,3141,3672,3231,2997,2961,3942,3321,3375,3537,2979,2943,2934,4140,3897,3510,2988,
Shot 14:4221,5130,5490,5670,4572,5625,5958,4716,5652,4392,4563,4770,5013,5166,5175,5724,5067,5391,5085,4356,4518,4401,5661,5337,5571,4455,4419,4347,4365,5409,5454,4293,5778,4257,5679,4437,4473,4284,4239,4203,4311,5850,5805,4212,5877,
Shot 15:6003,6102,
Shot 16:6111,
Shot 17:6120,
