Shot 0:9,18,
Shot 1:36,
Shot 2:45,180,
Shot 3:234,
Shot 4:315,243,270,297,342,306,
Shot 5:351,
Shot 6:360,
Shot 7:549,369,378,414,567,558,540,423,
Shot 8:783,648,909,891,900,684,873,855,828,675,666,738,
Shot 9:1161,1206,918,1107,1188,981,1170,1071,1143,1152,1179,
Shot 10:1215,
Shot 11:1251,1224,1233,1269,1260,1242,
Shot 12:1467,1368,1323,1494,1413,1395,1458,
Shot 13:1512,1503,1557,
Shot 14:1944,1755,1845,1656,2025,1899,1719,1611,1890,1872,1827,1908,1782,1962,1998,1980,1926,2016,
Shot 15:2070,2043,2097,2061,2079,
Shot 16:2268,2124,2232,2295,2187,2214,2286,2277,2259,
Shot 17:2394,2304,2322,2340,
Shot 18:2421,2574,2520,2412,2430,
Shot 19:2655,2583,2691,2682,2592,2646,2664,2628,
Shot 20:2718,2736,2700,2709,2727,2745,
Shot 21:2781,2817,2799,2772,
Shot 22:2844,2979,2880,3051,2934,2862,
Shot 23:3213,3132,3087,3258,3159,3240,3114,3195,3177,3231,
Shot 24:3294,3357,3339,3312,3276,
Shot 25:3438,3384,3366,3411,3375,3393,3420,3456,3402,3447,3429,
Shot 26:3582,3636,3501,3663,3600,3555,3618,3528,
Shot 27:3843,3834,3717,
Shot 28:3906,3924,
Shot 29:3951,
Shot 30:3969,3996,
Shot 31:4086,4095,
Shot 32:4230,4185,4203,4113,4221,4176,4248,
Shot 33:4743,4788,4446,4509,4779,4653,4545,4491,4464,4761,4527,4770,4734,
Shot 34:4824,4923,4878,4797,4932,4905,4860,4842,4887,4815,4833,
Shot 35:4959,5040,5058,4995,4941,4977,5067,5022,5049,4986,4968,4950,
Shot 36:5247,5139,5103,5148,5193,5121,5211,5076,5130,5229,
Shot 37:5301,5310,5283,
Shot 38:5346,5328,5319,5337,5373,5355,
Shot 39:5418,5481,5526,5499,5454,5436,
Shot 40:5544,5553,
Shot 41:5814,5562,5760,5580,5598,5616,5715,5571,5868,5805,5742,
Shot 42:5886,5904,
Shot 43:5922,
Shot 44:5931,
Shot 45:6057,6318,6291,6201,5967,6255,6219,6156,6309,6237,6273,6030,5994,5949,6300,6102,6282,6264,6048,6075,
Shot 46:6345,6372,6363,6336,6381,
Shot 47:6408,6435,6426,6399,6417,
Shot 48:6813,6993,6678,6714,6444,6939,6534,6507,6579,6741,6588,6660,6984,6921,6867,6615,6876,6498,6858,6687,6930,6750,6453,6525,6543,6957,6777,6597,6633,6795,6948,6642,6885,6768,
Shot 49:7002,
