Shot 0:279,99,216,234,27,
Shot 1:639,414,531,774,450,396,747,486,792,405,387,540,675,810,522,603,342,855,666,423,513,720,801,549,378,684,657,
Shot 2:882,900,873,891,
Shot 3:1206,1395,1539,1287,1476,1026,1251,1422,1467,1008,1386,1458,936,1440,1548,1296,1584,1035,1413,1305,1566,909,1071,1062,1350,999,1449,1134,1089,1332,1017,1188,
Shot 4:1593,1620,1602,
Shot 5:1638,1629,1647,
Shot 6:1674,1656,1710,1701,1692,1665,1683,
Shot 7:1782,1728,1755,1719,1791,
Shot 8:1800,1809,
Shot 9:1818,1827,
Shot 10:1854,1845,1836,1863,
Shot 11:1899,1908,1881,1872,1890,1962,2061,2052,2007,1953,2043,1935,1926,
Shot 12:2106,2088,2097,2079,
Shot 13:2124,2133,2115,
Shot 14:2142,
Shot 15:2160,2178,2169,
Shot 16:2187,2205,2196,
Shot 17:2214,2241,2223,2232,
Shot 18:2286,2259,2277,
Shot 19:2340,2304,2295,2322,2313,2349,2331,
Shot 20:2358,2376,
Shot 21:2394,
Shot 22:2421,2430,
Shot 23:2439,2457,2448,
Shot 24:2466,
Shot 25:2484,2493,2502,
Shot 26:2511,
Shot 27:2520,2529,
Shot 28:2538,
Shot 29:2565,
Shot 30:2601,2610,2619,2574,2583,2592,
Shot 31:2637,
Shot 32:2691,2646,2700,2655,2673,2664,2682,
Shot 33:2709,2781,2772,2745,2754,2727,
Shot 34:2808,2889,2907,2862,2790,2844,2817,2925,2871,2835,2898,2799,2853,
Shot 35:2979,2934,2997,3006,2952,2961,2988,2970,
Shot 36:3024,3060,3159,3204,3186,3231,3087,3078,3096,3123,3141,3195,3051,3177,3015,3114,3033,3222,3150,3132,3069,
Shot 37:3258,
Shot 38:3276,3294,3285,
Shot 39:3303,
Shot 40:3366,3411,3321,3339,3402,3393,3330,3384,3375,3348,3357,
Shot 41:3636,3582,3555,3600,3609,3618,3528,3627,
Shot 42:3645,3654,
Shot 43:3726,3672,3762,3690,3753,3663,3681,
Shot 44:3807,3870,3825,3843,3861,3780,3852,3771,3816,
Shot 45:3888,
Shot 46:3906,3897,3915,
Shot 47:3996,4014,4086,3978,4059,4140,4122,4041,3951,3969,3933,
Shot 48:4158,
Shot 49:4320,4230,4167,4176,4203,4239,4212,4257,4266,4383,4365,4329,4374,4347,4338,
Shot 50:4698,4482,4743,4509,4536,4401,4518,4734,4572,4428,4500,4599,4725,4653,4446,4626,4716,4464,4563,
