Shot 0:27,9,18,
Shot 1:63,99,36,
Shot 2:252,153,135,162,117,144,180,198,189,234,207,
Shot 3:261,
Shot 4:288,819,270,333,306,792,729,477,585,423,927,378,297,279,
Shot 5:954,
Shot 6:1179,981,963,1197,1305,1287,990,1107,1359,1260,1125,1170,
Shot 7:1395,1422,1386,1413,1377,
Shot 8:1845,2583,1431,2115,2034,1503,2547,1548,1521,2007,2565,2610,2232,1476,2043,1755,1557,1917,2223,2304,1908,2160,1467,2403,1710,2070,2169,1728,2097,1449,1836,1872,2322,2214,2286,2601,1854,1863,1539,1737,2340,2268,2628,1566,2331,
Shot 9:2808,2817,
Shot 10:3942,4815,3393,3348,4275,5040,4797,5094,5526,3582,2835,4599,5229,5004,5139,3087,4635,3375,3474,2889,5301,3366,4887,2997,5076,4167,4734,3537,3861,3141,5193,4941,4572,3843,4473,5355,3357,5166,4923,5274,2952,5247,3411,3483,5112,3402,4365,4140,3951,3654,3033,5121,3240,4050,3123,3168,3573,5202,5067,4545,4851,4248,4905,4518,4491,3384,3753,2925,3591,3825,5130,5211,5184,4680,5022,4806,
