Shot 0:828,855,540,234,378,990,783,963,486,1026,621,567,657,198,243,513,801,117,1071,927,909,441,162,684,18,450,1062,63,144,999,873,504,765,99,756,423,468,522,954,36,639,891,9,414,864,792,612,135,45,846,531,972,810,819,
Shot 1:1107,1116,1080,
Shot 2:1125,
Shot 3:1134,
Shot 4:1143,
Shot 5:1170,1152,1188,1161,1179,
Shot 6:1251,1350,1287,1206,1269,1215,1305,1359,1233,1341,1260,1242,1197,1278,
Shot 7:1368,
Shot 8:1386,1377,1413,1395,
Shot 9:1539,1611,1521,1656,1629,1575,1422,1566,1467,1593,1620,1494,1557,1647,1548,1530,
Shot 10:1665,
Shot 11:1755,1710,1674,1791,1827,1782,
Shot 12:1845,1872,
Shot 13:1890,
Shot 14:1944,1926,1962,
Shot 15:2025,1998,1980,2034,
Shot 16:2106,2133,2124,2052,2115,2088,
Shot 17:2169,2331,2142,2232,2259,2151,2286,2214,2250,2187,2160,2304,
Shot 18:2349,2367,2358,
Shot 19:2376,2385,
Shot 20:2412,2394,2403,2421,
Shot 21:2430,
Shot 22:2439,2448,
Shot 23:2457,
Shot 24:2475,2466,2484,
Shot 25:2493,
Shot 26:2556,2709,2682,2628,2610,2502,2808,2727,2529,2673,2700,2520,2745,2583,2646,2538,2547,2574,
Shot 27:2889,3006,2844,2988,2862,3033,2943,2997,3087,2961,2925,3015,3177,2871,2934,2916,3069,2835,2880,
Shot 28:3267,3195,3249,3285,3213,3258,
Shot 29:3312,3348,3330,3303,3321,
Shot 30:3411,3384,3393,3357,3366,3402,3420,
Shot 31:3429,3438,
Shot 32:3483,3555,3627,3636,3591,3528,3609,3510,3573,3618,3564,3546,3600,3474,3492,
Shot 33:3690,3663,3645,3717,3681,
Shot 34:4032,3726,3942,3816,3987,3852,3870,4005,4050,3978,3753,3969,4041,4023,3744,3897,
Shot 35:4176,4257,4059,4203,4131,4230,4104,4077,4149,4140,4122,4248,4086,4068,4239,4158,4167,4194,4185,
Shot 36:4509,4563,4293,4266,4545,4455,4527,4428,4356,4554,4473,4320,4401,4491,4284,4464,4518,4275,
Shot 37:4707,4626,4833,4662,4725,4572,4644,4653,4824,4635,4680,4698,4779,4608,4716,4815,
Shot 38:4842,
Shot 39:4851,
Shot 40:4878,4860,4869,4887,
Shot 41:4923,4914,4932,
Shot 42:5292,5445,5427,5364,5373,5418,5004,5355,5436,5265,5058,5193,5382,5328,5094,5346,5139,5274,5031,5283,5301,
Shot 43:5463,5454,5472,
Shot 44:5481,
Shot 45:5490,
Shot 46:5508,5670,5553,5607,5517,5598,5625,5499,
Shot 47:5823,5751,5697,5841,5868,5850,5733,5859,5688,5814,5832,5715,
Shot 48:5904,5940,5985,5967,5886,5931,
Shot 49:6012,
Shot 50:6030,
Shot 51:6048,6039,6057,
Shot 52:6147,6183,6246,6201,6219,6174,6129,6192,6255,6165,6210,6138,
Shot 53:6264,
Shot 54:6309,6372,6363,6354,6273,6345,6291,6318,
Shot 55:6480,6498,6399,6408,6390,6426,6381,6453,6471,
Shot 56:6570,6759,6687,6696,6624,6552,6786,6534,6660,6750,6678,6516,6606,6561,6579,
Shot 57:6831,6813,6822,6840,6804,
Shot 58:6858,
Shot 59:6894,6867,7074,6876,7092,7029,7083,6921,6885,
Shot 60:7326,7110,7290,7227,7299,7128,7344,7317,
Shot 61:7362,
Shot 62:7371,7380,
Shot 63:7398,
Shot 64:7461,7497,7488,7434,7470,7443,7452,
Shot 65:7524,7506,7515,7533,
Shot 66:7551,
Shot 67:7569,7560,7578,
Shot 68:7587,
Shot 69:7632,7596,7605,7614,7623,
