Shot 0:909,369,108,396,1008,9,324,315,1098,684,1053,477,126,792,405,1071,756,864,1035,90,981,189,459,423,1089,666,306,720,117,576,765,270,1062,774,630,882,810,738,990,333,837,1017,72,963,936,972,1026,612,891,999,414,432,558,900,342,
Shot 1:1341,1260,1161,1305,1242,1368,1404,1440,1152,1386,1188,1116,1224,1179,1197,1323,1287,
Shot 2:1485,1602,1620,1548,1593,1584,1512,1530,1476,
Shot 3:2601,3771,1890,3564,3789,3735,3672,1692,3708,3780,3762,3600,3060,3078,2988,1836,3690,3726,3519,2376,2808,2196,3636,2979,1629,3717,2583,1710,1647,
Shot 4:3915,3843,3825,3834,3798,3852,3807,3870,3861,3816,3879,3897,3906,
Shot 5:3924,
Shot 6:4113,4248,4167,4275,4257,4149,4014,4059,4131,4185,4032,4194,4203,4122,
Shot 7:4302,4338,
Shot 8:4410,4464,4572,4536,4563,4374,4590,4554,4518,4617,4527,4491,4545,4356,4446,4509,4383,4482,4392,4608,4428,4419,4455,4401,
Shot 9:4626,
Shot 10:4671,4689,4680,4635,4644,4653,4662,
Shot 11:4788,4716,4698,4851,4761,4824,4797,
Shot 12:4968,5049,4923,5031,4932,5004,4950,4986,
Shot 13:7209,5283,5202,8424,8946,5679,8280,8559,5085,5175,8712,5976,5652,8739,5220,5715,5112,5148,8343,5670,5364,8901,8487,8541,8874,7902,8622,5319,7740,5193,6012,8091,8748,8730,5697,5454,8217,7857,5130,5211,6498,5688,5076,7875,6003,8685,8838,5634,5841,5256,8721,8046,8973,8937,8379,6021,5778,8118,5166,5733,5760,5409,8397,6507,5589,5967,5094,6138,6489,8649,5850,8451,7956,5427,5796,7722,5535,5706,8595,7884,5904,5481,6030,8145,7506,5508,5400,8658,7920,6777,8955,5418,6183,6561,7434,6057,6813,7263,6705,6435,7182,7551,7326,6543,
Shot 14:9036,8991,9216,9153,9054,9108,
Shot 15:9801,10305,9324,9405,10251,10287,9459,9351,10017,9702,10314,9954,10116,9837,9387,10269,9882,9747,9423,10197,10134,9819,9711,9765,9909,
Shot 16:13140,10350,10557,10710,14193,10404,11880,13068,10485,11133,11529,10584,10422,11034,11277,10512,13059,13221,10449,14211,11349,14031,10377,13176,10809,10737,13977,10611,13104,12573,11115,10953,11583,10530,11169,10323,12591,13761,10638,14058,11322,13851,13707,11511,10593,10575,14013,10332,13077,11205,10368,13158,13464,13347,11628,13122,10386,10629,12627,13113,10656,11367,13131,11691,11754,13428,10818,
Shot 17:14382,14220,14364,14355,14715,14301,14400,14346,14229,14463,
Shot 18:15030,14994,14976,14787,15102,14886,15021,
Shot 19:16164,16542,15534,15759,15984,15894,16002,17622,17694,15174,17244,17559,17640,16353,17523,15723,16830,16956,17334,15426,16641,16281,16488,16137,
