Shot 0:9,
Shot 1:153,144,198,
Shot 2:243,306,
Shot 3:495,333,324,486,
Shot 4:540,576,504,
Shot 5:594,666,585,
Shot 6:675,684,
Shot 7:1044,1089,837,1134,1071,918,846,945,1125,981,855,882,756,963,1080,1062,1053,990,
Shot 8:1197,1170,1152,1161,1206,1143,1179,1188,
Shot 9:1251,1224,1215,1242,1233,1260,
Shot 10:1350,1422,1440,1341,
Shot 11:1602,1521,1665,1512,1593,
Shot 12:2016,1791,1710,2052,1890,1755,1854,1818,1962,1881,1674,1953,2043,1971,2034,
Shot 13:2133,2205,2124,2196,
Shot 14:2277,2286,2214,
Shot 15:2367,2349,2358,2295,2385,
Shot 16:2700,2538,2448,2619,2781,2520,2601,2772,2691,2457,2763,2529,2682,
Shot 17:2853,2934,
Shot 18:3177,3033,3258,3087,2943,2970,3078,3051,3006,3096,3249,2988,3042,3168,3240,3186,
Shot 19:3348,3420,3411,3339,
Shot 20:3492,3618,3636,3537,3456,3429,3474,3483,3555,3501,3609,
Shot 21:3852,3933,3654,3699,3807,3753,3717,3762,3924,3843,3915,
Shot 22:4014,4104,4086,4095,4005,4077,
Shot 23:4311,4212,4122,4293,4194,4149,4500,4221,4302,4455,
