Shot 0:504,801,846,333,549,1017,864,9,981,1287,477,891,657,1035,1008,693,414,1134,225,1305,261,747,945,1215,1116,396,234,594,1053,567,855,522,1107,432,819,828,873,1323,765,459,1278,1296,900,243,999,513,1062,1080,531,1143,774,1251,1188,603,918,540,963,783,18,
Shot 1:1350,1386,1377,1332,
Shot 2:1458,1413,1431,1485,1404,1440,1422,1449,1476,1467,
Shot 3:1557,1602,1494,1584,1512,1530,1503,1548,1566,
Shot 4:1611,1620,
Shot 5:1926,2052,1656,1755,1800,1773,1719,1818,2043,1827,2016,1872,
Shot 6:2250,2520,2430,2358,2061,2394,2070,2457,2331,2475,2349,2196,2088,2295,2538,2115,2493,2214,2529,
Shot 7:2772,3303,2619,3159,2556,3276,2997,3141,3015,3240,3330,2925,2979,2700,3177,3258,3114,2646,2718,3033,2601,3321,2943,3105,3222,2628,2808,3312,2574,3294,2745,3168,2763,2790,
Shot 8:3456,3375,3537,3492,3339,3357,3510,3402,3474,3555,3366,3483,3384,3393,3420,3501,3348,3546,3447,3465,3528,
Shot 9:3627,3582,3618,3600,3645,
Shot 10:3663,3672,3654,
Shot 11:3753,3780,3690,3717,3735,3789,3771,
Shot 12:3825,3798,3852,3843,3816,
Shot 13:4275,4536,3861,4482,4311,4059,
Shot 14:4869,4707,4905,4743,4833,4887,4860,4734,
Shot 15:5400,5112,5292,5265,6201,4977,6093,6129,5166,5868,5085,6363,6048,5301,5940,5364,
Shot 16:6903,6831,6921,6408,
Shot 17:7056,6930,7254,7110,6966,6939,7173,7074,7209,7038,
Shot 18:7650,7353,7596,
Shot 19:8136,8325,7695,8298,8289,8307,8523,8415,8244,8037,8262,7848,8217,8001,
Shot 20:9054,8532,9000,9378,
