Shot 0:9,36,
Shot 1:135,171,333,99,252,45,180,108,261,162,324,117,
Shot 2:342,
Shot 3:351,396,
Shot 4:405,441,
Shot 5:450,468,
Shot 6:495,513,486,531,477,
Shot 7:558,567,549,
Shot 8:711,612,576,729,693,585,702,720,
Shot 9:900,927,846,918,855,891,882,
Shot 10:945,972,936,954,
Shot 11:999,
Shot 12:1035,1017,1053,1044,1008,1026,
Shot 13:1089,1107,1071,1116,
Shot 14:1188,1260,1134,1152,1215,1233,1161,1224,1143,1170,1197,
Shot 15:1548,1440,1287,1386,1458,1323,1359,1476,1404,1494,1413,1530,
Shot 16:1629,1701,1665,1692,1593,1638,1620,1656,1674,1602,1575,1647,
Shot 17:1728,1737,1746,1719,1755,1710,
Shot 18:1899,1791,1773,1935,1854,1782,1764,1881,1827,1872,1926,1908,
Shot 19:2061,1971,2106,2097,2160,2025,1989,2043,2124,2007,1953,2115,2079,
Shot 20:2169,2178,
Shot 21:2187,2196,
Shot 22:2232,2277,2205,2286,2313,2223,2214,2250,2304,
Shot 23:2367,2403,2430,2340,2385,2421,2376,2358,
Shot 24:2547,2448,2475,2574,2439,2565,2457,2511,2529,
Shot 25:2619,2628,2610,2637,
Shot 26:2727,2646,2655,2709,2736,
Shot 27:2772,2853,2862,2871,2754,2826,2745,2889,2835,2763,2808,2790,
Shot 28:2898,
Shot 29:2907,
Shot 30:3015,2961,3042,2970,3087,3060,3096,2997,2979,2943,2988,3105,2934,3006,3024,
Shot 31:3312,3159,3366,3222,3240,3114,3141,3186,3276,3339,3258,3303,3213,3285,3123,3330,3348,
Shot 32:3519,3555,3393,3474,3411,3492,3465,3429,3501,3537,3573,
Shot 33:3609,3618,3600,
Shot 34:3627,
