Shot 0:549,9,639,648,603,423,459,630,504,567,621,585,441,477,531,495,612,576,558,513,432,450,594,540,
Shot 1:693,738,657,720,666,702,684,
Shot 2:765,747,774,
Shot 3:846,801,900,810,792,819,864,837,
Shot 4:909,
Shot 5:918,
Shot 6:999,927,936,1017,945,972,1008,990,954,
Shot 7:1026,
Shot 8:1035,
Shot 9:1044,1053,
Shot 10:1062,
Shot 11:1080,1098,1116,1089,1134,1071,1107,
Shot 12:1206,1188,1161,1197,1215,
Shot 13:1224,
Shot 14:1233,
Shot 15:1242,
Shot 16:1251,1269,
Shot 17:1278,
Shot 18:1332,1476,1287,1503,1368,1431,1305,1296,1494,1314,1449,1350,1323,
Shot 19:1539,1512,1548,1530,
Shot 20:1584,1557,1602,1566,1593,1575,
Shot 21:1611,1620,
Shot 22:1638,1647,1629,
Shot 23:1656,1665,
Shot 24:1701,1755,1674,1764,1737,1683,
Shot 25:1773,
Shot 26:1782,1791,
Shot 27:1809,1917,1926,1899,1872,1908,1890,1845,1827,1800,
Shot 28:2061,2097,1935,2079,1989,1962,2043,
Shot 29:2133,2115,2124,2106,2142,
Shot 30:2187,2151,2214,2205,2160,2196,2178,
Shot 31:2232,2286,2250,2223,
Shot 32:2331,2376,2358,2340,2313,2349,2322,2367,
Shot 33:2394,2502,2439,2421,2466,2412,2385,
Shot 34:2511,
Shot 35:2547,2601,2520,2646,2664,2628,2529,2574,2637,2538,2556,2610,2592,2655,
Shot 36:2673,
Shot 37:2691,2727,2709,2718,2700,2682,
Shot 38:2736,2745,
Shot 39:2754,2763,
Shot 40:2790,2781,2772,
Shot 41:2889,2817,2799,2853,2835,2871,2862,2907,
Shot 42:2934,2925,2943,
Shot 43:2970,2952,2988,2961,
Shot 44:3024,3060,2997,3033,3042,3051,3015,
Shot 45:3096,3078,3123,3114,3087,
Shot 46:3132,
Shot 47:3141,3150,
Shot 48:3159,3168,
Shot 49:3222,3186,3267,3195,3204,3177,3258,3231,
Shot 50:3294,3276,3285,
Shot 51:3303,
Shot 52:3474,3411,3366,3312,3420,3339,3429,3321,3447,3384,3402,3375,3348,3330,3483,3465,
Shot 53:3528,3492,3501,3510,3546,
Shot 54:3582,3600,
Shot 55:3744,3681,3672,3762,3699,3753,3708,3717,3726,
Shot 56:3771,
Shot 57:3924,4077,4104,4014,3870,4095,3978,3780,4059,3987,4113,3996,4086,4032,3879,4068,3897,3861,4005,4050,3888,3969,4023,3789,3960,3915,4041,3834,3906,3942,3798,
Shot 58:4149,4176,4185,4131,4230,4122,4140,4194,4158,
Shot 59:4275,4284,
Shot 60:4320,4356,4347,4293,4302,4329,
Shot 61:4392,4365,4410,4401,4383,
Shot 62:4428,4437,4419,
Shot 63:4518,4464,4527,4536,4491,4509,
Shot 64:4545,
Shot 65:4563,4572,4554,
Shot 66:4581,4590,
Shot 67:4617,4671,4662,4599,
Shot 68:4680,4689,
Shot 69:4725,4788,4779,4707,4797,4770,4716,4761,4698,4752,4734,
Shot 70:4860,4815,4842,4878,4833,4806,4869,4851,
Shot 71:4986,4932,5112,5031,5166,4896,5139,5148,5049,4968,5013,5130,4959,4977,5076,4950,4905,5085,4995,4923,5022,4941,
Shot 72:5193,5175,5220,5202,
Shot 73:5346,5526,5445,5238,5409,5265,5319,5391,5490,5571,5328,5373,5499,5418,5463,5364,5427,5562,5355,5436,5337,5517,5553,
Shot 74:5589,5598,5580,
Shot 75:5634,5607,5670,5616,5625,5661,
Shot 76:5724,5751,5796,5778,5760,5769,5679,5787,5697,5688,5733,5805,5715,
Shot 77:5814,5823,
Shot 78:5859,5832,5886,5850,5868,5841,
Shot 79:5904,5922,5913,5895,
Shot 80:5949,5931,5985,5940,
Shot 81:6012,6030,6003,6021,
Shot 82:6048,6093,6102,6075,6039,
Shot 83:6111,6120,
Shot 84:6138,6183,6156,6129,
Shot 85:6255,6318,6291,6264,6300,6246,
Shot 86:6399,6336,6381,6363,6345,6372,6390,6444,6417,
Shot 87:6516,6462,6489,6498,6471,6507,6525,
Shot 88:6687,6588,6552,6867,6912,6606,6822,6615,6939,6561,6750,6840,6921,6543,6723,6633,6768,6624,6732,6579,6930,6642,6597,6831,6948,6705,6804,6876,6570,6660,6858,6777,6795,6813,
Shot 89:6966,6984,6957,
Shot 90:7002,6993,7011,
Shot 91:7029,7020,7038,
Shot 92:7092,7047,7128,7065,7056,7074,7083,7119,7101,
Shot 93:7182,7227,7137,7146,7164,7245,7209,7173,7236,7191,
Shot 94:7362,7434,7263,7290,7254,7398,7317,7272,7335,7380,7416,7425,7353,7371,
Shot 95:7461,7443,7488,7452,
Shot 96:7587,7668,7524,7542,7551,7632,7569,7605,7623,7560,
Shot 97:7848,7686,7902,7695,7713,7884,7731,7875,7893,7776,7857,7839,
Shot 98:7911,
