Shot 0:27,9,18,45,
Shot 1:126,144,135,
Shot 2:189,243,225,270,153,216,171,234,261,207,252,198,
Shot 3:279,
Shot 4:360,387,459,297,477,423,315,450,333,414,378,468,306,369,342,351,288,324,
Shot 5:486,495,
Shot 6:504,
Shot 7:522,513,531,
Shot 8:540,549,
Shot 9:612,756,720,693,747,666,558,585,
Shot 10:837,774,801,819,864,792,810,828,855,846,
Shot 11:1098,936,882,1017,1215,891,972,1224,873,909,990,1035,999,900,954,1134,1008,1170,981,1062,963,918,1116,1044,1080,
Shot 12:1287,1251,1242,1260,1233,1269,1278,1296,
Shot 13:1341,1314,1386,1323,1350,1332,1377,1305,
Shot 14:1404,1467,1449,1395,1413,
Shot 15:1548,1494,1638,1620,1503,1602,1476,1485,1656,1521,1593,1584,1530,1647,1566,
Shot 16:1764,1665,1710,1737,1782,1746,1719,1674,1728,1692,1755,1773,
Shot 17:1800,1854,1872,1836,1818,1791,
Shot 18:1899,1926,1890,1908,
Shot 19:1953,1935,1944,1962,
Shot 20:2097,2277,2295,2340,2061,2034,2169,2313,2322,1980,2052,2205,2070,2223,2178,2025,2133,2079,2160,2007,
Shot 21:2358,2367,
Shot 22:2403,2376,2421,2412,2394,
Shot 23:2457,2430,2475,2439,2448,2466,
Shot 24:2493,
Shot 25:2835,2502,2547,2592,2655,2754,2943,2628,2583,2520,2781,2799,2709,2934,2610,2925,2682,2907,2745,2574,2646,2916,2529,2736,2511,2538,2808,2898,2556,2871,2817,2826,2844,
Shot 26:2979,3015,2952,3006,2997,2961,2988,2970,
Shot 27:3042,3024,3033,3051,
Shot 28:3339,3636,3060,3429,3465,3114,3573,3384,3672,3087,3213,3159,3411,3456,3582,3375,3312,3600,3141,3690,3438,3402,3357,3654,3123,3303,3609,3627,3510,3681,3330,
Shot 29:3816,3888,3771,3708,3789,3852,3879,3798,3780,3762,3834,
Shot 30:3906,4014,3969,4023,3951,3960,3987,3924,3897,3942,4005,
Shot 31:4032,4041,
Shot 32:4122,4059,4086,4257,4275,4239,4194,4050,4068,4320,4077,4095,4167,4113,4131,
Shot 33:4374,4401,4347,4410,
Shot 34:4419,4428,
Shot 35:4464,4482,4437,4473,4455,
Shot 36:4500,4518,4491,
Shot 37:4563,4734,4779,4797,4815,4752,4617,4527,4707,4599,4653,4671,4581,4770,4545,
Shot 38:4833,4842,4824,
Shot 39:4896,5004,4851,4860,5031,4968,4878,4914,5022,
Shot 40:5067,5040,5049,5058,5076,
Shot 41:5247,5157,5103,5211,5130,5148,5193,5229,5085,5220,5175,5112,5121,5274,5094,5238,5256,
Shot 42:5319,5382,5355,5409,5292,
Shot 43:5436,5445,
Shot 44:5472,5463,5454,5481,
Shot 45:5508,5517,5490,5499,
Shot 46:5553,5526,5535,5544,
Shot 47:5634,5661,5670,5598,5616,5562,5697,5679,5652,5571,5688,5625,5643,5580,5589,5607,
Shot 48:5706,5715,
Shot 49:5751,5724,5769,5778,5733,5742,5760,
Shot 50:5787,
Shot 51:5796,5805,
Shot 52:5814,
Shot 53:5823,
Shot 54:5832,
Shot 55:5886,5940,5904,5958,5841,5949,5868,5850,5859,5913,5895,5967,5922,5931,5877,
Shot 56:5976,5985,
Shot 57:5994,6003,
Shot 58:6102,6021,6066,6039,6075,6048,6111,6120,6012,6030,6057,6093,6129,6147,6084,6138,
Shot 59:6183,6156,6165,6174,
Shot 60:6246,6291,6273,6201,6264,6192,6255,6210,6300,6282,
Shot 61:6309,
Shot 62:6327,6336,6318,
Shot 63:6552,6345,7056,6372,7047,6399,6363,6381,6489,6417,7038,7020,6705,6498,
Shot 64:7065,
Shot 65:7110,7074,7083,7092,7101,
Shot 66:7128,
Shot 67:7137,7146,
Shot 68:7425,7542,7506,7155,7524,7191,7488,7173,7560,7236,7533,7398,7443,
Shot 69:7704,7659,7848,
Shot 70:7857,
