Shot 0:9,
Shot 1:306,450,549,495,396,360,540,423,513,342,351,324,486,414,432,441,522,315,
Shot 2:648,675,
Shot 3:801,720,774,765,783,738,747,729,792,
Shot 4:810,837,
Shot 5:864,855,846,873,
Shot 6:918,972,882,954,927,936,909,
Shot 7:981,1152,1251,1215,1017,
Shot 8:1278,1350,1305,1404,1377,1260,1332,1269,1341,
Shot 9:1440,1485,
Shot 10:1755,2034,2052,1854,1917,1809,1890,2016,1953,1719,1782,1827,2025,1881,1926,1773,2007,1728,1746,
Shot 11:2070,2403,
Shot 12:2664,2637,2682,
Shot 13:2700,2727,
Shot 14:2745,2772,
Shot 15:2817,2943,2844,2826,3024,2808,2862,
Shot 16:3042,3033,3051,
Shot 17:3141,3078,3096,3069,3114,3132,3087,3150,
Shot 18:3159,
Shot 19:3186,3465,3231,3438,3168,3240,3402,3204,3537,3213,3429,3177,3456,
