Shot 0:9,99,
Shot 1:108,
Shot 2:135,117,144,126,153,
Shot 3:360,189,270,423,225,297,252,243,324,261,387,234,378,288,414,351,
Shot 4:486,639,621,558,540,585,630,684,450,531,567,513,504,
Shot 5:774,1134,1152,1035,720,882,927,855,1098,747,873,702,972,1143,
Shot 6:1242,1197,1215,
Shot 7:1287,1440,1368,1260,1341,1314,
Shot 8:1521,1467,1566,1476,1494,1548,1503,1485,1512,
Shot 9:1854,2034,1728,1665,1575,1602,1701,1710,1629,1980,1683,1719,1755,1764,1593,1935,1647,1674,1791,1584,1620,1962,1737,2016,1908,2052,1773,1809,1638,1782,1800,1818,1836,1863,
Shot 10:2160,2088,2214,2115,2070,2187,2124,2142,2205,2178,2151,
Shot 11:2322,2268,2385,2295,2349,2241,2367,2313,2340,
Shot 12:2637,2403,2502,2574,2439,2538,2475,2682,2664,2610,2583,2421,2412,
Shot 13:2781,2871,2718,2754,2835,2736,2808,2763,2799,2853,2772,2880,
Shot 14:3051,2898,2979,3015,3033,3042,2961,3060,
Shot 15:3096,3141,3213,3069,3114,3177,
Shot 16:3231,3240,
Shot 17:3357,3249,3267,3402,3285,3312,3276,3384,3330,3348,3294,3303,3321,3393,3366,3375,
Shot 18:3420,3447,
Shot 19:3555,3528,3537,3456,3546,3564,
Shot 20:3726,3609,3591,3672,3636,3654,3690,3699,3600,3627,3735,
Shot 21:3798,3762,3744,3816,3780,3789,3771,3807,
Shot 22:3960,3825,3942,3978,3924,3969,3951,
Shot 23:4455,4293,4176,4140,4527,4086,4203,4329,3987,4500,4257,4419,4023,4365,4221,4545,4122,3996,4509,4158,4041,4437,4068,4536,4014,4131,4212,4491,4320,4518,4005,4554,4428,4464,4032,4482,4284,4446,
Shot 24:4572,
Shot 25:4662,4581,4617,4923,4887,4824,4896,4806,4599,4635,4698,4743,4950,4878,4905,4761,4788,4941,4590,4608,4770,4959,4833,4644,4932,4680,4707,4842,4626,4671,4653,4689,
Shot 26:5166,5040,4968,5004,5211,5121,5193,
Shot 27:5670,5292,5742,5463,5526,5436,5238,5373,5319,5355,5580,5787,5409,5490,5805,5337,5256,5706,5760,5391,5616,5247,5814,5508,5796,5769,5445,5553,5346,5472,5301,5643,5283,5661,5679,5517,
Shot 28:5868,5823,5841,5895,5877,5859,5886,
Shot 29:5985,6174,5931,6120,5904,6228,6030,5949,6012,5913,5967,6192,5922,6075,6093,6003,6156,6183,5994,5976,
Shot 30:6354,6255,6516,6426,6309,6453,6291,6498,6390,6480,6408,6327,6435,6372,6345,
Shot 31:6732,6561,6588,6624,6660,6696,6543,6678,6606,6642,6750,
Shot 32:6795,6759,6840,6768,6813,
Shot 33:6858,6930,6876,6903,6849,
Shot 34:6957,6993,6966,6948,
Shot 35:7002,7038,
Shot 36:7056,7110,
Shot 37:7137,7227,7200,7173,
Shot 38:7290,
Shot 39:7515,7335,7380,7596,7560,7416,7497,7587,7506,7533,7317,7362,
Shot 40:7659,7623,7668,
Shot 41:7677,
Shot 42:7686,7695,
