Shot 0:9,
Shot 1:594,333,558,549,567,531,576,540,252,378,585,603,
Shot 2:612,
Shot 3:621,
Shot 4:639,630,648,
Shot 5:702,720,684,711,
Shot 6:828,765,900,792,756,882,855,729,810,837,819,
Shot 7:909,927,
Shot 8:945,954,
Shot 9:963,
Shot 10:972,981,
Shot 11:1008,999,990,
Shot 12:1035,1089,1062,1071,1098,1017,1080,1026,1044,
Shot 13:1152,1269,1188,1260,1134,1170,1251,1161,1143,
Shot 14:1485,1278,1395,1503,1314,1350,1566,1548,1422,1287,1449,1332,1368,1494,1458,1386,1467,1296,1476,
Shot 15:1593,1665,1647,1629,1656,1611,1575,1584,
Shot 16:1719,1782,1809,1692,1746,1674,1764,1791,1710,1800,1701,1728,1683,
Shot 17:1818,1827,
Shot 18:1881,1854,1890,1872,1836,
Shot 19:1899,1908,
Shot 20:1935,1917,1962,1953,1926,1944,
Shot 21:1980,1989,1971,
Shot 22:2016,1998,2007,
Shot 23:2052,2088,2106,2025,2079,2097,2034,2061,
Shot 24:2115,
Shot 25:2187,2295,2529,2628,2502,2610,2160,2547,2484,2448,2151,2367,2574,2511,2700,2349,2268,2133,2385,2583,2313,2538,2169,2376,2565,2205,2673,2232,2142,2493,2403,2619,2556,2178,2601,2691,2655,2682,2592,2124,
Shot 26:2727,2763,2736,2745,2754,2718,
Shot 27:2808,2772,2790,2781,2799,
Shot 28:2943,2817,2853,2898,2862,2871,2844,2916,2889,2826,2835,2925,2961,2907,2880,2952,2934,
Shot 29:3006,3042,3024,2970,3060,3015,2988,2997,3033,
Shot 30:3069,
Shot 31:3078,
Shot 32:3087,3105,3114,3123,3096,
Shot 33:3294,3159,3375,3213,3186,3132,3177,3150,3249,3195,3168,3357,3339,3321,3141,3204,3222,3348,3267,3240,3312,3258,3303,
Shot 34:3393,3402,
Shot 35:3420,3438,3411,3429,
Shot 36:3447,
Shot 37:3492,3528,3456,3519,3501,
Shot 38:3582,3555,3654,3636,3564,3600,3573,3627,
Shot 39:3744,3681,3780,3717,3798,3663,3771,3708,3816,3735,3789,3762,3753,
Shot 40:3852,3870,3825,3843,
Shot 41:3906,3888,3879,3897,
Shot 42:3915,
Shot 43:3951,3924,3933,3942,
Shot 44:4113,3978,3960,4005,4059,3996,4032,3987,4140,4104,4122,
Shot 45:4194,4221,4239,4230,4212,4167,4203,
Shot 46:4266,4302,4275,4248,
Shot 47:4365,4329,4347,4311,4374,4338,4356,
Shot 48:4437,4392,4455,4446,4410,4401,4419,4428,
Shot 49:4464,
