Shot 0:18,72,27,9,
Shot 1:81,
Shot 2:99,198,180,189,171,90,
Shot 3:936,648,1206,1107,468,558,1485,1224,1125,1026,1116,1134,450,1044,1215,549,1017,1197,567,459,1404,540,639,729,1161,1035,927,
Shot 4:2043,2628,2862,2601,2700,2070,1791,1692,2430,2250,1593,2160,1512,1872,2412,1674,1773,2520,1962,2511,2052,1494,2241,2682,2322,1584,2421,2151,2610,2772,2142,1683,1575,1602,2673,1953,2061,2529,1764,2439,2259,1971,1782,2619,1503,2331,2691,1557,2781,1863,1980,
Shot 5:2880,3024,3006,2871,
Shot 6:3051,3123,3033,3042,
Shot 7:3141,3240,3321,3222,3132,3312,3213,3231,3150,
Shot 8:3420,3330,3510,3501,3519,3348,3492,
Shot 9:3708,3618,3690,3780,3600,3699,3771,
Shot 10:4689,3897,3987,3870,4455,4275,4158,4608,4365,4671,4068,3789,4770,4257,4347,4437,3879,3978,4248,4446,3969,4077,4662,4680,4581,3888,4761,4149,3798,4338,4356,4572,4266,
Shot 11:4779,4941,4788,
Shot 12:4968,5130,5256,5427,5337,5229,5517,5049,5148,5139,4950,5418,5238,5328,5508,5157,5409,4959,5058,5319,5040,5346,5436,5247,5067,
Shot 13:5715,5814,5625,5535,5895,5796,5607,5697,5616,5805,5706,5886,5526,5787,
Shot 14:5976,5904,5985,
Shot 15:6174,6345,6165,6336,
Shot 16:6363,6435,6354,6426,6372,
