Shot 0:9,18,
Shot 1:198,297,63,288,99,279,81,261,144,306,225,
Shot 2:441,378,342,504,369,414,324,477,
Shot 3:1170,729,711,999,1251,990,513,720,1233,1386,900,1215,1008,576,684,1269,1125,927,1044,801,531,963,1152,693,1197,738,
Shot 4:1458,1404,1413,1476,1395,1449,1431,1494,1467,1512,1575,1557,
Shot 5:1656,1782,1737,1746,1755,1602,1728,1773,1692,1629,1719,
Shot 6:2061,2169,2187,1872,1791,1899,2205,1827,2097,1926,2214,1980,2106,2088,2007,2142,2034,
Shot 7:2232,2241,
Shot 8:2250,2286,2277,2268,2259,
Shot 9:2358,2295,2313,2304,2475,2439,2322,2331,2367,2403,2376,2457,2421,2385,
Shot 10:2493,
Shot 11:2565,2655,2637,2529,2664,2610,2502,2520,2592,2538,2511,2547,2619,2574,
Shot 12:2799,2772,2781,2727,2709,2853,2790,2691,2754,2700,2736,2826,
Shot 13:2970,3060,2907,3033,3015,3069,3042,2943,2916,2889,3006,2988,2898,2961,2979,
Shot 14:3222,3078,3195,3330,3186,3456,3312,3132,3159,3483,3141,3267,3249,3168,3339,3465,3501,3114,3285,3492,3357,3375,3150,3204,3258,3321,3438,3276,3096,3303,3123,3474,3402,3393,3348,3294,3213,3177,3231,
Shot 15:3519,
Shot 16:3546,3555,3537,
Shot 17:3573,3609,
Shot 18:3672,3726,3690,3636,3699,3618,3645,3654,
Shot 19:3816,3861,3744,3798,3789,3834,3843,3762,3807,
Shot 20:3879,3888,
Shot 21:3897,
Shot 22:3924,3906,3915,
Shot 23:3960,4023,4059,4041,3942,4014,4032,4086,3996,3987,3978,4050,3933,4095,
Shot 24:4104,
Shot 25:4221,4239,4140,4158,4311,4338,4266,4365,4383,4203,4347,4122,4131,4356,4329,4113,4149,4167,4293,4230,4320,4185,4275,4248,4212,
Shot 26:4428,4446,4410,4419,4437,
Shot 27:4464,4455,4473,
Shot 28:4509,4527,4482,4491,4518,
Shot 29:4536,
Shot 30:4635,4563,4617,4590,4545,4608,4554,4644,4626,
Shot 31:4761,4851,4815,4653,4716,4797,4824,4725,4779,4743,4806,4788,4698,4671,4734,4770,4869,
Shot 32:4887,4878,4896,
Shot 33:4932,5022,4905,4977,5004,4950,
Shot 34:5175,5139,5094,5121,5130,5085,5058,5112,5103,5202,5148,5040,5166,
Shot 35:5355,5220,5265,5283,5301,5346,5319,5337,5382,5364,
Shot 36:5544,5418,5463,5409,5445,5472,5571,
Shot 37:5580,
