Shot 0:2637,3033,3285,2205,477,2457,3294,2232,450,3015,1503,396,3051,1566,1152,3069,2529,2088,2025,2259,2781,432,2466,1134,2934,9,1971,2367,1989,2448,2745,2403,2880,2286,2214,
Shot 1:3312,3384,3375,3393,3303,3348,3330,
Shot 2:3402,3420,
Shot 3:3438,3447,
Shot 4:3546,3456,3537,
Shot 5:3627,3573,3591,3555,3564,3636,3618,
Shot 6:3654,3663,3645,
Shot 7:3699,3861,3681,3672,3753,3780,3771,
Shot 8:3888,3870,3978,3960,3915,3879,3951,3906,3897,
Shot 9:4104,3987,4014,
Shot 10:4212,4374,4149,4365,4230,4338,4158,4356,4203,
Shot 11:4383,4518,
