Shot 0:1179,351,225,549,1512,1467,621,657,9,1611,855,1485,972,1548,594,27,270,189,1053,126,486,720,1521,1026,1305,81,684,1602,1116,252,1269,1152,405,207,585,603,756,288,63,801,1422,936,45,333,567,387,1575,495,531,1008,18,1287,99,1530,1233,702,1593,873,
Shot 1:1629,1638,1647,
Shot 2:1746,1665,1728,1656,1674,1701,1737,1683,1719,1764,1755,
Shot 3:1800,1836,1782,1818,1791,
Shot 4:1863,1872,1854,
Shot 5:1917,2025,2007,1998,1971,2016,1962,1944,1989,1935,1953,1890,1926,1899,
Shot 6:2052,2034,2061,2043,
Shot 7:2079,2088,
Shot 8:2106,2097,2115,
Shot 9:2142,2124,2133,2151,
Shot 10:2277,2538,2736,3231,3267,3096,2916,3006,2970,3159,2673,2988,2907,2655,3051,2160,3141,3078,3123,2619,2457,3222,2943,2799,2961,2592,3240,2493,2646,2682,2520,2349,3033,2664,2205,2466,3177,2394,2241,2304,2925,2502,2178,
Shot 11:3447,3276,3375,3294,3420,3474,3312,3330,3285,3456,
Shot 12:3582,4257,4014,4212,4293,3852,4194,4158,3942,3699,3762,4203,4068,4122,3798,4041,4284,4113,3879,4131,4140,4239,3483,3870,3735,4023,3996,3627,4266,3501,3780,4095,3843,4374,3753,3915,4032,3771,4086,3861,4275,3987,3555,3663,3636,4230,4104,3897,4248,3708,3690,3609,3960,3924,3591,
Shot 13:4410,4500,4446,4428,
Shot 14:4581,4761,4716,4743,4770,4662,4689,4599,4527,
Shot 15:4797,4779,4806,
Shot 16:4869,4815,4833,4851,4896,4887,4842,4878,4860,
Shot 17:4923,4905,4914,4941,
Shot 18:4995,4968,5013,5004,4986,
Shot 19:5112,5067,5094,5040,5022,5103,5130,5031,5076,
Shot 20:5148,5175,5184,5166,5157,
Shot 21:5202,5229,5211,5220,5193,
Shot 22:5238,
Shot 23:5256,5310,5247,5265,
Shot 24:5850,5922,5517,5958,5418,5454,6057,5607,5652,6084,5985,6048,5940,5508,5463,5553,6039,5445,5337,5535,5571,5733,5976,5706,5877,5328,5742,6066,6030,5751,5787,5364,5490,5382,5598,5913,5544,5868,5472,5346,5886,5859,5625,5526,5841,
Shot 25:6102,
Shot 26:6147,6435,6255,6111,6264,6120,6354,6480,6309,6390,6246,6291,6129,6318,6345,6183,6138,
Shot 27:6579,6489,6552,6525,6507,6597,6570,
Shot 28:6615,
Shot 29:6669,6633,6705,6642,6624,6687,6696,6678,6651,6660,
Shot 30:6948,6768,6822,6840,6723,6732,6813,6885,6831,6795,6714,6903,6849,6984,6867,6858,6876,6966,6912,6975,6930,6957,
Shot 31:7110,7524,7578,7605,7029,7461,7326,7362,7569,7065,7623,7191,7209,7488,7380,7047,7146,7560,7425,7128,7101,7056,7596,7011,7119,7614,7551,7632,7137,7335,7542,
Shot 32:7659,7767,7731,7641,7695,7650,7668,
Shot 33:7812,7830,
Shot 34:8145,
Shot 35:8406,8253,8154,8532,8397,8199,8325,8271,8172,8316,8505,8262,8163,8541,8550,8307,8496,8181,8559,8280,8478,8298,8451,
Shot 36:8604,8568,8577,8631,8613,8595,
Shot 37:8685,8649,8694,8667,
Shot 38:8766,9009,8703,9036,8919,8820,8730,8712,8775,8973,
Shot 39:9441,9855,9765,9135,9729,9594,9711,9531,9054,9513,9756,9549,9747,9261,9783,9774,9486,9324,9900,9738,9639,9288,9153,9270,9108,9198,9225,9072,9279,9720,9405,9423,9837,9387,9702,9297,
Shot 40:9954,10071,10089,10107,10053,9945,9999,
Shot 41:10341,10242,10467,10170,10458,10503,10134,10224,10494,10413,10152,10188,10305,10296,10404,10206,10386,10476,10395,10161,10314,10233,10269,10215,10377,10332,10350,10359,
Shot 42:10611,10521,10575,10539,10602,10548,10512,10683,10566,10665,10674,10620,
Shot 43:10710,10692,10701,10719,
Shot 44:10782,11943,11736,11790,11502,11106,11862,10863,11907,10755,10827,
Shot 45:11988,11952,12006,11970,11961,11997,11979,
