Shot 0:243,
Shot 1:333,432,486,459,468,396,504,531,387,315,477,360,324,342,
Shot 2:594,576,585,603,
Shot 3:666,846,756,693,765,612,639,
Shot 4:1026,954,855,909,972,936,990,1044,999,945,981,1008,864,1017,
Shot 5:1431,1917,1710,1071,1125,1989,1053,1791,1584,1971,1323,1485,1062,1827,1521,1755,1890,1368,1179,1935,1233,1548,1080,1566,1638,1503,1449,1773,1404,1143,1854,1134,1620,1278,1467,1359,1341,1782,1665,1629,1647,1152,
Shot 6:2016,2034,2025,2007,
Shot 7:2610,3168,2061,2781,3267,3123,2304,3141,3213,2664,3096,2160,3069,3159,2556,3015,3150,2907,2079,3033,3240,2052,3105,2727,3177,3258,3114,3195,2439,2979,2493,2754,3042,2574,2943,2880,2637,3060,2295,2529,2808,2349,2745,2097,2709,2592,2124,2682,2961,2322,2628,2646,2565,2088,2367,2655,2340,2583,2619,
Shot 8:3744,4203,3924,3987,4086,3861,4275,4158,3474,3645,3357,3807,3546,4239,3285,4059,3438,3582,3888,3708,3492,4284,3321,4194,3555,4005,3906,3384,3780,4185,3618,3762,4257,4221,3996,3942,3663,3330,3573,3915,3636,3465,3969,3348,4167,3978,
Shot 9:4338,4293,4473,4518,4302,4401,4446,4320,4419,4356,4329,4437,
Shot 10:4635,4563,4599,4617,4653,
Shot 11:4752,4725,4869,4734,4698,4851,4779,4833,4743,
Shot 12:5076,5157,5103,4950,5040,4995,5211,4923,5175,4896,5121,4968,5193,5094,5139,5067,5148,
Shot 13:5301,5787,5625,5742,5589,5229,5616,5544,5634,5652,5427,5778,5346,5697,5607,5274,5571,5679,5238,5526,5598,5355,5265,5769,5643,5400,5337,5256,5283,5661,5247,5409,5310,
Shot 14:5796,5805,
Shot 15:5823,5832,
Shot 16:5850,5841,5868,5859,
Shot 17:5877,5886,
