Shot 0:9,
Shot 1:108,18,117,27,
Shot 2:144,216,126,207,198,135,
Shot 3:243,261,252,225,234,
Shot 4:387,306,315,324,270,396,279,333,
Shot 5:423,405,504,414,495,486,
Shot 6:513,522,
Shot 7:576,585,
Shot 8:657,792,693,711,684,783,594,702,774,675,648,
Shot 9:864,801,819,855,837,828,810,882,873,846,
Shot 10:1008,891,1035,1026,900,1017,918,999,936,
Shot 11:1044,1134,
Shot 12:1143,
Shot 13:1260,1512,1395,1287,1413,1278,1152,1422,1404,1521,1161,1296,1431,1170,1305,1269,
Shot 14:1530,1539,
Shot 15:1629,1638,1548,
Shot 16:1665,1755,1647,1656,1746,
Shot 17:1773,1881,1854,1872,1863,
Shot 18:1890,
Shot 19:1908,2025,1899,2016,
Shot 20:2034,2115,2106,
Shot 21:2187,2583,2286,2349,2601,2124,2232,2475,2322,2718,2592,2223,2484,2331,2628,2133,2241,2466,2214,2610,2493,2313,2142,2340,2709,2295,2160,2259,2250,2700,2304,2196,
Shot 22:2835,2727,2844,2736,
Shot 23:2898,2853,2961,2862,2871,2952,
Shot 24:2970,
Shot 25:3069,
Shot 26:3078,
Shot 27:3195,3087,3177,3168,3357,3159,3348,3339,
Shot 28:3375,3483,3366,3474,
Shot 29:3636,3645,3492,3501,3510,
Shot 30:3798,3654,3807,3672,
Shot 31:4041,4284,3951,4140,3816,4158,4068,3960,3969,4059,4149,3825,4077,4167,4176,3834,4050,4086,3978,4014,
Shot 32:4455,4311,4293,4392,4473,4383,4401,4374,4464,4410,
Shot 33:4482,4491,
Shot 34:4563,4572,
Shot 35:4590,4626,4617,4581,4608,4599,
Shot 36:4734,4815,4644,4716,4797,4707,4806,4725,4788,4869,4698,4779,
Shot 37:4878,
Shot 38:4932,4977,4887,4968,4959,4905,4923,4896,
Shot 39:4986,5049,5040,
Shot 40:5112,5058,5067,5130,5121,5103,5094,5085,5076,
Shot 41:5184,5139,5229,5148,5157,5220,
Shot 42:5265,5319,5238,5310,5247,5301,5256,
Shot 43:5328,5346,
