Shot 0:9,
Shot 1:270,
Shot 2:297,378,279,369,288,
Shot 3:396,477,468,387,459,
Shot 4:486,639,567,
Shot 5:648,
Shot 6:783,810,792,684,657,801,666,
Shot 7:945,837,900,882,873,954,855,918,927,936,
Shot 8:972,1116,1071,963,1125,1107,981,
Shot 9:1179,1332,1251,1233,1305,1134,
Shot 10:1377,1386,
Shot 11:1422,1395,1440,1413,1431,
Shot 12:1485,1521,1449,1530,1503,1467,1458,1512,1476,
Shot 13:5292,4500,1647,4941,6030,3717,4140,2394,2781,1908,5274,5121,3420,5472,5157,2997,3312,3870,2241,5427,4860,6012,4329,5760,5778,4734,6021,5823,5958,4239,3087,5175,5886,1755,5787,1539,3132,5850,3168,4077,1737,5328,2043,4275,5544,4743,4383,5742,5454,2844,3555,5499,5859,1746,4653,5301,4194,5985,3339,5643,2295,2889,5517,3150,5994,4356,1602,5067,2574,5679,3042,5868,1683,4419,6003,1863,3258,3933,1548,4842,5832,1620,2313,2943,2520,3069,3609,3393,5409,4788,5148,4590,2862,5481,5094,6039,1953,5967,2799,3348,2763,3456,3321,5166,5184,3771,5283,1638,5193,3573,5913,3123,4761,5112,2259,4671,3105,3159,5058,2412,5139,4401,2547,5877,3303,1557,5202,
Shot 14:6129,6273,6210,6057,6084,6237,6264,6174,6111,6156,6093,
Shot 15:6282,
Shot 16:6642,6291,6498,6597,6300,6309,6615,6588,6813,6606,6318,6624,6804,6795,
Shot 17:6903,7074,6822,
