Shot 0:153,9,162,
Shot 1:207,
Shot 2:216,
Shot 3:270,
Shot 4:297,
Shot 5:3042,2394,1152,423,2259,3411,2025,2718,2493,1368,2385,1602,1242,585,1008,2403,1935,2637,2925,1962,3105,711,540,1251,2628,2232,1359,2376,2745,2448,1611,2790,1926,3258,909,1629,2538,1638,1809,3150,1206,576,2169,2853,2295,1746,2772,3276,3348,2142,1566,3213,2196,2205,702,2970,1089,2898,2151,1197,1035,900,351,1755,1737,2268,2511,558,2592,972,2313,3024,2529,2727,1260,927,432,2943,1620,3186,954,2961,2799,2340,1593,2907,2880,2430,3096,2241,1557,3195,2601,3177,1953,549,369,2781,2421,2286,2304,378,1062,3033,3114,2439,
Shot 6:3456,
Shot 7:3465,
Shot 8:3474,
Shot 9:3483,
