Shot 0:45,162,207,153,144,180,225,72,171,216,81,18,198,9,63,
Shot 1:315,243,234,333,252,270,324,261,279,306,
Shot 2:351,342,360,
Shot 3:378,369,414,396,405,387,
Shot 4:423,
Shot 5:432,
Shot 6:450,531,495,486,504,522,459,441,
Shot 7:549,576,567,540,
Shot 8:585,
Shot 9:612,594,603,
Shot 10:657,783,630,693,621,639,684,666,648,
Shot 11:792,801,
Shot 12:810,
Shot 13:873,819,855,891,837,846,828,864,882,
Shot 14:900,909,
Shot 15:918,936,927,
Shot 16:945,972,963,954,
Shot 17:1044,1143,1278,1008,1116,1188,990,1170,1260,1080,1296,1242,1089,1215,1206,1161,1107,1233,981,1179,1017,999,1251,1287,1224,1134,1197,1026,1071,1269,1035,1125,1053,
Shot 18:1350,1395,1314,1422,1386,1368,1413,1305,1404,1332,1359,1377,
Shot 19:1431,1449,1440,
Shot 20:1638,1458,1485,1557,1521,1539,1593,1611,1674,1503,1584,1467,1656,1575,1629,1602,1647,1548,1719,1701,
Shot 21:1737,
Shot 22:1746,
Shot 23:1764,1773,1755,
Shot 24:1818,1782,1890,1926,1854,1944,1845,1899,1791,1908,1836,1917,1881,1800,1827,1935,1809,
Shot 25:1962,1971,
Shot 26:2367,2160,2142,2556,1989,2718,2214,2196,2709,2736,2340,2115,2178,2421,2250,2727,2628,2313,1980,2349,2601,2223,2529,2358,2169,2331,2691,2124,2448,2322,2412,2151,2304,2547,2385,2205,2187,2232,2277,2403,2286,2034,2394,2493,2295,
Shot 27:2772,2754,2790,2745,2763,2799,2781,
Shot 28:2853,2970,2808,2817,2889,2916,2826,2898,2961,2871,2835,2934,2862,
Shot 29:2979,
Shot 30:3024,2988,3015,
Shot 31:3105,3051,3078,3087,3060,3123,3042,3096,3114,
Shot 32:3132,
Shot 33:3141,3168,3177,3150,
Shot 34:3213,3249,3186,3240,3195,3204,3231,
Shot 35:3258,3267,
Shot 36:3330,3393,3375,3276,3303,3366,3348,3384,
Shot 37:3411,
Shot 38:3447,
Shot 39:3483,3582,3456,3546,3618,3537,3510,3609,3564,3465,3519,3555,3501,3591,3474,3528,3492,
Shot 40:3645,3627,3654,3636,
Shot 41:3663,3672,
Shot 42:3690,3708,3699,3681,
Shot 43:3753,3717,3780,3726,3735,3771,
Shot 44:3798,3807,3789,
Shot 45:3816,3825,
Shot 46:3843,3852,3834,
Shot 47:3870,3861,3879,
Shot 48:4059,4140,3933,4113,3888,3987,3969,4131,4149,4050,3897,4032,3951,4095,4014,3978,4104,3996,3915,3942,4041,4122,3906,4086,4068,
Shot 49:4176,4203,4158,4194,
Shot 50:4230,4284,4212,4275,4221,4248,
Shot 51:4320,4338,
Shot 52:4473,4356,4599,4590,4527,4383,4500,4428,4365,4509,4464,
Shot 53:4617,4653,4662,4698,4680,4716,4644,4671,4626,4608,4743,
Shot 54:4770,
Shot 55:4797,4824,4788,
Shot 56:4905,4878,4923,4887,4914,4896,
Shot 57:4932,
Shot 58:5049,4941,4968,5121,5004,4950,4986,4959,5031,5103,5058,
Shot 59:5193,5130,5148,5157,5175,
Shot 60:5247,5229,5256,
Shot 61:5355,5427,5274,5436,5445,5409,5319,5292,5337,5265,5346,5283,5382,
Shot 62:5463,5499,5481,5454,
Shot 63:5517,5508,5526,
Shot 64:5535,
Shot 65:5544,
Shot 66:5553,5562,
Shot 67:5598,5625,5616,5580,5607,
Shot 68:5634,5661,5652,5643,
Shot 69:5688,5670,5679,5697,
Shot 70:5769,5814,5715,5742,5805,5760,5733,5841,5787,
Shot 71:5886,5895,5877,
Shot 72:5931,6039,5976,6021,6003,6030,6048,5994,6012,5967,5904,5913,5949,
Shot 73:6057,6084,6066,
Shot 74:6093,
Shot 75:6507,6345,6210,6291,6102,6273,6300,6309,6318,6354,6138,6471,6372,6246,6381,6201,6399,6444,6417,6111,6363,6489,
Shot 76:6561,6525,6543,6579,6570,6534,6552,
Shot 77:6588,6597,
Shot 78:6642,6714,6687,6759,6669,6660,6696,6750,6615,6732,6678,6606,6633,6651,
Shot 79:6768,
Shot 80:6939,6903,6777,6912,6930,
Shot 81:7092,7623,7704,7263,7353,7659,7218,7605,7506,7236,7398,7965,7785,7047,7461,7317,7254,7380,7209,7290,7137,7056,7173,7479,7119,7749,7191,
Shot 82:7974,
Shot 83:7992,7983,8010,8001,
Shot 84:8091,8019,8136,
Shot 85:8181,
