Shot 0:198,9,243,117,63,225,99,144,171,162,189,180,54,207,
Shot 1:270,252,297,261,279,
Shot 2:333,360,351,315,
Shot 3:369,378,
Shot 4:540,837,810,711,423,612,396,666,954,765,387,927,441,693,738,792,621,801,495,576,639,414,504,558,522,549,
Shot 5:990,972,981,963,999,
Shot 6:1008,
Shot 7:1080,1242,1278,1188,1053,1017,1224,1152,1062,
Shot 8:1314,1305,1287,1296,1332,1359,1323,
Shot 9:1395,1377,1368,1386,1404,
Shot 10:1476,1665,1575,1620,1638,1413,1602,1440,1584,1566,1422,1521,1494,1449,1431,1458,
Shot 11:1746,1863,1818,1836,1701,1872,1710,1854,1782,1737,1683,1764,1755,1692,1800,1845,
Shot 12:2025,1890,2187,1908,2169,2088,1944,2097,1926,2124,2052,1917,2160,2178,1935,2079,2034,1989,2016,1953,
Shot 13:2205,2259,2241,2214,2232,2196,2223,2250,
Shot 14:2304,2268,2331,2295,2286,
Shot 15:2412,2376,2358,2394,2430,2385,2367,2439,2349,2421,
Shot 16:2547,2448,2457,2475,2502,2610,2511,2466,2574,2520,2493,2484,2538,
Shot 17:2637,2655,2646,2682,2628,
Shot 18:2853,3258,3312,3150,2898,2700,3249,3222,3168,3303,2808,2763,3186,3204,2934,3114,2871,3294,3213,3141,3159,2880,3267,2988,3195,3069,2835,3132,3321,3240,2826,2772,2862,2709,3123,2844,2916,
Shot 19:3330,
Shot 20:3339,3348,
Shot 21:3411,3465,3510,3546,3537,3483,3492,3438,3447,3357,3384,3456,3501,3528,3474,3555,3429,3375,3393,3402,3519,3420,
Shot 22:3636,3582,3600,3654,3573,
Shot 23:3681,3663,3672,3699,
Shot 24:3753,3933,3969,4041,4014,3996,4023,3915,4005,3843,4032,3897,3735,3798,3762,3726,
Shot 25:4050,4059,
Shot 26:4077,4068,4086,
Shot 27:4104,4131,4149,4140,4095,4113,
Shot 28:4158,
Shot 29:4167,
Shot 30:4176,
Shot 31:4185,4194,
Shot 32:4221,4203,4257,4266,4212,
Shot 33:4275,4284,
Shot 34:4356,4509,4581,4608,4491,4419,4563,4293,4311,4536,4392,4329,4338,4374,4347,
Shot 35:4689,4815,4797,4779,4788,4653,4635,
Shot 36:4842,4824,4833,4851,
Shot 37:5004,4896,4959,4878,4905,4923,4932,4968,5022,4941,4914,5013,4986,
Shot 38:5031,5040,
Shot 39:5148,5292,5103,5058,5319,5085,5166,5076,5202,5094,5049,5112,5184,5256,5067,5139,5193,5310,
Shot 40:5328,5346,
Shot 41:5355,5364,
Shot 42:5373,
Shot 43:5382,
Shot 44:5391,
Shot 45:5400,
Shot 46:5418,5445,5436,5427,5409,
Shot 47:5454,5463,
Shot 48:5472,
Shot 49:5553,5679,5490,5508,5535,5499,5580,5481,5544,
Shot 50:5931,6075,6057,5805,6039,5742,5895,6066,5913,5967,6003,6012,5751,5832,5886,5958,6030,5922,5940,
Shot 51:6129,6093,6147,6111,
Shot 52:6228,6165,6255,6282,6210,6291,6183,6192,6273,6201,6300,6174,6264,6246,6309,6219,6237,
Shot 53:6345,6336,6372,6381,6327,6363,
Shot 54:6534,6939,6390,6417,6570,7020,6723,7002,6651,6858,6399,6597,6507,6543,6561,6408,6525,
Shot 55:7029,7038,
Shot 56:7047,7056,
Shot 57:7065,
Shot 58:7074,
Shot 59:7101,7083,7092,
Shot 60:7110,7155,7137,7164,7128,7119,7146,
Shot 61:7182,7173,7191,
Shot 62:7200,
Shot 63:7209,7218,
Shot 64:7290,7227,7236,7263,7254,7272,7281,
Shot 65:7299,7317,7308,
Shot 66:7335,7326,7344,
Shot 67:7371,7380,7353,7389,7362,
Shot 68:7398,7407,
Shot 69:7416,
Shot 70:7425,
Shot 71:7434,7452,7443,
Shot 72:7470,
Shot 73:7488,7524,7515,7497,7479,
Shot 74:7533,7542,
Shot 75:7551,7560,
Shot 76:7632,7578,7677,7569,7596,7641,7623,7587,7668,7605,7650,7614,7659,
Shot 77:7704,7695,7686,7713,
Shot 78:7758,7722,7731,7812,7776,7794,7740,7749,7767,
Shot 79:7830,7848,7821,7839,
Shot 80:7857,
Shot 81:7992,7875,8154,7965,7893,7866,8118,8091,7974,8028,8136,
Shot 82:8163,
