Shot 0:18,54,9,
Shot 1:63,
Shot 2:207,801,72,126,711,306,405,1017,504,918,603,783,171,531,378,297,1008,135,675,846,774,198,684,1026,630,513,216,819,144,567,
Shot 3:1062,
Shot 4:1098,
Shot 5:1107,1116,
Shot 6:2736,1179,1566,2043,2520,1431,1656,1287,1827,1485,1233,1404,2403,2160,2502,1314,1323,1341,2304,1413,1602,1539,1368,1332,1818,1575,2547,2538,1917,2268,2079,1737,2358,1206,1620,2250,2565,1251,1359,1755,1386,1971,2709,2367,2097,1791,1521,1305,2655,1449,2106,1530,2601,
Shot 7:2763,2772,
Shot 8:3069,3312,3654,3420,3591,3690,3609,2898,3321,2907,2925,3636,3213,3006,3681,2862,3366,2889,3330,3051,3618,3429,3483,3735,3276,3285,3627,3600,3060,3672,2871,3204,3717,3582,
Shot 9:3852,3744,3762,3807,3843,3888,3753,3780,3861,
Shot 10:4194,4302,4329,4104,3915,4293,4068,4752,3996,3906,4311,3969,4428,4122,4383,4482,4410,4005,3987,3933,3924,4032,4221,3978,3942,4248,4887,4113,4590,4338,4149,4320,4437,4230,4275,4158,4167,4212,4185,
Shot 11:4896,
