Shot 0:36,198,225,207,171,126,216,189,180,162,18,9,153,72,99,54,63,144,
Shot 1:234,261,252,243,
Shot 2:369,279,306,342,351,315,270,324,297,360,378,
Shot 3:396,405,
Shot 4:423,441,432,414,
Shot 5:450,477,504,468,495,459,
Shot 6:540,513,522,531,549,
Shot 7:630,594,558,675,657,639,603,585,666,567,648,576,612,
Shot 8:684,
Shot 9:720,693,702,711,729,
Shot 10:738,
Shot 11:756,765,747,
Shot 12:810,783,792,819,801,
Shot 13:999,1125,846,954,918,963,1026,927,1107,873,981,1017,891,828,972,936,1035,864,
Shot 14:1134,1188,1161,1197,1170,1152,1143,
Shot 15:1440,1368,1359,1584,1350,1341,1458,1224,1206,1386,1530,1422,1332,1377,1242,1314,1215,1476,1548,1413,1593,1494,1305,1269,1575,1404,1539,1251,1512,1521,1602,
Shot 16:1611,
Shot 17:1773,1638,2376,1620,1890,1845,2457,2466,2241,1629,2295,1989,1962,2061,1737,2430,2439,1647,2043,1746,2160,2475,1854,2250,2214,2007,1710,2115,1701,1755,2277,2448,2079,1953,1656,1863,1926,1683,2331,1728,2142,2394,1971,2088,1881,1809,1719,1899,1764,
Shot 18:2502,
Shot 19:2574,2511,2520,2529,2619,2601,2556,2565,
Shot 20:2682,2970,2934,2628,2817,2637,2916,2799,2952,2781,2700,2745,2790,2826,2943,2898,2772,2754,2853,2718,2844,
Shot 21:2979,2988,
Shot 22:3087,3024,3042,3006,3051,2997,3294,3015,3060,3285,3195,3267,3231,3321,3159,3177,3123,3303,3141,3105,3213,3069,3096,3330,3078,
Shot 23:3825,3915,3366,3906,3600,3357,3537,3627,3375,3447,3609,3897,3708,3735,3654,3690,3888,3780,3789,3717,3726,
Shot 24:3924,3951,3960,3942,
Shot 25:3996,3969,3987,3978,4005,
Shot 26:4041,4059,4050,4032,4014,
Shot 27:4068,4086,4077,
Shot 28:4140,4455,4626,4365,4599,4572,4356,4428,4608,4518,4383,4095,4338,4329,4221,
Shot 29:5049,5148,4734,4644,5130,4680,5139,4698,4752,4743,4959,4635,4779,4689,4932,4788,4671,4761,4815,5031,4716,4653,5085,4770,4662,4977,
Shot 30:5211,5301,5157,5310,5292,5238,5229,5166,5175,5193,5247,
Shot 31:5328,
Shot 32:5409,5391,5373,5463,5382,5454,5364,5355,5337,5346,5400,5427,
Shot 33:5562,5499,5472,5634,5643,5544,5661,5607,5526,5481,5616,5598,5580,5490,5508,5553,
Shot 34:5850,5958,5724,5949,5688,5706,5931,5715,5760,5787,5751,
Shot 35:5976,6021,6003,6030,6012,5994,5985,5967,
Shot 36:6066,6048,6039,6192,6174,6210,6165,6183,6156,6102,6057,
Shot 37:6291,6327,6237,6228,6381,6345,6246,6363,6255,6318,6372,6309,6219,6264,6273,6282,
Shot 38:6408,6462,6435,6417,6426,6480,6489,6390,6471,6444,6399,
