Shot 0:81,180,171,126,9,207,162,144,54,117,27,108,18,189,63,90,198,72,
Shot 1:567,891,873,855,270,360,306,405,243,432,387,729,459,414,288,513,333,477,396,378,441,261,279,423,495,504,351,468,486,630,549,882,225,666,558,252,585,531,603,648,
Shot 2:900,
Shot 3:927,909,945,918,
Shot 4:1053,1134,972,954,1026,963,1035,981,1107,1089,1143,1071,1125,990,
Shot 5:1188,1206,1152,1215,1179,
Shot 6:1224,
Shot 7:1260,1638,1233,1539,1413,1602,1377,1629,1485,1467,1395,1620,1242,1503,1422,1548,1530,1575,1350,1314,1512,1251,1287,1305,1557,1278,
Shot 8:1647,
Shot 9:1656,
Shot 10:1683,1692,
Shot 11:1944,1701,1989,1917,1746,1710,1791,1872,1737,1962,1818,1890,1755,1935,1773,1854,1953,
Shot 12:2016,2034,2007,
Shot 13:2061,2043,2079,2052,
Shot 14:2088,
Shot 15:2097,2106,
Shot 16:2160,2115,2133,2187,2142,2124,2196,2169,
Shot 17:2205,
Shot 18:2214,2223,
Shot 19:2232,
Shot 20:2241,2250,
Shot 21:2304,2259,2268,2286,2295,2322,2277,
Shot 22:2340,2367,
Shot 23:2376,
Shot 24:2403,2421,2385,2412,2394,
Shot 25:2430,2439,
Shot 26:2448,2457,
Shot 27:2601,2466,2484,2556,2529,2583,
