Shot 0:72,99,9,
Shot 1:252,324,333,306,315,108,144,198,297,261,216,270,171,342,234,
Shot 2:387,351,468,432,495,459,369,486,378,441,
Shot 3:504,
Shot 4:531,513,522,540,
Shot 5:549,558,
Shot 6:576,594,603,567,585,
Shot 7:612,630,
Shot 8:648,639,657,
Shot 9:666,
Shot 10:675,684,
Shot 11:702,693,711,
Shot 12:738,720,756,729,747,
Shot 13:981,765,774,792,801,783,819,810,882,1044,828,936,1026,954,837,909,963,1035,990,1008,855,
Shot 14:1071,1053,1062,1080,
Shot 15:1107,1098,1116,
Shot 16:1143,1134,1125,
Shot 17:1152,1161,
Shot 18:1233,1170,1179,1188,1242,1197,
Shot 19:1260,
Shot 20:1350,1314,1539,1269,1287,1656,1323,1683,1476,1494,1467,1665,1557,1332,1602,1521,1674,1278,1422,1548,1296,1386,1368,1404,1341,1359,
Shot 21:2313,1710,1728,1746,1719,1854,1701,1872,1773,2007,2106,1827,2214,2259,2448,2277,
Shot 22:2520,2538,2529,2511,
Shot 23:2736,2547,2997,2916,2826,2664,2988,2637,2871,2646,2862,2619,2799,2853,2556,2655,2952,2718,2880,2772,2934,2691,2709,2673,2898,2817,2754,
Shot 24:3015,3024,3006,
Shot 25:3150,3060,3105,3186,3384,3357,3222,3114,3132,
Shot 26:3438,3411,3420,3429,3447,
Shot 27:3618,3951,3456,3807,3915,3492,3537,3717,3654,3753,3510,3861,3942,3699,3564,3735,3600,3636,3519,3933,
Shot 28:3996,4014,3969,4005,3987,
Shot 29:4140,4023,4032,4113,4185,4086,4203,4059,4158,4131,4041,
Shot 30:4239,4248,
Shot 31:4275,4257,4284,4266,
Shot 32:4311,4293,4320,4302,
Shot 33:4347,4329,4635,4464,4554,4482,4338,4581,4500,4455,4365,
Shot 34:4716,5103,4941,5031,5049,4923,4653,4851,4959,4671,5094,4788,4905,4950,5058,4734,4887,
Shot 35:5211,5121,5265,5112,5256,5139,5130,5229,5148,5175,5193,5184,5157,5220,5247,
Shot 36:5436,5580,5688,5544,5490,5472,5535,5562,5643,5553,5481,5283,5625,5517,5607,5571,5292,5508,5382,5328,
Shot 37:5850,5976,5877,5940,5895,5868,5958,5859,5841,
Shot 38:6039,6201,6192,6093,6057,
Shot 39:6219,6237,
Shot 40:6372,6246,6291,6327,6264,6336,6282,6354,6381,6300,6363,6255,
Shot 41:6417,6399,6444,6426,
Shot 42:6462,6471,6453,
Shot 43:6498,6480,6489,
Shot 44:6579,6867,6930,6642,6750,6777,6687,6516,6804,6894,6885,6525,6732,6714,6660,6831,6912,6588,6795,6606,6624,6543,6876,6570,6669,6651,6696,
Shot 45:6939,6948,
Shot 46:7056,7074,7011,6975,7002,7029,7020,6957,7038,7047,7065,
Shot 47:7092,7101,7083,
Shot 48:7209,7119,7263,7110,7254,7128,7137,7245,7146,7173,7218,7155,7200,7227,
Shot 49:7470,7281,7317,7434,7506,7605,7443,7326,7569,7425,7344,7452,7335,7416,7461,7515,7353,7308,7479,7398,7362,
Shot 50:7668,7632,7686,7614,7659,7677,
Shot 51:7776,7722,7704,7758,7695,7785,7731,7767,
Shot 52:7839,7812,7821,7875,7857,7830,
