Shot 0:27,99,90,9,18,81,
Shot 1:324,297,270,252,360,
Shot 2:504,396,540,477,
Shot 3:639,594,567,621,630,603,648,
Shot 4:783,675,819,729,855,693,810,747,657,828,756,837,684,765,774,
Shot 5:936,954,909,981,918,
Shot 6:990,1008,
Shot 7:1071,1026,1152,1125,1044,1107,1116,1053,1143,1098,1062,
Shot 8:1170,1224,1206,
Shot 9:1233,
Shot 10:1278,1251,1242,1260,1269,1287,
Shot 11:1386,1341,1404,1359,1368,1395,
Shot 12:1476,1431,1593,1422,1440,1485,
Shot 13:1692,1710,1638,1701,
Shot 14:1854,1746,1827,1836,1728,1764,1818,1791,1737,1845,1863,
Shot 15:1962,1980,1881,1917,
Shot 16:2088,2241,2043,2025,2196,2169,2115,2070,
Shot 17:2313,2331,2250,2268,2322,
Shot 18:2340,2349,
Shot 19:2358,2367,
Shot 20:2376,2394,
Shot 21:2403,2421,
Shot 22:2466,2430,2475,2439,2457,
Shot 23:2484,2520,
Shot 24:2628,2574,2592,2610,
Shot 25:2664,2646,2682,
Shot 26:3474,3069,3213,3645,2709,3249,3339,2907,3717,3186,3699,2880,3231,3303,3681,3735,3168,3690,3627,2808,3123,3636,2772,3663,3726,2898,2745,3195,3267,3609,2826,3150,3222,3177,2853,3537,2799,3555,3420,3024,2844,3501,3510,3141,3546,3393,3438,2943,3321,3591,3465,3357,2988,3411,
Shot 27:3798,3762,3753,3789,
Shot 28:3924,4095,4050,4140,3825,3969,4023,3960,3978,3996,4014,3870,3942,3951,4113,3888,3906,4041,3933,4077,3861,3843,4131,
Shot 29:4176,4149,4167,
Shot 30:4203,4185,4221,4194,
Shot 31:4320,4275,4401,4392,4248,4356,4302,4230,4329,4311,
Shot 32:4545,4644,4716,4473,4653,4779,4617,4599,4410,4680,4752,4635,4518,4500,4581,4662,4572,4455,4527,4608,4554,4536,4707,
Shot 33:4797,4806,
Shot 34:4905,4824,4851,4815,4833,4878,4842,4959,4887,
Shot 35:5004,5139,5121,5157,5130,5184,5094,5112,5148,5166,5049,4977,
Shot 36:5256,5265,5220,5211,5229,5274,5247,
Shot 37:5445,5418,5310,5346,5400,5436,5391,
Shot 38:5634,5562,5526,5472,5544,5553,5571,5535,5490,5580,5517,5607,5625,
Shot 39:5661,5652,5670,
Shot 40:5886,5796,5697,5706,5940,5778,5913,5859,5733,5805,5751,5841,5769,5787,5850,5832,5949,5868,5715,5679,5895,5688,
Shot 41:6003,5985,6048,
Shot 42:6201,6237,6354,6327,6291,6264,6417,6399,6219,6498,6462,6075,6129,6111,
Shot 43:6984,6543,7065,7056,6975,6993,
