Shot 0:27,
Shot 1:63,36,99,45,81,54,72,
Shot 2:279,153,252,126,234,270,288,
Shot 3:315,324,306,
Shot 4:423,342,468,396,459,432,378,441,405,
Shot 5:477,
Shot 6:522,549,486,495,513,
Shot 7:567,576,558,
Shot 8:585,
Shot 9:594,
Shot 10:603,
Shot 11:612,
Shot 12:648,702,621,684,666,639,675,
Shot 13:774,810,720,738,837,801,729,711,792,765,783,
Shot 14:882,891,900,918,927,846,909,864,
Shot 15:945,999,990,936,954,963,981,
Shot 16:1008,
Shot 17:1017,
Shot 18:1026,
Shot 19:1035,1053,1044,
Shot 20:1062,1071,
Shot 21:1134,1080,1197,1098,1116,1170,1152,1179,1107,1125,1089,
Shot 22:1800,1917,1323,1458,1242,1269,1206,1332,1350,1908,1260,1530,1359,1278,1314,1611,1494,1476,1251,1512,1737,1422,1593,1215,1368,1890,1224,1575,1386,1764,1926,1728,1818,1233,1287,1539,1440,1404,1647,1548,1899,1836,1566,1719,1791,1809,
Shot 23:1944,1953,
Shot 24:1962,1971,
Shot 25:2034,1989,1980,2007,2079,1998,2025,2061,
Shot 26:2106,2133,2097,2115,
Shot 27:2142,2151,2160,
Shot 28:2205,2169,2259,2178,2187,2232,2196,2241,
Shot 29:2277,2286,2268,
Shot 30:2331,2313,2295,2358,2304,2322,2340,
Shot 31:2403,2367,2385,2376,2394,2412,
Shot 32:2448,2421,2430,2457,2439,
Shot 33:2484,2466,2511,2475,2520,2502,2493,
Shot 34:2700,2574,2745,2655,2736,2628,2538,2601,2727,2610,2547,2592,2646,2718,2682,2556,2673,2565,2709,2691,
Shot 35:2781,2889,2844,2754,2871,2808,2763,2898,2826,2772,2799,2835,2790,2817,
Shot 36:2952,2907,2979,2925,2934,2943,2970,
Shot 37:3033,3087,3060,3006,2988,2997,3078,3024,3015,3042,
Shot 38:3114,3123,3105,
Shot 39:3609,3312,3771,3510,3429,3213,3735,3690,3384,3276,3537,3132,3564,3519,3483,3366,3393,3663,3447,3159,3294,3501,3438,3141,3546,3798,3492,3717,3168,3411,3573,3627,3645,3780,3591,3186,3600,
Shot 40:3897,4014,3834,3816,3969,3870,3978,3852,3861,3807,3879,4023,4032,4005,3843,3933,3996,3951,3987,3888,3825,3942,
Shot 41:4050,4068,4059,4041,
Shot 42:4077,
Shot 43:4095,4104,4086,
Shot 44:4113,
Shot 45:4122,
Shot 46:4158,4131,4149,4167,4140,
Shot 47:4185,4194,4176,
Shot 48:4203,4221,4230,4212,
Shot 49:4248,4257,4239,
Shot 50:4293,4275,4302,4311,4266,
Shot 51:4329,4338,4320,
Shot 52:4356,4500,4455,4437,4464,4473,4482,4509,4491,4446,4383,4410,4365,
Shot 53:4518,4545,4536,4527,
Shot 54:4878,4599,4554,4563,4671,4761,4797,4617,5202,4707,4644,4572,4581,4725,4815,4590,4626,4608,5121,4743,5040,5184,5157,4824,5193,5058,4689,4833,4950,4680,
Shot 55:5229,5211,5220,5238,
Shot 56:5292,5283,5310,
Shot 57:5328,5346,5337,5319,
Shot 58:5373,5400,5391,5418,5382,5409,5364,
Shot 59:5427,5436,
Shot 60:5454,5499,5481,5445,5463,
Shot 61:5625,5715,5517,5697,5562,5580,5652,5535,5724,5643,5589,5553,5598,5616,
Shot 62:5742,5760,5751,5733,
Shot 63:5778,5769,5787,
Shot 64:5841,5913,5886,5904,5796,5877,5805,5823,
Shot 65:6021,6210,6345,6264,5940,5922,6291,6156,5949,6246,6336,6183,6165,6102,6255,6228,6075,5967,6174,6048,6012,
Shot 66:6390,6354,6372,6363,6381,6399,
Shot 67:6408,6417,
Shot 68:6516,6426,6534,6552,6435,6525,6498,
Shot 69:6561,6579,
Shot 70:6588,
Shot 71:6615,6597,6624,6606,6660,
Shot 72:6678,6687,6669,
Shot 73:6696,6705,
Shot 74:6714,
Shot 75:6723,
Shot 76:6732,
