Shot 0:9,18,
Shot 1:675,
Shot 2:693,774,684,702,
Shot 3:783,
Shot 4:1305,1233,1053,1269,792,1287,1260,909,1323,801,1296,
Shot 5:1332,
Shot 6:1386,1341,1350,1359,1395,
Shot 7:1404,
Shot 8:1593,1467,1530,1503,1602,1521,1413,1422,
Shot 9:1611,
Shot 10:1620,
Shot 11:1674,1629,1692,1638,1683,1647,
Shot 12:1728,1737,1701,1710,
Shot 13:1746,
Shot 14:1755,1764,
Shot 15:1773,
Shot 16:1782,
Shot 17:1827,1791,1854,1863,1800,1845,1818,1836,
Shot 18:1926,1971,1881,1872,1890,1944,1962,1899,1935,1917,1908,
Shot 19:1980,
Shot 20:2016,1989,2079,1998,2070,2052,
Shot 21:2097,2169,2088,
Shot 22:2196,2178,2223,2187,
Shot 23:2241,2250,2232,
Shot 24:2259,
Shot 25:2583,2556,2610,2277,2268,2547,2295,2565,2601,2529,2349,2502,2286,2313,2412,2574,
Shot 26:2628,2637,2619,
Shot 27:2727,2736,2646,
Shot 28:2817,2844,2925,2835,2745,2916,2826,2754,
Shot 29:3024,2979,2934,2997,3006,2961,2943,2970,3087,3015,
Shot 30:3177,3321,3222,3195,3096,3303,3204,3186,3294,3330,3249,3366,3105,
Shot 31:3420,3438,3402,3429,
Shot 32:3519,3636,3618,3627,3537,3528,3447,3546,3456,
Shot 33:3654,3690,
Shot 34:3726,3807,3699,3798,3708,3816,3789,3717,
Shot 35:3834,3852,3843,
Shot 36:3888,4023,4059,4041,3996,4104,3861,4077,3924,4113,4050,4014,4095,3870,3942,3915,3933,3879,
Shot 37:4122,
Shot 38:4329,4176,4131,4140,4230,4212,4257,4347,4302,4311,4149,4320,
Shot 39:4374,4356,4365,
Shot 40:4608,4545,4491,4554,4536,4473,4563,4680,4599,
Shot 41:4725,4689,4806,4698,4815,4797,4770,4752,4707,4734,
Shot 42:5364,5049,5310,4986,5805,4842,5184,5013,5301,5121,5022,4896,5742,5202,5697,5157,5616,5283,5589,5058,5625,5265,5787,4941,5319,4869,5229,5076,5409,5634,5139,5733,5004,5418,5715,5346,4905,5031,5652,5751,5445,5274,5067,5778,5355,4995,5400,5643,5760,
Shot 43:5814,
Shot 44:5823,
Shot 45:5841,6237,6210,6129,5832,6138,5976,
Shot 46:6273,6255,6282,
Shot 47:6318,6399,6291,6300,6390,6381,6309,
Shot 48:6687,6570,6894,6561,6876,6588,6750,6408,6651,6435,6507,6669,6633,6678,6642,6579,
Shot 49:6903,6912,
Shot 50:6939,7128,7011,7119,7020,7002,7110,7092,6993,7056,6984,6921,6930,
Shot 51:7137,
Shot 52:7146,
Shot 53:7164,7155,7173,
Shot 54:7182,
Shot 55:7254,7191,7200,7290,7209,7263,7245,
Shot 56:7416,7920,7686,7488,7533,7929,7380,7371,7326,7677,7344,7893,7335,7668,7353,7398,7857,7389,7470,7542,7875,7578,7407,7461,7425,7452,
Shot 57:7956,8118,8199,7938,8127,8037,8136,8262,8028,8145,8046,8253,7947,8019,
Shot 58:8298,8271,8280,8289,
Shot 59:9198,8415,8766,8865,8316,8442,8928,8424,8811,9009,9045,8739,9288,8406,9027,9000,8622,9063,8307,9279,8451,8793,8433,8892,8748,8334,8685,8829,8910,9126,9225,8937,9180,8514,8703,
Shot 60:9432,9378,9558,9477,9567,9387,9297,9459,9549,9396,9306,9450,9468,9405,9315,
Shot 61:9891,10071,10134,10008,9783,10035,9972,10152,9981,9693,9819,10053,9963,9990,9576,9945,10143,9954,9828,
Shot 62:10161,
Shot 63:10179,10233,10206,10170,
Shot 64:10242,
Shot 65:10386,10278,10296,10476,10314,10287,10368,10404,10323,10251,10377,10395,10305,10269,10359,10413,
Shot 66:10494,10602,10485,
Shot 67:10701,10710,
Shot 68:10953,10737,10791,11124,10764,10809,10836,10782,10719,10872,10890,10773,10800,11115,10818,10899,10944,
Shot 69:11250,11223,11133,11232,11610,11151,11556,11142,11367,11241,
Shot 70:12159,12438,11853,12366,11952,12339,12447,12015,12420,12429,11781,12348,11844,12456,11862,11970,12006,12528,11817,11718,12024,12519,11871,12033,11934,11961,11754,12501,12051,12204,11745,12141,
Shot 71:12537,12555,12546,
Shot 72:13041,13023,12789,12825,12618,12609,12681,13014,12798,12843,12627,13347,12987,12762,12564,12906,13005,12735,13032,13329,12636,13257,12573,12726,
Shot 73:13374,13464,13356,13455,13500,13446,13365,13473,
Shot 74:13572,13554,13581,
Shot 75:13806,13590,13608,13599,13653,13770,13788,13698,13815,
Shot 76:13833,
Shot 77:13842,13851,
Shot 78:13878,13914,13860,
Shot 79:13923,
Shot 80:13950,14139,14103,14112,14094,13932,14130,14004,13977,14121,13941,
Shot 81:14193,14148,14355,14751,14688,14769,14652,14346,14157,14364,14706,14553,14337,14391,14481,14634,14166,
Shot 82:14805,14787,14796,14778,14841,14814,
Shot 83:14868,
Shot 84:14877,
Shot 85:14886,
Shot 86:14895,
Shot 87:15057,15111,15102,15093,15075,15021,
Shot 88:15120,
Shot 89:15165,15192,15129,15183,
Shot 90:15210,15201,15246,
Shot 91:15273,15372,15363,15381,15354,15264,15291,
Shot 92:15417,15426,15390,
Shot 93:15435,
Shot 94:15444,15453,
Shot 95:15579,15723,15498,15462,15678,15741,15642,15543,15471,15552,15660,15525,15606,15777,15489,
Shot 96:15876,
Shot 97:16020,16461,16002,
