Shot 0:315,225,378,369,198,252,243,360,63,234,297,270,81,9,
Shot 1:432,576,585,603,549,675,513,486,387,666,684,630,450,504,558,540,414,468,594,396,
Shot 2:738,1242,1026,1143,693,1125,972,1215,1224,981,702,990,1116,963,1134,1233,1161,1044,711,1260,819,720,
Shot 3:1323,1350,1296,1305,
Shot 4:1359,1368,
Shot 5:1377,
Shot 6:1404,1458,1386,1440,1422,1395,
Shot 7:1656,1566,1467,1584,1503,1530,1575,1809,1593,1818,1485,1602,1782,1638,1692,
Shot 8:1836,1845,
Shot 9:1917,1854,1935,1890,1926,1863,1908,
Shot 10:1989,1953,1971,1980,1962,2097,2052,2016,
Shot 11:2124,2241,2232,2106,2223,2115,2178,
Shot 12:2250,
Shot 13:2268,
Shot 14:2286,2277,2295,
Shot 15:2403,2484,2376,2457,2430,2385,2421,2394,
Shot 16:2511,2493,2502,2520,
Shot 17:2619,2538,2556,2601,2628,
Shot 18:2673,2637,2646,2808,2655,2790,2754,
Shot 19:2979,3339,2880,3375,2907,2844,3267,3276,2943,3402,3546,3231,3177,3420,3303,3357,2952,3105,2961,2916,3483,3285,
Shot 20:3573,3699,3555,3672,3564,3627,3690,3591,
Shot 21:3735,3843,3816,3825,3789,3708,3834,3807,3771,3717,3753,
Shot 22:3942,3861,3852,3978,3870,3879,3960,3924,3951,
Shot 23:4095,4050,4212,4059,4014,4041,4068,4203,4122,4077,4104,4086,
Shot 24:4275,4293,4221,
Shot 25:4320,4302,4311,
Shot 26:4329,4338,
Shot 27:4356,4446,4410,4392,4437,4347,
Shot 28:5247,4797,4464,4662,4707,4770,4752,4545,4608,4842,5355,4572,4923,4689,4590,4878,4824,4671,4779,4653,4806,4500,4554,4563,4959,5301,5328,5085,5292,4932,4914,5346,5193,5274,5319,5058,5220,
Shot 29:5589,5373,5679,5382,5670,5391,5544,5427,5490,5661,5400,5607,
Shot 30:6255,7641,7515,7488,7155,6939,6660,5778,7587,6381,6642,7623,5904,7659,7578,5805,6840,6966,6633,6651,7470,6525,7560,5688,5832,5958,7506,7479,6975,6957,6606,7650,6786,5850,6570,6417,7119,7596,7497,7533,6912,7299,5796,6489,5868,6858,6723,6822,5715,6174,6327,6615,5814,6228,6507,7524,6597,6291,6102,7137,6588,7254,6552,7200,7020,6579,7371,6705,6246,6948,6264,5697,6678,6984,
Shot 31:7677,7695,7686,7668,
Shot 32:7722,7758,7704,7740,
Shot 33:7767,
Shot 34:7776,
Shot 35:7857,7929,8028,7785,8073,7920,7803,8064,7911,7965,7794,7947,7830,7902,
Shot 36:8109,8172,8145,8082,8163,8127,8091,
Shot 37:8280,8181,8289,8190,8199,8217,8244,
Shot 38:8316,8379,8298,8334,8370,8352,8307,
Shot 39:8397,8487,8469,8388,8406,
Shot 40:8640,8802,8577,8703,8496,8550,8667,8739,8604,
