Shot 0:9,18,
Shot 1:99,
Shot 2:126,108,189,117,180,135,
Shot 3:198,
Shot 4:459,207,1188,387,
Shot 5:1197,
Shot 6:1368,1323,1332,
Shot 7:1386,
Shot 8:1584,1395,
Shot 9:3843,3429,2601,3267,2070,3609,2898,2079,3663,3807,
Shot 10:5499,5481,5553,
Shot 11:6732,5805,6858,8172,5787,6795,8127,7173,5589,5652,5760,8199,7857,5670,8388,8352,5571,7137,5706,5877,6786,7236,7191,8334,8406,7164,6903,7155,5832,7083,5688,6714,8298,7182,5778,6606,7461,6705,
Shot 12:8469,
Shot 13:8685,8496,8631,8739,8658,8694,
Shot 14:9324,9009,8973,8955,9342,9297,8838,9279,8982,8991,8802,9288,9045,9270,9081,9360,9108,9306,9000,8883,8928,
Shot 15:9459,9414,9441,9369,9549,9531,9450,9432,9387,9405,9486,
Shot 16:9567,9576,9558,
Shot 17:9612,9603,9621,
Shot 18:9648,9630,9666,
Shot 19:9783,9747,9864,9675,9729,9684,9846,9765,9882,9828,9792,
Shot 20:10161,10314,10413,10260,9909,10458,10116,10143,10305,10332,10359,10377,9900,10440,10404,10080,10476,10089,10224,10431,10170,10395,10323,9945,10251,10044,
Shot 21:10512,10575,
Shot 22:10584,
Shot 23:10593,
Shot 24:10602,10638,10611,
Shot 25:10647,
Shot 26:10656,
Shot 27:10665,
Shot 28:10863,
Shot 29:10872,11097,
Shot 30:11106,
Shot 31:11115,
Shot 32:11250,
Shot 33:11259,
Shot 34:13599,11763,13851,13563,12708,13374,12231,11943,11907,13446,13617,12591,11313,12789,13509,12321,13365,12834,12456,13500,12222,13347,13554,12537,12330,11988,13464,13338,12375,12780,11790,11808,11925,11781,11718,13869,11934,13842,11772,13860,11304,11727,13608,13635,
Shot 35:15255,15156,15120,15246,15147,15129,15138,
