Shot 0:81,315,351,126,234,108,270,207,171,288,18,324,117,297,144,261,225,198,252,99,36,369,342,63,135,243,72,189,333,27,90,9,
Shot 1:522,423,603,819,693,774,378,585,765,729,828,864,459,432,846,405,567,702,801,612,486,648,540,675,855,621,513,576,
Shot 2:891,873,918,882,900,
Shot 3:1125,936,963,1017,954,1062,1296,1278,1197,1044,1305,1188,1206,1143,1116,
Shot 4:1332,1341,
Shot 5:1368,1431,1422,1404,1386,1413,1377,
Shot 6:1449,1440,1458,
Shot 7:1485,1467,1494,
Shot 8:1512,
Shot 9:1521,
Shot 10:1530,
Shot 11:1539,
Shot 12:1548,1557,
Shot 13:1584,1593,1566,
Shot 14:1683,1611,1602,1656,1638,1629,1647,1692,1665,1620,
Shot 15:1728,1764,1782,1755,1800,1773,1737,1710,1719,1746,
Shot 16:1818,1836,1809,1827,
Shot 17:1845,1863,1881,1872,1854,
Shot 18:1962,1899,1935,1926,2007,1953,1944,1908,1989,1980,1890,
Shot 19:2043,2124,2106,2025,2070,2088,2016,2052,2097,2115,2079,2034,
Shot 20:2196,2151,2133,2169,2214,2187,
Shot 21:2637,2367,2232,2349,2484,2529,2421,2745,2385,2439,2700,2601,2673,2412,2574,2727,2520,2655,2223,2376,2754,2736,2430,2241,2340,2475,
Shot 22:2790,2763,2817,2808,2772,2799,2781,
Shot 23:2853,2871,2862,2844,
Shot 24:2889,2880,2898,
Shot 25:2997,3105,3069,2907,3087,3078,3051,2925,3060,2952,3096,3006,
Shot 26:3204,3240,3123,3150,3222,3159,3213,
Shot 27:3303,
Shot 28:3555,3366,3492,3429,
