Shot 0:27,99,9,90,18,81,
Shot 1:324,297,252,270,360,
Shot 2:396,477,
Shot 3:603,513,549,621,567,612,594,
Shot 4:639,630,648,
Shot 5:765,657,819,693,810,738,855,675,729,828,684,756,837,783,774,
Shot 6:918,963,936,873,981,909,
Shot 7:1071,990,1017,1152,1026,1008,1125,1044,1107,1116,1098,1053,1143,1062,
Shot 8:1215,1170,1224,
Shot 9:1233,
Shot 10:1278,1251,1242,1260,1269,1287,
Shot 11:1323,1341,
Shot 12:1476,1422,1359,1386,1404,1593,1368,1440,1431,1485,
Shot 13:1638,
Shot 14:1701,1692,1710,
Shot 15:1737,1728,1746,
Shot 16:1773,1755,1800,
Shot 17:1863,1818,1836,1845,1827,1854,
Shot 18:2016,1881,1980,2043,1971,2034,1917,
Shot 19:2115,2331,2250,2070,2268,2169,2088,2322,
Shot 20:2340,2349,
Shot 21:2358,2367,
Shot 22:2376,2394,
Shot 23:2403,2421,
Shot 24:2439,2475,2466,2430,2457,
Shot 25:2484,2520,
Shot 26:2628,2574,2592,2610,
Shot 27:2664,2646,2682,
Shot 28:3591,2745,3069,3690,3222,2997,3348,3303,3735,3168,3249,3672,3186,3717,3636,2808,3699,3231,2709,2880,3267,3627,3645,3141,2844,3501,2898,3663,3213,3456,3420,2772,2826,3195,3150,2853,3537,2799,3123,3177,2907,3474,3510,3546,2943,3555,3609,3384,3042,3321,3411,3330,
Shot 29:3789,3753,3762,3798,
Shot 30:3924,4095,4050,4140,4023,3960,3996,3870,3969,3825,3951,3942,3978,4014,4113,3888,4041,3861,4077,3933,4131,3906,3843,
Shot 31:4167,4149,4176,
Shot 32:4203,4185,4221,4194,
Shot 33:4320,4392,4401,4275,4230,4356,4248,4302,4329,4311,
Shot 34:4572,4653,4707,4491,4644,4635,4770,4410,4518,4752,4680,4617,4455,4545,4734,4662,4608,4527,4473,4536,4581,4599,4716,4554,
Shot 35:4797,4806,
Shot 36:4905,4851,4815,4833,4878,4959,4842,4887,
Shot 37:4995,5112,5094,5040,4977,
Shot 38:5229,5157,5562,5274,5436,5553,5400,5634,5517,5544,5346,5310,5202,5130,5535,5121,5472,5571,5139,5220,5490,5607,5211,5445,5166,5247,5265,5148,5391,5580,5625,5427,5184,5238,5526,5256,
Shot 39:5652,5670,5661,
Shot 40:5715,5679,5805,5940,5796,5787,5751,5913,5868,5769,5841,5895,5706,5832,5859,5949,5697,5733,5886,5688,
Shot 41:6003,5985,6048,
Shot 42:6192,6291,6237,6462,6264,6327,6408,6354,6417,6075,6498,6210,6111,6129,
Shot 43:6984,6543,7047,6975,7020,
