Shot 0:9,
Shot 1:18,
Shot 2:27,
Shot 3:36,
Shot 4:45,
Shot 5:54,
Shot 6:63,81,90,99,72,
Shot 7:135,117,108,126,
Shot 8:153,162,144,
Shot 9:180,171,189,
Shot 10:225,
Shot 11:252,297,288,279,234,261,243,270,
Shot 12:315,513,414,522,477,378,450,396,432,351,423,333,441,495,306,324,
Shot 13:531,630,693,612,801,675,819,774,648,855,603,702,792,657,639,738,621,540,
Shot 14:1134,882,1089,936,1071,891,1044,1098,900,1161,1107,909,1152,1125,
Shot 15:1215,1305,1278,1188,1197,1260,1233,1323,1287,
Shot 16:1341,1458,1629,1494,1566,1467,1422,1476,1521,1332,1413,1593,1395,1431,1611,1368,1584,1350,
Shot 17:1710,1665,1701,
Shot 18:1773,1746,1881,2088,1845,1998,1908,2070,2034,1755,1872,1980,1791,1836,1764,
Shot 19:2349,2250,2097,2277,2214,2286,2106,2259,2268,2133,2376,2331,
Shot 20:2448,2637,2394,2421,2601,2412,2511,2403,2520,2493,2457,2430,
Shot 21:2646,
Shot 22:2700,2655,2763,2664,2718,2691,
Shot 23:2781,2790,
Shot 24:2988,3114,2808,2961,3204,3141,2871,2970,3159,3123,2979,2925,2835,2889,2844,3168,3051,3132,2799,2862,3069,2997,
Shot 25:3267,3213,3222,3285,3276,3249,3258,
Shot 26:3465,3492,3357,3393,3312,3483,
Shot 27:3501,3510,
Shot 28:3537,3519,3555,3528,
Shot 29:3618,3672,3654,3645,3681,3600,
Shot 30:3807,3690,3735,3699,3753,3834,3744,3780,3852,3762,3789,3771,3798,3843,3825,3816,
Shot 31:4410,4482,3933,4122,4437,4374,4455,4392,4464,4428,4446,4419,4473,4401,4383,
