Shot 0:306,315,
Shot 1:513,567,405,342,468,378,549,486,558,477,540,495,351,
Shot 2:576,585,
Shot 3:594,
Shot 4:603,612,
Shot 5:630,963,765,792,756,972,864,747,621,729,801,693,711,
Shot 6:1098,1224,1125,981,990,1170,1134,999,1242,1215,1143,1206,1233,1017,1008,1116,1107,1089,
Shot 7:1251,
Shot 8:1359,
Shot 9:1647,1566,1467,1665,1638,
Shot 10:1683,
Shot 11:3564,3357,2196,3294,1863,2232,2862,3429,2736,2565,2205,1782,3366,3177,2214,3537,3339,1998,2808,3393,2241,2286,2853,2484,2223,2754,2583,2700,2313,3807,3744,2097,1944,3411,2349,3636,2079,2880,2898,2124,2718,2871,3600,
Shot 12:4338,4113,3870,4500,4410,4050,4122,4428,4455,4275,4383,3915,3843,4194,4365,4176,4473,4068,3987,4329,4347,
Shot 13:4518,
Shot 14:5274,4626,4806,5004,5319,5058,5310,4581,4923,4644,5292,4932,5301,5283,4896,4788,5256,4959,5265,5238,
Shot 15:5328,
