Shot 0:9,
Shot 1:27,36,18,
Shot 2:54,63,45,
Shot 3:90,81,72,117,
Shot 4:126,135,
Shot 5:162,144,189,198,171,
Shot 6:207,225,216,
Shot 7:324,387,234,252,270,378,360,261,279,243,342,
Shot 8:396,405,
Shot 9:432,450,414,
Shot 10:468,522,504,513,459,531,477,
Shot 11:567,585,540,576,594,549,
Shot 12:612,630,639,603,621,
Shot 13:666,765,819,810,711,684,756,792,702,648,657,675,774,738,
Shot 14:828,837,
Shot 15:846,
Shot 16:864,855,873,
Shot 17:891,918,927,900,
Shot 18:936,945,
Shot 19:1089,1449,963,1323,999,1233,1251,1179,954,1125,1224,1377,1278,1053,1368,1485,1386,972,1062,1026,1134,1422,981,1476,1269,1242,1458,1395,1035,1071,1314,1044,1197,1080,1116,
Shot 20:1494,1503,
Shot 21:1512,
Shot 22:1521,1530,
Shot 23:1548,1539,1566,1557,
Shot 24:1575,1584,
Shot 25:1593,
Shot 26:1611,1602,1620,
Shot 27:1647,1737,1719,1728,1656,
Shot 28:1746,
Shot 29:1791,1755,1809,1818,1773,1800,1782,
Shot 30:1827,1836,
Shot 31:1854,1845,1863,
Shot 32:1899,1917,1872,1908,
Shot 33:1953,2052,1926,2070,1971,2025,1998,2016,1980,1962,2061,1935,2034,2043,1944,1989,
Shot 34:2178,2097,2160,2115,2088,2079,2133,2106,2142,2124,2187,2169,
Shot 35:2196,2205,
Shot 36:2250,2214,2232,2223,2259,
Shot 37:2304,2313,
Shot 38:2421,2583,2556,2601,2565,2340,2538,2592,2331,2457,2376,2412,2430,
Shot 39:2637,2619,2646,2628,
Shot 40:2880,2763,2655,2790,2700,2682,2691,2781,2664,2799,2736,2916,2835,2718,2907,2745,2862,2754,2889,
Shot 41:2934,2943,
Shot 42:2952,2961,
Shot 43:2970,2979,
Shot 44:3006,2988,3024,3015,2997,
Shot 45:3033,
Shot 46:3042,
Shot 47:3087,3204,3051,3168,3195,3186,3069,3123,
Shot 48:3285,3330,3447,3366,3303,3429,3339,3258,3384,3222,
Shot 49:3510,3456,3537,3546,3555,3474,3492,
Shot 50:3564,3573,
Shot 51:3591,3609,3618,3582,
Shot 52:3663,3627,3636,3645,3681,
Shot 53:3708,3771,3753,3699,3762,3717,
Shot 54:3780,3798,3789,
Shot 55:3807,3834,3816,
Shot 56:3987,3906,3879,4230,3897,4167,4086,3924,4131,4041,4149,4212,3915,3951,4059,4185,4050,4023,4248,4005,3996,4095,
Shot 57:4320,4437,4275,4410,4392,4545,4419,4401,4428,4482,4446,4374,4509,4455,4554,4302,4464,4527,4356,4284,4293,4311,4329,
Shot 58:4662,4581,4635,4707,4617,4599,4689,4698,4572,4644,4608,4590,4680,4653,4716,
