Shot 0:27,99,90,9,18,81,
Shot 1:270,324,252,306,360,
Shot 2:477,396,540,504,
Shot 3:594,567,603,
Shot 4:612,621,
Shot 5:639,630,648,
Shot 6:783,675,837,819,738,693,810,657,729,756,855,747,684,774,828,765,
Shot 7:909,954,981,936,918,
Shot 8:990,1008,
Shot 9:1071,1035,1152,1026,1125,1107,1044,1116,1053,1143,1098,1062,
Shot 10:1215,1170,1197,1224,
Shot 11:1233,
Shot 12:1260,1242,1251,
Shot 13:1278,1269,1287,
Shot 14:1386,1404,1359,1341,1395,1368,
Shot 15:1476,1431,1593,1422,1440,1485,
Shot 16:1692,1710,1638,1701,
Shot 17:1737,1728,1746,
Shot 18:1773,1755,1800,
Shot 19:1854,1827,1836,1818,1845,1863,
Shot 20:1917,1980,1881,1962,
Shot 21:2079,2025,2187,2043,2097,2070,
Shot 22:2331,2250,2313,2340,2268,2322,
Shot 23:2376,2349,2358,2367,2394,
Shot 24:2403,2421,
Shot 25:2457,2475,2430,2439,2466,
Shot 26:2484,2520,
Shot 27:2628,2574,2592,2610,
Shot 28:2664,2646,2682,
Shot 29:3411,3699,2853,3141,3348,2943,3744,3186,3249,3636,3213,3231,3717,3303,3177,3627,3681,3663,3735,2709,3069,3690,2799,3645,2763,3267,2898,2745,3609,2844,2781,3195,3222,3501,3150,2826,3123,2808,2880,3555,3537,2907,3456,3024,3474,3168,3510,3591,3546,3384,3321,3420,2988,3330,
Shot 30:3780,3762,3798,
Shot 31:3888,3960,4113,3996,4050,3978,3951,4023,3825,3942,3969,4140,4095,4014,3933,3870,3906,4041,3861,3897,4131,3924,4077,3843,
Shot 32:4176,4149,4167,
Shot 33:4203,4185,4221,4194,
Shot 34:4311,4401,4266,4275,4392,4230,4356,4329,4248,4320,4302,
Shot 35:4545,4509,4635,4743,4410,4608,4707,4770,4680,4653,4644,4455,4581,4518,4491,4752,4662,4599,4473,4617,4527,4572,4536,4716,4554,
Shot 36:4797,4806,
Shot 37:4842,4905,4815,4824,4878,4833,4851,4932,4887,
Shot 38:5004,5121,5139,5166,5202,5130,5094,5148,5157,5112,5184,4977,5040,
Shot 39:5256,5274,5220,5211,5265,5229,5247,
Shot 40:5346,5418,5310,5436,5400,5445,5382,
Shot 41:5625,5544,5517,5562,5472,5490,5553,5580,5535,5571,5607,5634,5526,
Shot 42:5652,5670,
Shot 43:5841,5697,5796,5940,5715,5886,5913,5751,5778,5769,5805,5787,5850,5859,5706,5949,5832,5868,5733,5895,5679,5688,
Shot 44:6003,6048,5985,
Shot 45:6201,6327,6237,6354,6264,6408,6462,6291,6219,6498,6417,6111,6075,6129,
Shot 46:6984,6543,7065,7056,6993,6975,
