Shot 0:162,207,9,18,99,198,27,36,63,81,189,54,45,126,180,
Shot 1:369,414,225,405,234,243,270,396,387,
Shot 2:423,
Shot 3:585,621,432,477,441,459,612,450,603,468,
Shot 4:900,630,837,792,1053,1044,846,639,828,648,1035,855,675,657,819,666,684,1026,864,810,702,801,1017,873,999,
Shot 5:1071,1062,1080,
Shot 6:1116,1305,1323,1269,1251,1287,1215,1296,1089,1179,1314,1098,1107,1260,1125,
Shot 7:1350,1458,1440,1449,1332,1431,1404,1341,1359,
Shot 8:1467,
Shot 9:1485,1593,1548,1566,1539,1557,1575,1503,1530,1476,1494,
Shot 10:1674,1692,1638,1665,1683,
Shot 11:1701,
Shot 12:1728,1989,1962,1944,1710,1836,1980,1917,1800,1719,1755,
Shot 13:1998,
Shot 14:2007,2016,
Shot 15:2304,2160,2124,2034,2268,2106,2214,2196,2232,2025,2178,2070,2151,2088,2322,2295,
Shot 16:2421,2394,2430,2403,2412,
Shot 17:2439,
Shot 18:2448,
Shot 19:2457,
Shot 20:2475,2538,2484,2466,
Shot 21:2592,2601,2583,
Shot 22:2628,2610,2619,2637,
Shot 23:2745,2709,2754,
Shot 24:2961,2763,2988,2772,2979,2781,2799,2790,2970,2952,
Shot 25:3006,3087,3051,3015,2997,
Shot 26:3123,3105,3132,
Shot 27:3195,3159,3177,3240,3186,3168,3213,3231,
Shot 28:3699,3393,3645,3852,3663,3411,3429,3879,3321,3843,3249,3528,3861,3870,3672,3834,3285,3564,3510,3420,3258,3447,3753,3339,3636,3681,3402,3384,3825,3654,3438,3690,3744,
Shot 29:3906,3933,3897,
Shot 30:3951,3960,3942,
Shot 31:4437,4194,4671,4014,3987,4320,4293,4626,4113,3969,4356,4275,4662,4680,4032,4401,4086,4023,3996,4050,4230,4599,4068,4176,4131,4212,4527,4005,4374,4095,4410,4185,4329,4509,4302,4257,4338,4554,4167,4284,4419,4041,4392,4473,4482,4617,4446,4428,4635,
Shot 32:4689,4698,
Shot 33:4707,
Shot 34:4716,
Shot 35:4779,5058,4725,4734,4761,4860,4743,5049,4788,4770,4752,
Shot 36:5112,5067,5076,5121,5094,
Shot 37:5229,5418,5400,5247,5391,5166,5373,5139,5265,5148,5310,5427,5157,5175,5409,5256,5382,5211,5238,
Shot 38:5463,5436,5445,5481,5454,5472,
Shot 39:5490,5499,
Shot 40:5517,5526,5535,5508,
Shot 41:5544,
Shot 42:5562,5697,5607,5553,5571,
Shot 43:5886,5778,5814,6354,6471,5985,5967,6237,6012,6480,6201,5841,5994,5715,6021,6435,6273,5958,5859,6066,5805,6453,5922,6219,6039,5796,5976,5877,6345,6336,5823,6255,6030,6300,5904,6246,
Shot 44:6660,6489,6624,6615,6633,6741,6498,6642,6516,6732,6507,6606,6651,6723,
Shot 45:6777,6867,6750,6858,6759,6849,6768,
Shot 46:6894,6984,6975,6876,6957,6885,
Shot 47:7002,6993,7011,
Shot 48:7092,7164,7146,7200,7182,7029,7137,7056,7155,7128,7173,7209,7083,7101,7065,
Shot 49:7218,7227,
Shot 50:7245,7236,7254,
Shot 51:7650,7299,7731,7344,7686,7317,7326,7389,7722,7713,7569,7407,7659,7587,7551,7560,7353,7704,7290,7578,
Shot 52:7740,
Shot 53:7749,
Shot 54:7758,
Shot 55:7794,7767,7776,7821,7785,7803,
Shot 56:8433,8037,8982,8532,9090,8118,8217,7974,7857,8586,8181,9036,8019,8154,7920,7902,7884,8352,7938,8676,7866,8064,8883,8100,8010,7893,9108,8514,7947,8595,8793,8271,8235,8145,8658,8460,8577,8856,8379,8775,7983,8622,8649,8082,7965,8199,8190,8829,8487,8109,9009,8505,8550,9099,8604,8046,8928,9072,8703,8028,8721,8073,9045,8478,8406,9081,8091,8496,8523,8325,8442,8451,8991,
Shot 57:9117,
Shot 58:9153,9180,9135,9162,9171,9144,
Shot 59:9612,9225,9252,9432,9198,9333,9639,9468,9243,9531,9576,9621,9630,9603,
Shot 60:9702,9657,9648,9675,9684,9720,9693,9711,
Shot 61:9765,9846,9747,9900,9963,9864,9918,9927,9909,9819,9882,9738,9972,9945,9954,9774,9810,9756,9783,
Shot 62:9981,
Shot 63:10071,10089,9990,10017,9999,10053,10080,
Shot 64:10098,
Shot 65:10125,10341,10251,10107,10179,10323,10134,10116,
Shot 66:10503,10359,10449,10485,10494,10512,
Shot 67:10521,
Shot 68:10530,
Shot 69:10629,10539,10584,10548,10557,10620,10638,
Shot 70:10647,
Shot 71:10692,10800,10791,10656,10665,10674,10683,
Shot 72:11088,10809,11412,11241,10926,11268,11016,11250,11430,10863,11259,10944,10836,11232,10827,10971,11286,11034,10935,10908,11106,10818,10953,10989,11313,11151,11043,10917,11061,10854,11223,11097,10962,11421,10872,11295,11070,
Shot 73:11484,11439,11709,11448,11538,11457,11493,
Shot 74:11736,11718,11727,
Shot 75:11754,11943,11880,12015,11844,11970,11988,11817,11781,11898,11961,11979,11772,11763,
Shot 76:12411,12114,12303,12537,12357,12501,12267,12096,12447,12375,12483,12249,12339,12519,12276,12123,12321,12393,12438,12420,
Shot 77:12546,
Shot 78:12555,12582,12573,12591,12564,
Shot 79:12609,12600,12618,
Shot 80:12627,
Shot 81:12636,
Shot 82:12645,12654,
Shot 83:12663,
Shot 84:12690,12672,12771,12762,12681,
Shot 85:12780,
Shot 86:12816,12897,12789,12798,12888,12807,
Shot 87:12915,13023,12906,13014,
Shot 88:13248,13275,13131,13032,13158,13041,13149,13050,13167,13266,13176,13059,13140,13185,13068,13257,
Shot 89:13356,13284,13293,13302,
Shot 90:13509,
