Shot 0:9,54,45,18,
Shot 1:108,
Shot 2:279,207,306,297,261,324,288,
Shot 3:513,612,369,333,495,450,621,405,477,351,549,504,576,396,378,603,441,423,531,468,567,585,522,594,
Shot 4:657,639,648,630,
Shot 5:684,711,702,666,675,693,
Shot 6:738,756,765,729,747,720,
Shot 7:864,909,810,819,900,783,882,801,855,
Shot 8:1179,1008,1530,1143,1323,1611,1386,1089,1404,1215,1062,1593,1026,1233,1647,1674,1638,1134,1350,1656,1071,936,1251,1377,1197,1485,1620,1188,1332,1125,1566,1269,1341,1602,1359,1107,1665,1224,1296,1314,1629,1044,1440,1458,1152,1206,1548,
Shot 9:1683,1692,
Shot 10:1701,1710,
Shot 11:1746,1809,1827,1791,1719,1818,1728,1755,1782,1737,
Shot 12:2385,1980,1845,1989,1899,2214,1998,2520,1953,1944,2511,1836,2205,1872,2223,1854,1926,2088,2448,1935,2187,2178,1881,2007,2286,2133,1962,2016,1863,2259,2070,2196,2358,1908,2421,2403,
Shot 13:2574,2637,2547,2538,2565,2601,
Shot 14:2754,2691,2835,2934,2970,2862,2700,2853,2727,2718,2781,2709,
Shot 15:3006,3060,3033,3042,3024,3051,2997,2988,
Shot 16:3213,3456,3321,3411,3195,3510,3168,3366,3258,3141,3483,3267,3249,3087,3177,3069,3078,3123,3420,3375,3105,3393,3474,3276,3465,3132,3492,3294,3186,3429,3222,3204,
Shot 17:3654,3591,3528,3546,3717,3573,3618,3708,
Shot 18:3744,3762,3753,3726,
Shot 19:3816,3843,3834,3771,3789,
Shot 20:3861,3852,3870,
Shot 21:3933,4149,4167,4455,4491,4185,4356,4266,4131,4392,4176,4446,4140,3888,4347,4230,4113,4158,4437,4509,3897,3879,4059,4464,4248,4041,4203,4365,4338,3906,3987,4005,3960,3924,
Shot 22:4518,4527,
Shot 23:4536,
Shot 24:4563,4545,4617,4626,4554,
Shot 25:4662,4680,4671,4653,4644,
Shot 26:4716,4806,4743,4698,4797,4707,
Shot 27:4815,
Shot 28:4842,4824,4851,4833,4860,
Shot 29:4896,4968,4950,4878,4923,4959,4887,4932,4914,4941,
Shot 30:4977,4995,
Shot 31:5004,5013,
Shot 32:5112,5085,5022,5193,5058,5103,
Shot 33:5544,5967,5220,6048,5715,5652,5211,5355,5670,5787,5760,5256,5958,5247,5679,5832,5976,5202,5931,5238,5859,6012,5688,5778,5508,5571,5742,5283,5733,5796,5373,5526,5985,5625,5364,5265,5589,5535,5661,
Shot 34:6381,6120,6498,6705,6759,6651,6372,6336,6129,6669,6687,6678,6066,6579,6615,6219,6516,6147,6534,6138,6561,6156,6552,6750,6543,6354,6624,6741,6363,6597,6462,6696,6399,6444,6714,6318,
Shot 35:7047,6795,7191,6975,7200,6822,6777,6966,6786,6948,7011,6885,6921,6939,6831,6993,7092,6840,7137,7074,6867,7119,7038,7173,7056,7110,
Shot 36:7227,7209,7218,
Shot 37:7497,7362,7245,7308,7713,7353,7344,7281,7677,7335,7407,7452,7326,7695,7236,7470,7488,7515,7704,7605,
Shot 38:7794,7749,7740,7722,7731,7758,
Shot 39:9189,8685,8379,8658,8010,9495,7884,9342,9522,8388,9054,7911,7812,8415,7902,7956,7857,8352,9081,9540,8622,8244,8145,9288,8694,8676,9324,8316,8577,7866,9099,8721,8469,9486,8100,8712,8451,8370,9027,8397,8487,7920,9306,9135,7938,8064,9297,8541,9531,8127,7893,9360,9513,7830,8604,8181,8037,8442,8667,8073,8514,9549,9108,9090,8703,8163,9414,8226,8253,7929,8892,7947,9180,9567,8901,
Shot 40:9684,
Shot 41:9756,9720,9792,9765,
