Shot 0:45,9,18,
Shot 1:144,135,153,
Shot 2:252,180,207,234,
Shot 3:270,
Shot 4:315,360,279,342,288,333,351,324,306,
Shot 5:450,369,477,405,432,468,387,459,441,423,378,486,
Shot 6:540,558,504,495,549,522,
Shot 7:576,585,567,
Shot 8:621,603,594,630,612,
Shot 9:657,666,648,
Shot 10:855,891,756,675,810,729,702,765,711,774,819,882,792,684,873,783,837,720,738,846,
Shot 11:1080,900,909,954,1008,927,963,981,999,1026,972,990,918,1071,936,1089,
Shot 12:1116,1098,1152,1107,1134,
Shot 13:1179,1359,1224,1206,1161,1170,
Shot 14:1386,
Shot 15:1395,
Shot 16:1494,1413,1431,1404,1539,1521,1467,1458,
Shot 17:1611,1683,1701,1656,1692,1665,1566,1557,1575,1584,1602,1629,
Shot 18:1728,1737,
Shot 19:1764,1746,1773,1755,
Shot 20:1827,1854,1800,1845,1836,1818,
Shot 21:1863,1872,
Shot 22:1881,1917,1899,
Shot 23:1935,
Shot 24:1944,1953,
Shot 25:2124,1971,2061,2142,2106,2151,1989,2034,2133,2079,2115,
Shot 26:2187,2250,2241,2214,2223,2196,2232,2178,
Shot 27:2349,2295,2313,2367,2331,2358,
Shot 28:2403,2385,2511,2493,2439,2547,2475,2394,
Shot 29:2646,2790,2556,2754,2691,2601,2916,2772,2583,2718,2664,2673,2610,2628,2700,
Shot 30:3240,3006,3051,3096,2943,3060,3024,3276,3123,3213,3168,3258,3150,
Shot 31:3303,
Shot 32:3483,3456,3357,3519,3465,3501,3492,3393,
Shot 33:3546,3528,3573,3537,3555,
Shot 34:3708,3834,3762,3600,3672,3816,3654,3627,3843,3609,3789,3744,3753,3726,3699,
Shot 35:3924,3951,3870,3897,3960,3942,3906,3933,3915,
Shot 36:3969,
Shot 37:4131,4068,3987,3978,4005,4032,4104,4212,3996,4158,4014,4077,4113,4149,4095,4140,
Shot 38:4230,4293,4302,4248,4266,4284,4257,4239,4221,
Shot 39:4311,
Shot 40:4464,4320,4374,4365,4338,4419,4347,4329,4356,4392,4401,4446,4428,4473,
Shot 41:4518,4527,4509,4491,
Shot 42:4536,
Shot 43:4563,4680,4743,4581,4698,4545,4572,
Shot 44:4815,4851,4842,4806,4824,
Shot 45:4995,4923,4878,4914,4860,4977,4869,4986,4932,
Shot 46:5031,
Shot 47:5049,5040,5175,5166,
Shot 48:5184,5229,
