Shot 0:9,
Shot 1:513,495,621,504,387,531,
Shot 2:657,
Shot 3:747,1062,1071,1395,774,1386,1251,1260,999,990,1278,765,1566,666,756,
Shot 4:1647,
Shot 5:1656,
Shot 6:1836,
Shot 7:5904,5013,4662,2178,3663,4887,3438,6039,4635,4194,2826,3708,6228,2475,5661,5076,4509,3528,2277,2070,4599,6318,5859,3789,4086,3114,3501,6273,6840,4149,5913,6624,6084,3654,2790,4482,3402,4986,5580,3420,1845,6282,4014,5760,4473,4572,2430,4383,5976,2853,2088,3600,6462,5733,2133,4302,3096,6246,3231,5616,2061,5373,5409,6732,6354,2358,4860,5094,6570,6660,6669,4365,3591,6426,6237,4707,3645,5031,6768,6561,5328,3825,2187,2079,6750,3447,5391,4284,6219,4230,6516,6363,2106,2637,5004,3618,3627,3366,6894,2988,6867,6003,4104,1944,5832,5022,3744,6435,3609,6345,3492,4995,3465,6804,5967,4401,5841,5625,6075,2115,6507,2169,5571,5400,2601,6255,6057,
Shot 8:6993,7101,7182,6984,7020,7038,7092,6912,7146,7155,7011,
Shot 9:7218,
Shot 10:7398,7299,7443,7317,7353,7425,
Shot 11:7497,7866,7947,7830,7776,7659,7893,7884,7704,7749,8001,7587,7848,7803,7668,7875,7695,7956,8010,7839,7488,
Shot 12:8118,8181,8046,8172,8037,8028,8154,8073,8190,8136,
Shot 13:8532,8775,8307,8379,8478,8460,8595,8235,8568,
Shot 14:8946,
Shot 15:8964,8973,
Shot 16:9126,
