Shot 0:72,198,108,117,162,36,99,126,9,153,81,135,45,27,63,
Shot 1:207,
Shot 2:279,405,216,324,225,387,234,306,252,
Shot 3:414,
Shot 4:423,
Shot 5:450,441,432,459,
Shot 6:495,504,477,486,
Shot 7:513,
Shot 8:522,
Shot 9:540,549,531,
Shot 10:675,630,693,684,594,648,576,657,639,666,621,
Shot 11:720,702,711,729,
Shot 12:747,
Shot 13:756,774,
Shot 14:783,792,
Shot 15:801,
Shot 16:891,927,909,810,864,846,918,900,882,828,
Shot 17:936,
Shot 18:999,945,972,954,1017,981,963,1008,990,
Shot 19:1026,1035,
Shot 20:1242,1431,1368,1449,1278,1071,1413,1260,1440,1305,1422,1125,1458,1134,1269,1287,1395,1098,1386,1215,1251,
Shot 21:1467,1476,
Shot 22:1521,1548,1503,1539,1512,1530,1485,1557,
Shot 23:1647,1629,1674,1602,1575,1566,1665,1638,1656,1620,
Shot 24:1683,1692,1701,
Shot 25:1728,
Shot 26:1737,1746,
Shot 27:1755,1809,1827,1800,1782,1764,
Shot 28:1836,
Shot 29:1854,1899,1872,1845,
Shot 30:2070,1926,1917,1962,1971,2133,1935,2007,2106,2052,1953,
Shot 31:2169,2160,2223,
Shot 32:2277,2250,2295,2268,2286,
Shot 33:2313,2331,
Shot 34:2349,2358,2367,2340,
Shot 35:2385,2394,2376,
Shot 36:2403,
Shot 37:2412,
Shot 38:2421,
Shot 39:2439,2655,2700,2754,2772,2520,2601,2718,2547,2736,2682,2457,2529,2664,2745,2493,2691,2430,2583,2619,2556,2511,2448,
Shot 40:2781,
Shot 41:2817,2853,2835,2799,2844,2808,
Shot 42:2997,3078,2871,3150,2934,3186,2898,3069,3105,2916,3024,2943,2862,2889,3132,3195,2970,3114,3033,3006,2952,
Shot 43:3276,3213,3312,3258,3294,3231,3240,3249,3222,3303,3285,
Shot 44:3321,3330,
Shot 45:3339,3348,
Shot 46:3366,3384,3357,
Shot 47:3501,3393,3402,3429,3411,3447,3483,3519,
Shot 48:4014,3897,3609,3906,3951,3798,3654,3870,3933,4095,3789,3879,3915,4077,3888,3807,3771,3546,3996,3978,3735,3843,4086,3924,4059,3834,3681,3852,3618,3582,3960,4005,3861,
Shot 49:4104,4113,
Shot 50:4140,4122,4131,4149,
Shot 51:4257,4158,4239,4185,4167,4221,4230,4248,4176,4194,4275,
Shot 52:4293,
Shot 53:4599,4347,4410,4779,4824,4437,4302,4392,4482,4869,4878,4464,4491,4428,4752,4329,4518,4689,4446,4527,4806,4653,4851,4311,4419,4662,4833,4356,4680,4554,4590,4815,
Shot 54:4887,
Shot 55:4905,4932,4986,4968,4950,4896,
Shot 56:5013,
Shot 57:5040,
Shot 58:5076,5256,5238,5274,5130,5292,5148,5283,5175,5049,5157,5139,5166,5211,5067,5220,5058,5193,5112,
Shot 59:5301,
Shot 60:5310,
Shot 61:5643,5319,5391,5571,5382,5418,5373,5436,5589,5400,5463,5328,5625,5553,5454,5337,5472,5652,5616,
Shot 62:5706,6102,6219,5976,6012,6048,6156,6030,5913,6084,6066,6210,5868,6201,5805,5769,6192,5886,5859,5751,6174,6138,6021,6228,5661,5670,
Shot 63:6273,
Shot 64:6291,6318,6327,6282,
Shot 65:6570,6372,6516,6642,6345,6660,6435,6615,6489,6543,6588,
Shot 66:6714,6768,6723,
Shot 67:6849,6921,6831,6894,
Shot 68:6930,6939,
Shot 69:7614,7857,7272,7740,7074,6948,7749,7371,7704,7758,7146,7776,7830,6957,7308,7821,7479,7848,6984,7650,7227,7560,7596,7668,7416,7722,7767,7038,
Shot 70:7866,
Shot 71:7875,
