Shot 0:45,9,18,
Shot 1:117,
Shot 2:126,135,
Shot 3:180,144,153,162,216,207,171,189,
Shot 4:342,441,369,468,234,297,360,378,
Shot 5:792,567,693,711,963,882,855,864,819,774,
Shot 6:1341,972,1332,1071,999,1251,1188,1197,1512,1638,1584,1296,1674,1656,1440,1386,1548,
Shot 7:1836,2043,1989,1728,1971,1944,1701,1935,2007,1773,1908,1755,1926,1791,1899,1917,1881,1809,
Shot 8:2142,2070,2196,2097,2178,2079,2124,
Shot 9:2250,2277,2214,2232,2241,2259,
Shot 10:2286,2628,2457,2538,2403,
Shot 11:2682,2637,2727,
Shot 12:2763,2799,
Shot 13:2853,
Shot 14:2871,
