Shot 0:27,36,9,18,
Shot 1:99,54,162,63,108,81,153,
Shot 2:297,279,216,288,306,
Shot 3:369,333,324,360,
Shot 4:396,378,387,405,
Shot 5:558,468,432,495,423,414,450,657,486,504,477,513,459,531,639,603,576,621,549,
Shot 6:900,1674,1188,1395,1791,1305,675,1449,1170,1647,1215,1737,1152,1359,1548,1242,1197,1422,1764,702,1080,1386,1701,1800,1161,1377,1206,1566,1557,1125,1404,1179,1269,720,1485,1062,1584,1755,810,1539,1692,711,1719,1017,1233,1287,1782,1323,1224,1260,1440,1575,1512,747,855,990,1593,864,1071,774,1467,999,981,1089,801,909,
Shot 7:1809,
Shot 8:1854,1827,1818,1836,1845,1863,
Shot 9:1872,
Shot 10:1908,1953,1962,1944,1971,1926,1881,1890,1899,1935,
Shot 11:2187,2259,1980,2106,2007,2277,2268,2070,2250,2088,1989,2304,2097,2115,2223,2241,2340,2016,2286,1998,2205,2151,2034,2196,2313,2295,2160,
Shot 12:2349,
Shot 13:2358,
Shot 14:2367,
Shot 15:2376,2403,2394,2385,
Shot 16:2475,2565,2547,2511,2430,2412,2520,2529,2457,2484,2556,2538,2493,2583,2466,2448,
Shot 17:2619,2655,2592,2637,2646,2601,2628,2610,
Shot 18:2682,2727,2718,2664,2673,2700,
Shot 19:2763,2781,2736,2754,2745,2772,
Shot 20:2790,
Shot 21:2817,2799,2844,2808,2826,2835,
Shot 22:2871,2853,2862,2880,
Shot 23:2952,2907,2889,2925,2979,2898,2934,2916,2943,2961,
Shot 24:2997,3006,2988,
Shot 25:3015,
Shot 26:3042,3033,3024,
Shot 27:3051,
Shot 28:3078,3060,3069,3087,
Shot 29:3096,
Shot 30:3105,
Shot 31:3123,3141,3159,3150,3132,3114,
Shot 32:3177,3195,3204,3168,3186,
Shot 33:3213,3222,
Shot 34:3231,3240,
Shot 35:3321,3276,3339,3249,3267,3285,3294,3258,3330,3312,
Shot 36:3402,3348,3384,3366,3375,3393,3357,
Shot 37:3429,3411,3420,3438,
Shot 38:3447,3456,
Shot 39:3465,
Shot 40:3474,3483,
Shot 41:3492,3501,
