Shot 0:27,126,108,207,90,171,9,144,54,18,
Shot 1:576,711,792,297,486,720,657,495,225,513,351,477,531,738,450,252,504,594,396,756,612,693,729,324,558,774,
Shot 2:801,810,
Shot 3:1314,1089,963,1071,828,909,1188,945,855,1161,819,1035,1080,1134,864,1449,891,1458,1440,954,1143,1125,1152,846,1107,1359,837,936,1296,1179,900,1215,1098,1233,1197,1116,1377,
Shot 4:1503,1494,1467,
Shot 5:1521,1674,1638,1611,1512,1548,1566,
Shot 6:1782,1728,1800,1746,
Shot 7:2061,1818,1809,1881,1953,2034,1863,2088,1836,2052,2070,1908,1872,
Shot 8:2133,2196,2205,2214,2097,2169,2106,2151,2178,2142,
Shot 9:2331,2637,2466,2493,2385,2223,2619,2340,2232,2457,2646,2376,2655,2475,2268,2304,2250,
Shot 10:2736,2700,2682,2790,2799,2709,2718,2763,2664,2745,
Shot 11:2934,2808,2817,2871,2844,2943,
Shot 12:3078,3195,3141,2979,3150,3159,3006,2988,3123,3177,3051,3060,3069,3087,
Shot 13:3285,3249,3267,3258,3240,3294,
Shot 14:3357,3411,3402,3384,3312,3303,3375,3321,3366,3348,
Shot 15:3429,3519,3492,3447,3501,3420,3528,3456,
Shot 16:3600,3564,3654,3636,3672,3591,3555,3609,
Shot 17:3744,4032,4077,4149,4068,3843,3780,3942,4050,4104,3807,3771,4059,4014,3699,3915,3888,3987,4095,3762,3816,3717,3879,3996,3834,4005,4086,4023,3978,
Shot 18:4158,4248,4293,4356,4338,4266,4194,4176,4221,4167,4320,
Shot 19:4815,4590,4608,4374,4581,4464,4626,4599,4770,4428,4914,4392,
Shot 20:4959,4995,4977,4941,4932,4950,4968,4986,
Shot 21:5022,5013,5004,
Shot 22:5031,
Shot 23:5256,5049,5067,5058,5184,5121,5040,5076,5157,5094,5139,5238,5274,
Shot 24:5454,5337,5598,5382,5571,5517,5499,5400,5580,5526,5445,5310,5625,5562,5328,
Shot 25:5688,5661,5652,5697,5679,
Shot 26:5751,5724,5706,5742,
Shot 27:5778,5805,
Shot 28:5850,5895,
Shot 29:6075,5931,5913,6021,5949,5967,6111,5994,6030,6066,6084,
Shot 30:6282,6129,6201,6156,6246,6291,6210,6273,
Shot 31:6300,
