Shot 0:9,
Shot 1:45,
Shot 2:297,72,171,603,189,558,360,234,927,936,270,198,522,216,54,414,333,621,252,306,288,81,90,
Shot 3:1116,1053,990,1089,945,1161,1044,1026,1080,1062,1134,1071,1143,1125,
Shot 4:1287,1188,1359,1179,1260,1323,1206,1377,1341,1233,1314,1278,1296,1197,
Shot 5:1413,
Shot 6:1422,1431,
Shot 7:1476,1575,1620,1530,1503,1449,1485,
Shot 8:2232,1773,1665,1692,1917,2160,1674,2241,1809,1899,1782,2187,2214,
Shot 9:2259,2277,2250,
Shot 10:2304,2340,2322,2295,2313,
Shot 11:2349,2367,
Shot 12:2466,2385,2448,2412,2430,2484,2394,2457,2376,
Shot 13:2529,2673,2511,2610,2574,2556,2547,2583,2502,2565,2538,2520,
Shot 14:3051,2835,2898,2934,3015,3105,2862,2709,2745,2799,3060,2907,3087,3042,3006,3132,2889,2781,
Shot 15:3186,3249,3240,3258,3231,3222,3159,3204,
Shot 16:3933,3915,3717,3681,3519,3834,3510,3573,3339,4041,3897,3825,3735,3906,
Shot 17:4365,4167,4077,4419,4275,4392,4446,4068,4140,4284,4347,4383,4437,4356,4374,
Shot 18:4455,
Shot 19:4752,5139,4716,4725,4950,5031,5085,4707,5112,5004,4905,4698,4815,5103,4833,4635,5067,4995,4671,4734,4932,4689,5013,5058,5121,4869,4959,4779,4968,5076,4887,4770,4914,4644,4851,4743,4761,
Shot 20:5166,5148,5157,5175,
Shot 21:5283,5229,5247,5193,5202,5301,5265,5211,5310,5220,5292,5274,
Shot 22:5319,
Shot 23:5328,
Shot 24:5481,5337,5418,5463,5364,5355,5472,5454,5490,
Shot 25:5508,5535,5526,5499,
Shot 26:5607,5544,5562,5553,5598,
Shot 27:5625,
Shot 28:5787,5814,5922,5724,5967,5895,5958,5733,5913,5634,5688,5850,5904,5697,5796,5760,5670,5769,
Shot 29:5976,5985,
Shot 30:6156,6183,6003,6084,6102,6057,6129,5994,
Shot 31:6228,
