Shot 0:9,18,
Shot 1:45,108,99,90,27,81,36,54,
Shot 2:126,135,117,
Shot 3:144,
Shot 4:360,171,153,198,225,306,405,378,351,
Shot 5:504,
Shot 6:531,513,540,522,
Shot 7:549,
Shot 8:558,
Shot 9:567,576,
Shot 10:585,594,
Shot 11:603,
Shot 12:1035,783,1332,675,1386,1431,747,774,1341,801,1413,1269,720,1548,819,621,1359,1350,846,1467,729,810,1494,963,918,648,693,1368,828,1206,1323,909,1314,765,1404,711,882,738,657,1233,1539,936,1287,999,792,891,1251,1134,1305,666,1296,837,855,1026,1044,
Shot 13:1683,2178,2241,2196,1602,1845,1782,2187,1926,1566,1584,2205,1710,1656,1719,2151,1557,1701,1890,
