Shot 0:9,
Shot 1:261,306,162,297,171,279,243,153,180,252,
Shot 2:324,333,
Shot 3:423,378,387,450,369,342,486,396,360,414,
Shot 4:567,594,558,576,
Shot 5:2151,2025,657,2196,1323,2439,774,2259,2502,1611,2466,819,603,2331,1296,2214,2079,2295,693,801,1071,1341,1314,837,1008,2520,2412,783,2178,972,2367,1215,1773,702,765,1845,900,1467,1494,999,2394,918,927,2421,810,2241,2430,2034,1107,1827,1854,2448,1917,792,1422,2349,954,1719,1332,684,2097,1170,2187,1350,1746,1530,2142,1098,1116,1197,2403,1701,720,2160,1575,1026,828,2052,1242,1251,2124,1062,2529,882,1206,1233,936,2169,2268,1134,612,1224,990,666,
Shot 6:2538,2547,
Shot 7:2691,2619,2583,2655,2556,2565,2592,2673,
Shot 8:2727,2763,2799,2700,2736,2709,2781,2718,
Shot 9:2916,2817,2961,2826,2898,
Shot 10:2979,3069,3105,3033,3096,3132,2970,3177,3168,3150,3060,3078,
Shot 11:3438,3294,3258,3735,3600,3375,3366,3483,3384,3348,3276,3204,3429,3654,3411,3528,3771,3465,3492,3402,3672,3447,3699,3627,3330,3222,3321,
Shot 12:3843,3789,3852,3834,
Shot 13:4140,4941,5688,3924,5742,5031,4041,5409,4959,4671,5958,5823,5571,5481,4059,4086,4023,4896,4545,4788,5436,5652,5508,5274,4284,3879,4563,5256,4473,4860,5922,4995,4068,5940,5949,4383,4752,4428,5769,4716,4635,5175,5679,5220,5868,5148,4698,4806,5832,4833,5598,4401,4257,4167,5004,5913,4581,4599,4608,5463,5553,5535,5445,4347,5787,3861,4977,4122,5850,3987,4365,3978,4392,4950,4653,3870,4878,4770,5814,4509,5193,4149,4329,4617,5499,5265,5013,5049,5211,5364,
Shot 14:6354,5976,6471,6336,6030,6435,
Shot 15:7857,6642,7470,7650,7695,6876,7587,7749,7605,7254,7407,6525,7803,7398,7632,7551,7884,
