Shot 0:9,
Shot 1:225,162,180,189,171,198,207,216,
Shot 2:324,450,369,387,405,351,306,423,342,360,441,333,315,297,
Shot 3:1179,855,657,576,468,495,531,558,549,720,702,504,990,648,594,1062,477,900,567,711,684,837,873,738,513,954,792,585,1089,1116,459,774,675,1224,1161,
Shot 4:1242,
Shot 5:1269,
Shot 6:1278,1287,
Shot 7:1296,
Shot 8:1395,1350,1323,1332,1341,1305,1359,1449,1314,1368,1431,1413,1377,1440,
Shot 9:1503,1476,1539,1521,1494,1458,
Shot 10:1719,1962,1548,1575,1593,1890,1683,1701,1773,1665,1584,1566,1800,1620,1935,1863,1602,1782,1827,1557,1755,1710,1692,1674,1791,1629,1728,
Shot 11:2034,2187,1980,2205,1998,2178,2151,2106,2061,2016,2196,2133,2088,2052,2214,2070,2043,2025,
Shot 12:2502,2331,2223,2763,2268,2241,2304,2664,2322,2286,2349,2547,2412,2628,2727,2754,2430,2448,2367,2403,2646,2466,2520,2493,
Shot 13:2799,2907,2934,2853,2781,2880,2943,2826,2916,2970,2898,2889,2790,2817,2925,2952,2808,
Shot 14:3096,3438,3240,2997,3420,3213,3168,3141,3402,3204,3312,3051,3258,3222,3150,3078,3114,3060,3087,
Shot 15:3456,3474,3447,3465,
Shot 16:4428,3537,3591,3699,3825,3501,3564,3672,3645,3744,3618,3771,3546,3582,3483,3609,3726,3681,3573,3528,3789,3834,3690,3492,3753,3717,3519,3663,3600,3816,3897,3627,3510,3861,4167,4041,4311,3780,4086,4140,3798,4005,4221,4329,3852,
Shot 17:4500,4482,4518,
Shot 18:5634,8217,4851,8919,7470,4554,7083,4806,7830,7416,4842,8550,7569,6768,4878,7812,8946,7902,8190,4626,7776,4527,7515,8649,7659,7506,7317,4932,7803,7443,7587,7065,8775,7974,4824,7947,7452,7623,7758,7542,6300,4986,7857,5193,4914,6786,7029,7821,8874,8424,8937,8019,6678,7794,5301,6939,8127,7722,7119,8253,8730,7380,4833,5382,8487,7218,7641,8928,8001,5337,8901,4887,6831,6237,6003,8847,5886,8910,7353,6750,5715,7146,5679,7281,5292,5310,6039,6606,6192,8883,5598,8865,8892,
Shot 19:8955,
