Shot 0:1143,1431,9,
Shot 1:1548,1629,1539,1647,
Shot 2:1683,1764,1710,
Shot 3:1908,1890,1773,1854,2043,1827,2151,2052,1809,1845,2115,2025,2034,1872,1782,1998,1899,1818,1881,1863,2016,1953,1971,
Shot 4:2241,2331,2232,
Shot 5:2646,3006,2907,2439,3051,2610,2961,2736,2547,2574,2592,2493,2781,2916,2691,2880,3033,2619,2664,
Shot 6:3105,
Shot 7:3312,3330,3303,
Shot 8:3339,3348,
Shot 9:3366,3663,3438,3384,3456,3510,3582,3699,3420,3834,3402,3627,3474,3528,3492,3681,3546,3591,3564,3654,3357,
Shot 10:3951,3996,
Shot 11:4482,4032,4194,4275,4491,4410,
Shot 12:4527,
Shot 13:4545,
Shot 14:4662,4761,4554,
Shot 15:4869,4860,4887,
Shot 16:5022,
Shot 17:5040,5085,5076,5031,
Shot 18:5103,5112,
Shot 19:5121,
Shot 20:5247,5130,5616,5211,5319,5229,5274,5139,
Shot 21:5994,
Shot 22:6003,
Shot 23:6309,6111,6165,
Shot 24:6327,
Shot 25:6489,6606,6543,6534,6435,6588,6444,6453,6552,6516,
Shot 26:6732,6714,6750,6822,6723,
Shot 27:6948,6939,6858,6957,6921,
Shot 28:6966,
Shot 29:9072,8505,7011,8496,7200,8001,9171,8064,7398,7479,9522,8397,9576,8946,9270,9495,9369,9459,9648,9207,9216,8361,7218,8208,9198,9324,9504,8415,9477,7335,9180,7659,8595,
Shot 30:9774,9981,10008,9918,9927,10170,9720,10035,9828,9837,9864,9891,10071,10188,10161,9792,9972,9846,9747,9675,9954,
Shot 31:10377,10260,10296,10422,10206,10485,10224,10440,10512,10395,10350,10467,
Shot 32:10539,
Shot 33:10620,10710,10665,10638,10602,
Shot 34:10782,
Shot 35:10863,10890,10899,10800,
Shot 36:10908,
Shot 37:10917,10926,
Shot 38:10953,
Shot 39:10962,
Shot 40:10980,11061,10971,
Shot 41:11556,11268,11502,11664,11232,11979,11412,11313,11646,12051,11943,11358,11547,11997,11169,11610,11205,12060,11700,12006,11250,12024,11835,11151,11484,11529,11493,11394,11565,
