Shot 0:450,900,837,270,81,1080,135,36,531,360,54,1170,504,9,468,558,1035,747,486,63,432,99,180,27,441,594,513,
Shot 1:1287,
Shot 2:1422,1548,1530,1314,
Shot 3:1566,1557,1575,
Shot 4:1602,1584,1611,1593,
Shot 5:1620,1629,
Shot 6:1656,1665,1638,1647,
Shot 7:1674,1683,
Shot 8:2277,1692,2367,1863,2088,2313,2124,2385,2178,2340,2232,2205,2259,2007,2295,
Shot 9:2412,2520,2439,2466,2493,2394,2430,
Shot 10:2574,2727,2718,2691,2664,2709,2556,2673,2565,
Shot 11:2997,2736,2871,2907,2853,2835,2925,2889,3006,2979,
Shot 12:3024,
Shot 13:3123,3177,3150,3132,3114,
Shot 14:3258,3186,3231,3303,3240,3294,3222,3276,3195,3267,3249,
Shot 15:3321,3339,3312,
Shot 16:3492,3663,3357,3591,3582,
Shot 17:3726,3762,
Shot 18:3888,3825,3861,3969,3798,4032,3915,4041,3933,3843,3942,3870,3924,3816,3789,3897,
Shot 19:4050,4374,
Shot 20:4581,4554,4500,4536,4653,4572,
Shot 21:5031,4752,4914,4824,4986,
Shot 22:5076,5121,
Shot 23:5211,5265,5373,5256,5238,5184,5148,
Shot 24:5436,
Shot 25:5661,5499,5607,
Shot 26:5688,5823,
Shot 27:5904,
Shot 28:6084,
Shot 29:7047,6363,6543,6696,7173,6687,6714,6264,6399,6390,7182,6327,7020,6930,6381,6705,6642,6615,6894,6291,6255,7011,6237,6336,7029,7164,6282,6903,6309,6354,6966,6885,6867,6660,6921,
Shot 30:7425,7326,7416,7434,
