Shot 0:171,144,324,153,162,225,
Shot 1:351,513,342,504,
Shot 2:1170,531,711,1044,1359,522,1062,1350,1053,684,1188,693,873,1071,882,1008,1179,702,
Shot 3:1377,1467,1368,
Shot 4:1476,
Shot 5:2070,1647,1773,1890,1485,1665,2241,1656,1899,1584,1782,1494,1908,2079,1791,2061,1764,1674,2088,
Shot 6:2268,2547,2439,2250,2430,2556,2448,2259,2421,2457,2277,
Shot 7:2790,2565,3078,2961,2727,2853,2862,2736,2574,2979,3087,2844,2871,2745,2970,2988,2754,2835,
Shot 8:3546,3393,3204,3708,3096,3510,3690,3411,3222,3105,3699,3519,3213,3114,3402,3501,3384,3231,3681,3528,
Shot 9:3888,3870,3879,3987,
Shot 10:3996,
Shot 11:4023,4410,4239,4122,4428,4005,4248,4113,4230,4104,4014,4131,4419,
Shot 12:4527,
Shot 13:4644,4770,4662,4536,4671,4545,4554,4653,
Shot 14:5004,5130,4788,5031,4887,4896,4779,5022,5121,5013,4914,4905,
Shot 15:5139,
Shot 16:5274,5175,5256,5247,5148,5364,5265,5355,
Shot 17:5382,5373,5490,5391,
Shot 18:5517,5499,5733,5724,5508,
Shot 19:5859,5742,6147,5787,5850,6048,5751,5868,
Shot 20:6174,6318,6597,6426,6435,6417,6156,6300,6444,6165,
Shot 21:6759,6606,6615,6777,
Shot 22:6804,7146,6966,6975,7137,6957,6984,6786,
Shot 23:7164,7155,7317,7308,
Shot 24:7344,7326,7587,7506,7335,
Shot 25:7713,7596,7605,7704,7722,7614,
