Shot 0:18,162,135,126,117,45,81,9,
Shot 1:495,414,180,270,297,351,306,459,450,522,288,225,513,468,441,324,378,261,477,189,
Shot 2:585,540,558,549,630,567,621,612,
Shot 3:666,927,738,657,846,882,765,675,
Shot 4:945,1026,999,936,
Shot 5:1071,1215,1224,1296,1413,1449,1539,1521,1170,1395,1251,1530,1431,1188,1035,1359,1512,1377,1206,1233,1044,1440,1269,1098,1422,1494,1089,1197,1404,1062,1467,1386,1080,
Shot 6:1656,1701,1710,1791,1692,1809,1557,1755,1593,1683,1782,1629,1620,1611,1674,
Shot 7:1827,
Shot 8:1863,1845,1836,1854,
Shot 9:1962,2205,2106,2007,2034,1881,2070,1872,1989,2115,2025,1998,2133,2088,1935,2223,1980,2016,2052,2124,1953,
Shot 10:2304,2358,2502,2466,2232,2493,2349,2367,2412,2241,2385,2286,2430,2448,2250,2295,2313,
Shot 11:2511,
Shot 12:2556,2520,2538,2601,2592,2529,2610,2583,2547,2565,
Shot 13:3033,3267,2772,2628,2853,2664,2817,3168,3285,2889,2682,2754,2655,2835,3060,2871,2844,2700,3186,3105,3087,3078,2619,2799,3015,3051,3024,3069,
Shot 14:3807,3744,3519,3348,3780,3771,3564,3681,3591,3789,3384,3609,3627,3465,3726,3393,3699,3357,3321,3753,3798,3816,
Shot 15:3888,3951,3942,3933,3852,
Shot 16:4284,4149,4005,3978,4113,4077,4158,4185,4239,4095,4050,4194,3987,4032,4383,4176,4104,4086,4122,4338,4248,4311,4230,3960,4131,4203,4329,4014,4302,4266,
Shot 17:4455,4401,4419,4473,4437,4446,4428,4464,
Shot 18:4617,4653,4527,4644,4518,4482,4500,4563,4554,4581,4635,4509,
Shot 19:4680,4662,4689,4671,
Shot 20:4743,4698,4851,4896,4788,4707,4779,4905,4878,4716,4869,4752,4725,
Shot 21:4914,4950,4923,4932,
Shot 22:5130,5004,5094,5112,5139,
Shot 23:5157,5292,5355,5184,5319,5256,5364,5175,5229,5166,
Shot 24:5373,
Shot 25:5382,5391,
Shot 26:5625,6318,6237,6120,6282,6309,5958,5400,5823,5454,6039,6147,6255,6201,5436,5715,5922,5787,5805,5571,5688,5868,5940,5724,6246,6219,6273,6075,6165,5661,5742,5526,5481,6291,5850,5913,6228,5733,5589,5814,5616,5553,5643,5508,
Shot 27:6327,
Shot 28:6696,6336,6903,6804,6948,6498,6993,6750,6894,6957,6480,6642,6732,6570,6606,6507,6651,6966,6588,6975,7002,6705,
Shot 29:7011,
