Shot 0:144,9,81,117,135,
Shot 1:279,333,171,180,198,324,270,306,
Shot 2:342,351,
Shot 3:918,369,540,594,486,810,396,459,495,576,702,972,612,864,360,747,513,621,963,945,927,504,
Shot 4:1026,1089,1170,999,1161,1008,
Shot 5:1710,1359,1665,1233,1197,1692,1728,
Shot 6:1899,2070,1737,1962,1854,1935,1836,1989,2052,2025,1755,1863,2061,2007,2088,1782,1845,
Shot 7:2115,2133,2106,2124,
Shot 8:2205,3033,2862,3105,2493,2754,3150,3159,3132,2808,2187,2295,3114,3096,3177,2817,2151,2736,3168,2430,2664,3069,2997,2259,3051,2772,2214,
Shot 9:3186,
Shot 10:3195,
Shot 11:3231,3330,3339,3303,3213,3204,3249,
Shot 12:3402,3348,3447,3420,3483,3474,3429,3465,3501,3357,3366,3411,3519,3456,3384,
Shot 13:3537,3546,
Shot 14:3573,3555,3582,
Shot 15:3780,3609,3852,3672,3753,3843,3591,3798,3789,
Shot 16:3861,3870,
Shot 17:4239,4113,4329,4356,3897,4347,4041,3924,4176,4302,4086,4140,3987,4275,4320,4185,4266,3906,4257,
Shot 18:4365,4374,
Shot 19:4383,4410,
Shot 20:4419,4428,
Shot 21:4437,4446,
Shot 22:4455,4482,4473,4464,
Shot 23:4743,4500,4491,4518,4914,4716,4554,4509,4869,4896,
Shot 24:4932,
Shot 25:4986,5301,5283,5130,5184,5103,5265,5058,4950,
Shot 26:5328,5355,5310,5337,5319,
Shot 27:5427,5472,5400,
Shot 28:5481,
Shot 29:5490,5499,
Shot 30:5670,5508,5742,5760,5751,5535,5769,5616,5643,5526,5697,5625,
Shot 31:5994,5778,5832,5787,6111,5805,6066,5859,
Shot 32:6318,6462,6192,6372,6300,6246,6354,6156,6399,6336,
