Shot 0:9,
Shot 1:108,117,
Shot 2:306,261,351,333,
Shot 3:387,360,423,369,414,378,
Shot 4:504,432,531,441,459,486,513,
Shot 5:612,585,630,603,621,
Shot 6:639,
Shot 7:648,
Shot 8:693,657,675,720,
Shot 9:801,963,900,765,918,882,783,774,729,927,828,792,864,
Shot 10:972,
Shot 11:981,990,
Shot 12:999,
Shot 13:1251,1017,1089,1152,1296,1008,1287,1035,1098,1170,1116,1188,1071,1134,1278,1197,1107,1026,1269,1206,1224,1215,1242,1260,1233,
Shot 14:1323,1305,1314,1341,1332,
Shot 15:1431,1710,1503,1638,1359,1449,1530,1620,1512,1539,1683,1701,1485,1377,1629,1368,1593,1557,1440,1386,1611,1422,1404,1467,1674,1395,1566,1656,1602,1476,1692,1575,1584,
Shot 16:1728,1737,
Shot 17:1908,1818,1863,2160,1746,1854,1800,1827,1881,1764,1845,1836,2151,2106,2088,1755,1773,1872,1971,1998,2061,2133,1980,1809,1791,1944,2007,
Shot 18:2178,2196,2169,
Shot 19:2223,2331,2313,2322,2304,2268,2286,2241,
Shot 20:2340,
Shot 21:2367,2349,2358,
Shot 22:2475,2430,2547,2529,2583,2448,2511,2565,2484,2502,2439,2457,
Shot 23:2637,2601,2619,2628,2655,2646,
Shot 24:2718,2835,2817,2682,
Shot 25:2844,2853,
Shot 26:2871,2961,2916,2925,2907,2979,2889,2862,2880,
Shot 27:3087,3222,3195,3150,2988,3132,3213,3168,3114,3006,3177,3204,3105,3042,3015,3024,3060,3078,
Shot 28:3456,3258,3312,3330,3294,3348,3321,3357,3231,3303,3240,3276,3510,3366,3339,3285,3267,3474,3492,3429,3465,3375,3501,
Shot 29:3546,3591,3519,3573,3555,3537,
Shot 30:3645,3690,3771,3744,3672,3708,3609,3789,3681,3663,3627,3726,3753,3762,3699,3636,3654,
Shot 31:3825,3798,3807,3852,3843,3816,3834,
Shot 32:3861,
Shot 33:3915,3888,3870,4086,3996,3879,4068,3942,3906,4059,3897,4077,
Shot 34:4095,
Shot 35:4104,
Shot 36:4266,4158,4401,4122,4482,4464,4365,4437,4311,4176,4455,4347,4446,4473,4140,4293,4194,4392,4428,4167,4374,4149,4338,4284,4131,4203,4320,4113,4248,4275,4185,
Shot 37:4563,4500,4527,4590,4545,4599,4509,4581,4572,4536,4554,
Shot 38:5193,4770,5013,4707,4824,4941,5031,4644,4608,4842,4851,4869,4626,4725,5103,5121,4689,4995,4635,4806,4653,5130,5076,4815,4914,4833,5049,4887,4977,4743,5094,4779,5256,5148,4698,4860,4797,4716,5220,4932,5166,4752,4761,5058,
Shot 39:5274,
Shot 40:5319,5616,5634,5472,5526,5544,5409,5571,5607,5283,5553,5391,5355,5661,5580,5373,5625,5643,5337,5292,
Shot 41:5679,5670,5688,
Shot 42:5697,5706,
Shot 43:5850,5715,5751,5787,5895,5805,5823,5877,5859,
Shot 44:6039,6048,
Shot 45:6228,6273,6264,6057,6255,6156,6075,6138,6210,6111,6201,6147,6093,6129,6183,6219,6165,6237,
Shot 46:6354,6327,6309,6291,6399,6372,6363,6336,6408,6318,6390,6345,
Shot 47:6426,6435,6417,
Shot 48:6462,6453,6444,
Shot 49:6471,
Shot 50:6480,
Shot 51:6714,6804,6858,6489,6606,6750,6642,6840,6525,6624,6579,6732,6678,6849,6768,6822,6651,6705,6786,
Shot 52:6912,7011,6948,6876,6984,6993,6957,6939,6966,6930,6885,7002,6921,6903,
Shot 53:7245,7227,7074,7236,7290,7299,7209,7281,7110,7218,7128,7182,7263,7092,7155,7254,7191,7272,
Shot 54:7308,
Shot 55:7317,
Shot 56:7344,7353,7326,7335,
Shot 57:7362,
Shot 58:7389,7371,7380,7398,
Shot 59:7407,7425,7416,
Shot 60:7452,7515,7479,7542,7470,7524,7434,7461,7488,7443,
Shot 61:7551,7569,7560,
Shot 62:7821,7587,7686,7614,7713,7632,7596,7893,7731,7767,7857,
Shot 63:7920,7938,7929,7911,
Shot 64:7992,7974,7956,7947,7983,7965,
Shot 65:8010,8001,8019,
Shot 66:8046,8082,8037,8055,
Shot 67:8181,8280,8253,8127,8109,8226,8118,8208,8163,
Shot 68:8316,8289,8352,8298,8361,8325,8307,
Shot 69:8379,8370,8388,
Shot 70:8478,8442,8514,8451,8406,8460,8424,8523,8469,8487,
Shot 71:8541,8532,8550,
Shot 72:8622,8559,8568,8793,8586,8658,8748,8577,8640,8604,8766,8613,8739,8631,
