Shot 0:153,9,207,189,117,
Shot 1:1080,531,297,423,846,774,675,234,639,882,837,315,927,1107,792,945,594,459,351,1017,963,900,261,225,621,648,504,684,1044,1098,909,954,1062,1026,1089,
Shot 2:1134,1143,1116,1125,
Shot 3:1179,
Shot 4:1782,1557,1710,1818,1827,1836,1395,1764,
Shot 5:1845,
Shot 6:1854,
Shot 7:1863,
Shot 8:1899,1872,1881,1908,
Shot 9:1917,1962,1935,1953,
Shot 10:2214,2637,1971,2835,2304,2439,2664,2259,2475,2817,2718,2106,2250,2178,2196,
Shot 11:2898,2862,2844,2871,2916,
Shot 12:3528,2979,3240,3600,3033,3141,3546,3060,3672,3114,3744,3690,3501,3285,3555,3519,3627,3717,3537,3735,3186,
Shot 13:3762,3798,3789,3780,3753,
Shot 14:4122,3807,4077,4248,3843,4185,4221,4239,4041,4266,3996,4194,3834,4167,4257,4203,4086,4131,3888,4059,3852,4158,
Shot 15:4284,
Shot 16:4473,4302,4554,4419,4401,4428,4608,4320,4563,4293,4374,4311,4518,4545,4500,4590,4536,4446,4626,4572,4455,4491,
Shot 17:4662,4635,4644,4671,
Shot 18:5427,4905,5409,5571,5157,5247,5517,5283,5553,5013,5103,5220,4680,5130,5535,4797,4887,4941,5499,5067,5481,4977,5193,5418,5463,5436,5292,5391,
Shot 19:5580,5589,
Shot 20:5598,
Shot 21:5724,5607,5634,5652,
Shot 22:5733,5742,
Shot 23:5751,5760,
