Shot 0:63,189,9,180,36,45,81,171,54,72,
Shot 1:261,396,360,207,198,369,216,387,225,252,279,
Shot 2:792,1260,1269,558,450,666,1233,891,990,1107,1143,495,423,1170,1071,594,711,756,1035,432,1125,945,477,531,684,621,1251,459,549,783,1053,1089,693,972,864,810,567,1008,1026,
Shot 3:1278,1287,
Shot 4:1350,1377,1296,1332,1341,1368,1359,
Shot 5:1395,1386,1404,
Shot 6:1422,1431,1413,
Shot 7:1755,1512,1710,1440,1458,1683,1809,1467,1881,1737,1836,1494,1845,1782,1548,1719,1764,1476,1791,1863,1503,1746,
Shot 8:1926,1944,1908,1935,1917,
Shot 9:2790,1962,2763,2772,1953,2781,
Shot 10:2799,2826,2817,2808,
Shot 11:2871,2835,2844,2862,2889,2853,2880,
Shot 12:2907,
Shot 13:2916,2925,
Shot 14:2943,2952,2934,
Shot 15:3051,2961,3132,2988,3087,2979,3078,2970,3015,3114,3141,3096,3060,3123,3069,3024,3105,
Shot 16:3150,
Shot 17:3807,3591,3411,3222,3159,3897,3429,3573,3177,3501,3258,3537,3375,3834,3465,3384,3879,3600,3519,3888,3555,3438,3663,3303,3870,3168,3564,3474,3582,3402,3627,3420,3393,3348,3195,3285,3771,3906,3321,3708,3825,
Shot 18:3951,3924,3933,4095,3960,
Shot 19:4122,4167,4140,4149,4104,
Shot 20:4239,4176,4203,4185,4221,4248,
Shot 21:4266,4302,4293,4284,4257,
Shot 22:4329,4338,4320,
Shot 23:4869,4491,4590,4374,4806,4914,4932,4851,4626,4464,4923,4527,4572,4419,4896,4473,4878,4356,4608,4383,4860,4518,
Shot 24:4950,4959,4977,4941,
Shot 25:5031,4995,5058,5067,5049,5004,4986,5013,5022,5040,
Shot 26:5076,
Shot 27:5094,5085,5103,
Shot 28:5184,5121,5274,5265,5238,5130,5256,5112,5229,5139,5211,5157,5193,
Shot 29:5283,
Shot 30:5292,5301,
Shot 31:5310,5319,5328,
Shot 32:5337,
Shot 33:5346,
Shot 34:5355,
Shot 35:5364,
Shot 36:5472,5616,5373,5400,5589,5571,5382,5427,5391,5517,5499,5607,5562,5553,5409,5445,5490,
Shot 37:5625,
Shot 38:5634,5643,
Shot 39:5688,5787,5724,5652,5760,5733,5778,5742,5670,5715,5679,5706,
Shot 40:6111,5904,5886,5823,5832,5814,5958,5859,6237,6030,5805,5850,5841,6048,5895,6174,5796,5913,6084,5985,5868,6039,6138,6003,5931,5994,6120,6219,5922,5976,5949,6201,6057,
Shot 41:6246,6255,
Shot 42:6714,6381,6309,6561,6399,6426,6408,6768,6858,6345,6669,6462,6759,6525,6327,6894,6624,6264,6822,6912,6687,6804,6552,6435,6588,6840,6498,6282,6444,6777,6813,6867,6696,6750,6849,6471,6903,6507,
Shot 43:6921,
Shot 44:7002,6930,6939,6948,7038,6966,6975,7029,7020,6957,
Shot 45:7362,7569,7695,7281,7614,7155,7236,7686,7470,7299,7119,7065,7182,7263,7218,7101,7506,7407,7173,7533,7200,7326,7254,7578,7452,7074,7146,7677,7164,7227,7398,7290,
Shot 46:7794,7866,7776,7713,7812,7785,
Shot 47:7911,
