Shot 0:9,
Shot 1:333,108,180,630,135,207,117,621,540,153,225,270,486,126,603,459,513,252,306,567,432,378,279,297,468,405,351,324,
Shot 2:666,864,711,756,702,882,765,639,720,648,774,657,
Shot 3:1017,1305,909,1206,1134,999,1125,1188,1296,1143,1089,1008,1197,
Shot 4:1323,1332,1314,
Shot 5:1359,1341,1377,1350,
Shot 6:1386,
Shot 7:1395,1413,
Shot 8:1908,2151,1728,1611,1431,2097,1467,1935,1629,1530,1539,1800,1746,2106,2205,2079,1917,1791,1719,2115,1809,1620,1863,1701,2178,1440,2124,1926,1737,2088,1557,
Shot 9:2214,
Shot 10:2223,
Shot 11:2295,2376,2367,2232,2331,2250,2241,2277,2313,2349,2268,
Shot 12:2547,2691,2763,2412,2511,2673,2736,2385,2682,2520,2664,2502,2745,2394,2700,2619,2529,2583,2403,
Shot 13:2781,2790,
Shot 14:2799,2808,
