Shot 0:837,927,1296,81,504,1215,126,630,1134,1098,810,486,1269,531,801,1152,1206,891,1305,963,648,1287,756,1341,477,279,108,747,945,288,63,1242,1260,1125,1143,819,9,99,
Shot 1:1350,
Shot 2:1413,1962,1449,1359,1773,1440,1791,1935,1926,1917,1944,1377,1395,
Shot 3:1971,
Shot 4:2160,2124,2079,2115,2097,1980,2178,1998,2088,2169,2151,
Shot 5:2187,2196,
Shot 6:2547,3033,2970,2304,2466,2979,2205,2745,3231,2214,2754,2718,2574,3240,2907,2403,2223,2583,2925,2691,2673,2232,2862,2799,2988,2916,3051,2790,2934,2520,2781,2565,2628,3078,3303,2484,2556,2889,3168,2331,3087,2772,3312,2826,2385,2358,2727,2511,2475,2997,3141,2619,2943,3258,2655,3222,2709,2952,2250,3069,2610,2664,3105,2412,2736,3195,2241,2961,3294,2367,3006,2322,2340,
Shot 7:3321,
Shot 8:3330,3339,
Shot 9:3348,3366,3375,3357,
Shot 10:3402,3420,3384,3474,3411,3456,3438,
