Shot 0:414,504,297,9,477,
Shot 1:513,576,630,549,522,
Shot 2:693,900,918,639,738,720,855,702,756,675,684,882,729,909,891,765,711,648,774,747,873,
Shot 3:1458,2169,1512,1899,1089,1764,1017,1449,1647,981,1566,1971,1782,1872,1305,1485,1827,1197,1917,1098,1476,1530,1746,
Shot 4:2196,
Shot 5:2556,4491,4851,3393,3726,2286,6669,4428,4599,3528,3411,5544,2565,5220,3141,5112,6930,7299,3060,6876,2304,6750,2232,6921,7236,2547,6948,4896,3744,6597,7389,6813,3357,4815,7416,2817,6102,3753,6786,2898,2430,7371,6858,7137,2322,2736,6444,5886,7200,5364,6210,3276,6831,2250,4617,3888,6471,2448,2466,6408,7011,2340,2502,6975,6165,7164,6768,6516,6723,6120,2475,7470,2511,7101,7029,4482,7155,4743,2520,6318,7452,7110,2862,2484,2412,5085,7326,7119,3996,4401,3420,4320,6705,6435,6264,4356,5292,6624,5958,7425,2205,6417,6894,4365,4212,
Shot 6:7488,
Shot 7:7587,7650,7551,7722,7569,7614,
Shot 8:7749,7839,7803,
Shot 9:7857,7893,7866,
Shot 10:9009,7902,8469,8361,8100,8298,8595,8505,8217,8118,8550,8712,8442,8199,8154,8253,8496,8424,8001,8613,8973,8892,8487,8433,8451,8631,8343,7920,
Shot 11:9018,9261,9189,9171,9135,
Shot 12:9270,
Shot 13:9279,
Shot 14:9954,11754,13329,12915,12357,10323,12402,12042,12789,12564,10656,12420,12888,12411,9333,12465,11898,12942,13059,12699,12519,12771,13167,12600,12996,12393,13185,12744,12582,11817,13104,12663,12807,11187,13077,12447,13023,12816,10062,10017,13131,9711,9981,11295,12348,12132,
Shot 15:13347,
Shot 16:13491,13572,13806,14346,14382,14742,14625,13680,14301,13752,13986,13374,14517,14598,14427,13536,13716,14643,14616,14463,13770,14292,13734,14580,14670,14085,13653,14499,13446,14274,13509,13626,13707,14229,
