Shot 0:9,
Shot 1:342,261,414,279,450,495,270,432,297,468,324,387,288,360,306,477,441,
Shot 2:657,765,558,504,630,513,729,684,
Shot 3:783,774,792,
Shot 4:1053,819,945,837,801,1134,882,846,810,1116,1008,1044,1089,1071,1035,1125,
Shot 5:1224,1305,1143,1179,1260,1287,1206,1233,
Shot 6:1701,1323,1476,1332,1548,1512,1314,1377,1602,1584,1530,1422,1764,1611,1638,1665,1719,
Shot 7:1890,1800,1782,1818,1854,1872,1899,
Shot 8:2115,1908,2007,2088,2097,1971,1926,2133,2106,2124,
Shot 9:2187,2727,2664,2628,2754,2475,2556,2151,2736,2322,2250,2601,2718,2295,2205,2745,2169,2268,2178,2214,2196,2304,
Shot 10:2961,2781,2925,2934,
Shot 11:3105,2970,3006,3069,3132,
Shot 12:3141,3294,3168,3231,
Shot 13:3429,3573,3564,3465,3528,3375,3591,
Shot 14:3699,3636,3663,3645,3618,3681,3627,3717,3690,3708,
Shot 15:4068,3807,4032,4050,3951,4113,4023,4041,3789,4059,3744,4077,
Shot 16:4248,4176,4122,4140,4149,4221,4275,
Shot 17:4293,4311,
Shot 18:4338,4347,4329,
Shot 19:4356,4374,
Shot 20:4500,4401,4518,4437,
Shot 21:4608,4581,4599,4590,4617,
Shot 22:5040,4626,4779,4725,5103,4842,4653,4797,5157,4761,4923,4680,4950,5130,4977,4905,5004,5076,4635,5031,
Shot 23:5814,5274,5841,5229,5364,5319,5544,5355,5247,5508,5292,5625,5832,5211,5589,5391,5823,5805,
