Shot 0:342,378,819,9,864,279,144,225,198,306,873,171,945,234,900,927,369,324,333,252,270,
Shot 1:972,
Shot 2:1206,1602,1359,1692,1530,1314,1413,1305,1557,1170,1332,1404,1224,1188,1143,1125,1386,1341,1350,1377,1215,1539,
Shot 3:1701,1746,
Shot 4:1899,2205,2160,1944,2331,2403,2214,1836,1755,2466,2277,2493,2358,2394,2520,1935,1809,1971,2187,2295,1872,
Shot 5:2691,2529,2988,
Shot 6:3069,3132,3141,3024,
Shot 7:3159,3204,3186,3150,
Shot 8:3411,3240,3393,3420,3402,
Shot 9:3429,
Shot 10:3825,3690,3798,3744,3681,3645,3654,3843,3672,3726,3699,
Shot 11:3942,3852,3924,4176,4167,4149,4158,3915,
Shot 12:4257,4662,4239,4230,4617,4806,
Shot 13:5058,5112,5184,5472,5175,5148,5436,5085,5040,5031,5463,5004,5139,5391,5454,5067,5409,5427,
Shot 14:6111,6156,6093,5481,5976,6084,6147,6102,
