Shot 0:72,243,387,198,360,45,324,9,162,378,
Shot 1:396,
Shot 2:477,576,414,441,423,432,468,540,450,504,531,459,
Shot 3:630,585,621,594,639,
Shot 4:675,693,
Shot 5:1224,702,1863,1989,810,945,1377,1944,1701,1458,765,1179,1035,1539,2034,1350,1584,1422,729,1971,1602,909,1116,1656,1791,
Shot 6:2196,2538,2763,2142,2646,2736,2718,2619,2421,2781,2682,2088,2259,2286,2187,
Shot 7:3006,3114,2844,2952,3078,3096,2898,2934,3051,2835,
Shot 8:3213,3330,3285,3141,3348,3186,3312,3339,3258,3357,3294,3204,
Shot 9:4059,3456,3528,4302,3402,3582,3483,3645,3600,3429,3627,3564,3834,4257,3726,4167,3906,3996,3501,4230,3969,4086,3447,
Shot 10:4707,4338,4464,4383,4320,4500,4419,5040,4617,4977,4554,4896,5121,4806,4779,4932,4347,4572,
Shot 11:5526,5886,5229,5733,5292,5409,5607,5319,5427,5751,5202,
Shot 12:6318,6876,6741,6696,6849,6003,6822,6642,6417,6300,6444,6867,6534,6885,6192,6363,
Shot 13:6894,
