Shot 0:657,9,522,558,666,612,
Shot 1:702,
Shot 2:711,
Shot 3:3573,3042,2232,6525,3249,837,3312,5526,5436,3240,1395,1917,3474,2016,810,3204,3258,5472,2304,5355,2205,1737,1620,1683,5418,2178,3132,2979,2106,1935,3519,1926,3024,1899,5553,1665,3222,5499,2160,792,3501,720,855,1305,2340,5652,1197,3375,1575,1791,5571,2223,3555,3933,2295,3267,1701,2214,1719,2943,3618,
Shot 4:6588,6696,6543,6669,6651,6687,6642,6570,6678,6660,6633,6624,6615,
Shot 5:6705,
Shot 6:6714,
Shot 7:6741,6723,6750,6732,
Shot 8:7191,6966,7065,
Shot 9:7209,7263,
Shot 10:7326,7470,
