Shot 0:54,27,9,45,36,18,
Shot 1:72,
Shot 2:81,198,171,189,108,
Shot 3:234,279,270,252,216,261,
Shot 4:306,342,360,324,351,315,288,297,
Shot 5:414,450,369,432,
Shot 6:558,657,666,603,612,675,648,630,540,513,585,522,504,531,621,576,594,549,
Shot 7:729,738,684,756,747,711,693,
Shot 8:792,774,765,810,801,783,
Shot 9:981,1026,828,864,882,846,1017,918,1008,954,837,
Shot 10:1071,1044,1035,
Shot 11:1080,
Shot 12:1116,1089,1107,1098,
Shot 13:1143,1125,1161,1152,1134,
Shot 14:1170,
Shot 15:1188,1179,1197,
Shot 16:1206,
Shot 17:1224,1251,1242,1215,1233,
Shot 18:1260,1269,
Shot 19:1278,
Shot 20:1539,1440,1701,1287,1485,1719,1503,1332,1683,1296,1638,1305,1611,1467,1737,1377,1413,1395,1593,1656,1584,1449,1647,1602,1629,1710,1521,1620,1674,1530,1512,1548,1728,
Shot 21:1746,1764,
Shot 22:1773,1782,
Shot 23:1809,1854,1881,1845,1836,1872,1818,1863,1800,
Shot 24:1890,
Shot 25:1899,
Shot 26:1926,1917,1908,
Shot 27:1935,1944,
Shot 28:1962,1980,1953,1971,
Shot 29:2025,1989,1998,2034,2016,
Shot 30:2043,
Shot 31:2376,2133,2178,2277,2349,2340,2160,2421,2223,2313,2250,2079,2331,2259,2061,2142,2052,2115,2205,2304,2187,2475,2268,2151,2403,2466,2286,2448,2412,2385,2358,2367,
Shot 32:2511,2529,2484,2493,2520,
Shot 33:2754,2907,2844,2673,2799,2898,2538,2619,2646,2817,2889,2691,2583,2808,2655,2772,2700,2664,2790,2709,2682,2826,2736,2727,2547,2763,2718,
Shot 34:2934,2925,2916,2943,
Shot 35:3015,3105,3123,3132,3114,3087,2979,3078,3096,3033,3006,2952,
Shot 36:3249,3150,3312,3141,3168,3276,3303,3186,3159,3177,3195,3267,
Shot 37:3321,3330,
Shot 38:3393,3357,3366,3375,3348,3339,3384,3402,
Shot 39:3465,3429,3411,3447,3438,
Shot 40:3546,3573,3474,3510,3591,3519,3528,3501,3537,
Shot 41:3600,3609,
Shot 42:3717,3681,3618,3636,3654,3753,3627,3735,3699,3744,3762,3726,
Shot 43:3798,3843,3888,3825,3852,3834,3789,3807,
Shot 44:3987,3915,4023,3969,4014,3960,4005,
Shot 45:4050,4077,4032,4086,4041,4059,
Shot 46:4095,4113,
Shot 47:4149,4257,4131,4122,4140,4221,4167,4158,4248,
Shot 48:4383,4428,4293,4329,4392,4374,
Shot 49:4437,
Shot 50:4581,
Shot 51:4734,
Shot 52:4887,
Shot 53:5031,
Shot 54:5184,
Shot 55:5886,5337,5481,5634,5922,5913,5904,5895,
Shot 56:5931,
