Shot 0:396,576,504,486,522,378,387,405,
Shot 1:1368,1242,873,1026,774,1071,855,1107,1341,1035,1422,801,1314,1053,1044,1350,1413,
Shot 2:1611,1431,1530,1737,1728,1485,1575,
Shot 3:1827,2187,1746,1755,2106,1872,1764,
Shot 4:2304,2331,2340,2349,2313,2295,
Shot 5:2448,2358,2430,2376,2367,2457,2439,
Shot 6:2466,2484,
Shot 7:2502,2565,2556,2547,2493,
Shot 8:2736,
Shot 9:3078,3105,3096,3087,
Shot 10:3186,3123,3240,
Shot 11:3267,3249,3411,3402,3285,
Shot 12:3474,3501,3420,3492,3465,
Shot 13:3528,3555,3519,
Shot 14:3834,3735,3564,3627,3870,3699,3618,3681,3762,3636,3573,3861,3780,3582,3852,3771,3672,3726,3843,3825,3654,
Shot 15:3933,4131,4032,4293,4005,3906,3915,4284,3924,
Shot 16:4365,4302,4617,4959,4779,4608,5022,4626,4572,4392,4356,
Shot 17:5391,5031,5112,5427,5058,5247,5409,
Shot 18:5499,5607,
Shot 19:6048,6084,5949,6237,5841,6156,6030,6516,5760,5769,6147,6219,5940,5859,6165,6111,6192,6444,5868,6228,
Shot 20:7605,6525,6561,6840,7650,7128,6939,6975,6750,7227,6885,7362,7056,7416,6957,7524,6570,6921,7632,6579,7623,7587,
