Shot 0:9,
Shot 1:18,
Shot 2:27,
Shot 3:36,45,
Shot 4:117,252,81,369,216,342,135,108,
Shot 5:441,432,450,
Shot 6:459,
Shot 7:468,477,
Shot 8:504,513,495,
Shot 9:657,702,630,693,531,594,639,711,729,540,621,522,648,567,720,666,
Shot 10:738,774,765,747,
Shot 11:999,1044,792,819,1080,801,972,1035,783,945,954,963,990,1008,
Shot 12:1233,1287,1206,1296,1215,1260,1224,1242,
Shot 13:1395,1449,1350,1368,1359,1431,1341,1422,1323,1404,1386,1377,
Shot 14:1854,1656,1593,1521,1692,1629,1620,1638,1485,1908,1746,1602,1674,1539,1647,1503,1800,1827,1917,1899,1530,1512,1836,1881,1926,
Shot 15:1989,1953,1944,1971,1998,1980,
Shot 16:2142,2061,2295,2079,2007,2169,2151,
Shot 17:2331,2412,2502,2457,2358,2304,
Shot 18:2664,3006,3141,2862,3276,3267,3825,2619,3105,3429,2997,2709,3411,2637,3240,2727,3321,2781,2655,3528,2691,3294,3771,2673,2700,2682,3393,2718,2646,
Shot 19:3924,3915,4176,3843,4077,3897,3834,3870,3861,3888,4167,4104,3960,4050,4005,4023,4059,3942,4086,4014,4041,
Shot 20:4815,4473,4212,4482,4383,4563,4833,
Shot 21:4842,
Shot 22:4851,
Shot 23:4878,
Shot 24:4887,
Shot 25:5130,5220,4896,5076,
Shot 26:5706,6084,6246,5931,6219,6363,5400,6318,6417,5346,6156,5544,5904,5472,6048,5418,5310,6120,5715,
Shot 27:6642,7236,6471,7020,7317,6534,6435,6948,6570,7416,7173,6804,6894,6687,
Shot 28:7668,7524,7461,7632,7785,7605,7812,7713,7686,
Shot 29:7821,
Shot 30:7848,7830,7839,7884,
Shot 31:7893,8001,
