Shot 0:9,18,
Shot 1:36,27,45,
Shot 2:90,54,63,117,72,108,99,81,
Shot 3:135,126,144,
Shot 4:153,
Shot 5:162,
Shot 6:171,
Shot 7:252,180,396,216,198,315,288,189,234,270,243,369,279,261,207,
Shot 8:405,414,
Shot 9:468,666,621,603,585,648,630,612,567,423,531,495,
Shot 10:693,684,702,
Shot 11:711,
Shot 12:720,738,
Shot 13:765,792,909,747,873,945,756,
Shot 14:954,
Shot 15:1125,1287,1026,1080,1386,1098,1233,1431,981,1089,1350,1053,1314,1107,1404,1269,1359,1206,1260,1296,1278,1116,1413,1143,963,
Shot 16:1449,1440,1467,1458,
Shot 17:1548,1503,1476,1566,1575,1539,
Shot 18:1584,1593,
Shot 19:1638,1620,1656,1611,1602,1629,1647,
Shot 20:1917,1665,1827,1809,1746,1764,1782,1719,1935,1989,1953,1890,1692,1728,1674,1863,
Shot 21:2007,2016,
Shot 22:2025,2043,
Shot 23:2232,2052,2412,2277,2187,2268,2079,2223,2241,
Shot 24:2421,
Shot 25:2439,2430,2448,
Shot 26:2484,2466,2502,
Shot 27:2511,
Shot 28:2520,2529,
Shot 29:2565,2538,2700,2646,2601,2547,2682,2664,2592,2619,2556,
Shot 30:2907,3024,2844,2736,3069,2763,2862,3006,2772,2988,2754,3033,2727,2808,3042,2781,3015,2880,2745,2826,2898,2970,2952,2925,3051,3060,
Shot 31:3222,3276,3078,3096,3087,3150,3123,3186,3159,3285,3204,3105,3267,3213,3231,3249,
Shot 32:3825,3339,3564,3303,3708,4032,3690,3807,3915,3510,3717,3870,3519,3672,3798,3438,3654,3789,3366,3312,3996,4014,3726,3600,3681,3420,3852,3330,3951,3357,3816,
Shot 33:4113,
Shot 34:4158,4185,4167,4176,4122,4140,
Shot 35:4293,4194,4203,4302,4221,4212,
Shot 36:4374,4311,4356,4473,4320,4392,4428,4365,
Shot 37:4518,
Shot 38:4635,4680,4698,4662,4671,4653,4689,4527,4617,4563,
Shot 39:4734,4707,4716,4725,
Shot 40:4905,4842,4743,4860,4869,4797,4851,4887,4824,4914,
Shot 41:4923,
Shot 42:4932,4977,
Shot 43:5121,5004,5013,5040,4995,5094,5184,5202,5175,5211,5157,5193,5112,5130,
Shot 44:5265,5310,5247,5238,5256,5292,
Shot 45:5373,5319,5463,5427,5328,5445,5355,5337,5364,5400,5418,
Shot 46:5796,5913,5490,5517,5904,5553,5823,5895,5877,5886,5850,5814,5841,5859,5769,5868,5778,5805,5787,5832,
Shot 47:5922,
