Shot 0:9,
Shot 1:234,306,315,324,225,
Shot 2:414,441,396,468,513,405,423,
Shot 3:612,1017,549,1125,
Shot 4:1323,1296,1305,1314,1350,
Shot 5:1458,1386,1404,1413,1431,1395,1449,1422,1377,1467,
Shot 6:1521,1566,1485,1539,1503,1557,1494,1530,1512,
Shot 7:1593,1575,1584,
Shot 8:1656,1620,1629,1674,1638,1602,1611,1665,1647,
Shot 9:1818,1980,1827,1683,1899,1701,1800,1944,1845,1782,1692,1809,
Shot 10:2232,2151,2286,2808,2142,2115,2502,2277,2169,2358,2421,2304,2187,2133,2322,2511,2691,2196,
Shot 11:3069,3132,2943,2871,2817,3042,2925,2970,3033,2853,2862,3141,2880,2934,2961,2997,2898,3051,2979,2835,2916,3015,2889,3060,
Shot 12:3384,3546,3240,3528,3276,3555,3474,3537,3519,3348,3375,
Shot 13:3843,3996,3942,3978,3645,3564,3726,3762,3636,3879,3897,3744,3780,
Shot 14:4023,4140,4005,4068,4014,
Shot 15:4563,4221,4203,4158,4671,4365,4464,4635,4275,4320,4590,4392,4239,4653,4572,4626,4644,
Shot 16:4707,4680,4689,4698,4716,
Shot 17:4896,4842,5328,4851,4779,5112,4833,5022,5220,4977,5040,4869,5256,5121,
Shot 18:5346,5355,
Shot 19:5373,5778,5517,5454,5616,5436,5544,5463,5364,5391,
