Shot 0:18,
Shot 1:54,27,153,126,36,45,
Shot 2:180,315,216,270,162,234,297,324,198,171,
Shot 3:360,504,378,540,486,432,387,477,450,342,414,495,513,522,396,459,531,549,369,
Shot 4:621,567,576,594,657,603,639,612,
Shot 5:846,1107,1062,675,729,792,891,765,810,1089,873,756,774,990,828,702,684,855,819,837,1098,1080,909,864,720,882,
Shot 6:1197,1134,1377,1413,1422,1170,1404,1161,1224,1242,1386,1179,
Shot 7:1602,1656,1521,1845,1629,1773,1710,1818,1737,1800,1638,1440,1836,1557,1674,1494,1467,1458,1728,1539,1746,1665,1863,1854,1791,1566,1485,1701,1827,1584,1692,1782,1503,1755,1530,1611,1512,
Shot 8:1872,1890,
Shot 9:2196,1899,2232,1944,2061,2115,2169,2223,1926,2133,2259,2025,2034,1998,2097,1971,2142,2079,2178,2241,2070,2052,2187,2088,2160,2205,1908,
Shot 10:2313,2268,2295,2322,
Shot 11:2538,2466,2340,2448,2574,2421,2376,2403,2502,2439,2565,2556,2547,2358,2331,
Shot 12:2682,2601,2718,2781,2646,2583,2628,2763,2709,2727,2745,2754,2700,2772,2691,2673,
Shot 13:2826,2817,2799,2835,
Shot 14:3060,3087,3204,2898,2943,3123,2853,3078,3168,2988,3015,3096,3042,2871,2952,2925,3051,3033,3069,
Shot 15:3231,3258,3249,3240,3222,
Shot 16:3483,3303,3375,3438,3528,3321,3267,3456,3510,3411,3357,3276,3492,3429,3312,3519,3501,3384,
Shot 17:3546,3537,3555,
Shot 18:3618,3564,3591,3600,3636,3609,3627,
Shot 19:3681,3717,3654,3699,3708,3690,3672,
Shot 20:3789,3726,3762,3798,
Shot 21:3807,
Shot 22:3816,3825,
Shot 23:3897,3942,3834,3924,3906,3861,
Shot 24:3978,3951,3969,3996,3987,
Shot 25:4050,4032,4068,4023,4005,4041,4014,4059,
Shot 26:4131,4086,4149,4104,4122,
Shot 27:4221,4176,4158,4185,4194,4230,
Shot 28:4257,4266,4248,
Shot 29:4293,4275,4302,4284,
Shot 30:4338,4311,4320,4347,4329,
Shot 31:4356,
Shot 32:4392,4365,4383,4401,
Shot 33:4428,4410,4446,4419,4437,
Shot 34:4509,4590,4491,4536,4563,4527,4545,4518,4482,
Shot 35:4635,4599,4617,4626,4644,
Shot 36:4662,4689,4671,4680,4653,
Shot 37:4716,4761,4743,4707,4725,4698,
Shot 38:4770,4797,4779,
Shot 39:4824,4806,4815,
Shot 40:4842,4833,4851,
Shot 41:4869,4923,4905,4887,4860,4914,4932,4878,
Shot 42:5445,5103,5130,5067,5517,5229,4977,5274,5535,5040,5292,4941,5670,5481,5112,5499,5247,5157,4995,5589,5085,5373,5463,5058,5175,4959,5526,5211,5022,5094,5472,5544,5454,5049,5013,5490,5346,5436,
Shot 43:5679,
