Shot 0:198,9,720,162,630,549,684,594,216,477,612,396,342,261,513,153,621,486,
Shot 1:729,
Shot 2:1170,1008,738,909,765,792,1035,1224,783,936,972,864,900,1107,927,1197,990,1026,1044,873,1152,774,1233,1188,1215,1206,1179,1161,
Shot 3:1287,1305,1278,
Shot 4:1395,1629,1737,1458,1782,
Shot 5:1863,1854,1872,2034,2052,2016,2043,
Shot 6:2637,2421,2115,2241,2322,2430,2484,2439,2250,2448,2700,2475,2097,2493,2655,2601,2088,2646,2628,2331,2313,2691,2106,2682,
Shot 7:2718,
Shot 8:2727,2736,
Shot 9:2808,3015,3024,3069,3042,2925,2745,2835,2943,2772,2844,2862,3033,2979,2934,2799,2853,3087,3141,2826,2961,2997,2781,2907,3114,2898,2763,2880,2754,3078,2889,3006,2988,2916,
Shot 10:3249,
Shot 11:3258,
Shot 12:3285,3294,3276,3267,
Shot 13:3303,
Shot 14:3312,3456,3510,3429,
Shot 15:3708,3528,3789,
Shot 16:3852,
Shot 17:3861,
Shot 18:3870,3888,
Shot 19:3987,3960,3897,3915,4032,4014,4023,3933,3978,
Shot 20:4041,
Shot 21:4068,
Shot 22:4221,4329,4122,4158,4266,4311,4176,4392,4194,4338,4284,4203,4248,4374,4140,4365,4239,4095,4320,4077,4302,
Shot 23:4401,4410,
Shot 24:4419,
Shot 25:4428,4437,4446,
Shot 26:4455,
Shot 27:4482,4464,4473,4527,4572,
Shot 28:4662,4716,4644,4707,4689,4698,4680,
Shot 29:5283,4788,5022,4914,5031,5148,5391,4815,5049,5238,5112,4752,5058,4725,4833,4734,5256,5229,5310,5130,5211,5193,4770,5328,5346,4779,5382,5301,5274,5373,5355,5364,5292,
