Shot 0:18,27,45,
Shot 1:99,81,72,
Shot 2:243,603,720,405,108,189,702,486,711,378,198,693,396,234,
Shot 3:729,
Shot 4:1143,738,1899,2079,1449,1044,1476,1053,1908,963,1305,1485,828,810,1863,1386,1017,2061,1359,972,1881,774,792,1062,954,1872,1125,1134,
Shot 5:2196,2232,2097,2088,2124,2214,2187,
Shot 6:2358,2412,
Shot 7:2466,
Shot 8:2772,3006,2709,2763,2907,2475,2853,2754,2628,2601,2997,3114,2538,2835,3276,3294,2862,2529,2898,
Shot 9:3312,
Shot 10:3591,4050,4005,4284,3474,4401,3537,4140,3357,4374,4257,4221,4167,3321,4482,3762,3825,4455,4086,4158,4275,4014,4338,3816,4131,3546,4392,4248,3897,3582,4365,
Shot 11:4635,4653,4644,4608,4491,4626,4617,4599,
