Shot 0:144,486,288,315,9,171,189,90,477,468,297,279,81,99,108,459,162,180,126,117,
Shot 1:567,702,549,693,558,576,
Shot 2:873,1035,846,1026,855,711,990,864,936,
Shot 3:1233,1368,1206,1215,1359,1350,1224,
Shot 4:1386,1503,1449,1485,1377,
Shot 5:1620,1773,1926,1566,1899,1908,1764,1575,1719,1584,1755,1674,1917,1890,1647,1593,
Shot 6:2070,2043,2052,2196,2061,
Shot 7:2313,2205,2556,2520,2709,2529,2286,2385,2538,2295,2700,2349,2331,2304,
Shot 8:2925,2718,2727,2817,2736,2943,
Shot 9:3060,3555,4437,3717,3474,3267,4212,3825,3006,4680,3249,3690,3123,3402,3114,3411,3015,3699,3258,3798,3546,3105,3393,3024,3708,3420,3519,3033,3096,4662,
