Shot 0:117,252,9,189,396,324,153,63,171,342,288,216,369,306,36,90,243,135,72,
Shot 1:459,504,495,432,
Shot 2:666,702,576,684,675,657,
Shot 3:738,729,756,765,
Shot 4:783,774,792,
Shot 5:801,
Shot 6:819,891,855,810,873,837,
Shot 7:900,
Shot 8:909,
Shot 9:918,
Shot 10:1044,1089,927,1053,1062,945,1008,
Shot 11:1197,1395,1116,1449,1332,1440,1125,1350,1260,1269,1188,
Shot 12:1458,1467,
Shot 13:1602,1512,1476,1521,1530,1593,1539,
Shot 14:1701,1728,1674,1710,
Shot 15:1746,1755,
Shot 16:1782,1773,1791,
Shot 17:1827,1809,1836,
Shot 18:1908,1854,1881,1917,1899,
Shot 19:1980,1926,1935,1944,2043,1962,1971,
Shot 20:2079,
Shot 21:2430,2160,2088,2601,2556,2115,2529,2133,2313,2187,2628,2574,2592,2547,2610,2421,2322,2196,
Shot 22:2646,2745,2709,2673,2718,2736,2700,2637,
Shot 23:2826,2925,2763,
Shot 24:3249,
Shot 25:3357,3258,3339,
Shot 26:3447,
Shot 27:3582,3681,3483,3501,3672,3465,3627,3456,3519,3537,3825,3492,3636,3555,
Shot 28:3969,3870,3879,3951,
Shot 29:3987,
Shot 30:3996,
Shot 31:4068,
Shot 32:4113,4104,4077,
Shot 33:4122,
Shot 34:4131,
Shot 35:4374,
Shot 36:4383,
Shot 37:4455,
Shot 38:4500,
Shot 39:4563,4536,4554,4509,4545,
Shot 40:4662,
Shot 41:4842,4716,4680,4743,4689,4671,4977,4878,4725,4707,4770,
Shot 42:5022,
Shot 43:5184,5427,5400,5373,5040,5031,5121,5436,5049,5175,
Shot 44:5508,
Shot 45:5634,5517,5553,5679,5526,5652,5562,5661,5625,
Shot 46:5706,5697,5733,
Shot 47:5886,5760,5868,5895,
Shot 48:6372,6102,6453,6300,6399,6237,6273,6255,6201,6336,6165,6282,6417,6318,6345,6219,6471,6408,6327,6084,6381,6354,
Shot 49:6480,
Shot 50:6489,6507,
Shot 51:6552,6543,6561,
Shot 52:6651,6570,6624,6606,6633,6669,
Shot 53:6678,
Shot 54:6759,6705,6732,6687,6723,6741,6750,6714,6768,
Shot 55:7101,7155,6840,7002,6939,7146,7200,6876,7173,7029,7020,7065,6957,7164,6795,6993,6912,7011,6777,7074,7083,7128,6804,6858,7137,6975,
Shot 56:7281,7209,7218,7227,7317,7299,7272,
Shot 57:7335,7362,7344,7326,
Shot 58:7389,7380,7416,
Shot 59:7452,7425,7524,7506,7434,7488,7461,7443,
Shot 60:7650,7560,7596,7623,7542,7641,7659,7533,
Shot 61:7731,7758,7749,7722,
Shot 62:7893,8064,7767,8055,8019,7803,8091,7776,7956,8073,7974,7812,7794,7866,7875,7830,7965,7992,7929,8001,8010,7902,
Shot 63:8226,8154,8271,8217,8190,8289,8262,
Shot 64:8361,8325,8406,8415,8352,
Shot 65:8469,8514,8487,8532,8460,
Shot 66:8604,8559,8622,8586,
Shot 67:8856,8757,8712,8685,8892,8802,8640,8775,8838,8847,8874,8883,
Shot 68:8910,9018,9000,8982,
Shot 69:9396,9288,9432,9450,9324,9045,9027,9117,9180,9423,9252,9063,9135,9342,9306,9090,9216,9153,9270,9036,9378,9387,9414,
Shot 70:9468,9477,9459,
Shot 71:9495,9486,9504,
Shot 72:9540,9522,9513,9531,
Shot 73:10215,9954,9720,9558,9873,9774,10674,9639,9801,10719,9585,10332,9738,9936,9999,10161,10764,10080,10485,10728,10773,10386,10755,10737,10710,10188,10206,10233,
Shot 74:10845,10881,10899,10872,10854,
