Shot 0:27,36,9,
Shot 1:144,45,54,153,
Shot 2:279,162,261,288,
Shot 3:567,459,630,540,549,594,639,585,
Shot 4:657,
Shot 5:819,972,738,909,954,756,846,918,873,927,
Shot 6:999,
Shot 7:1035,1044,
Shot 8:1125,
Shot 9:1188,
Shot 10:1332,1242,1197,1305,
Shot 11:1377,
Shot 12:1449,1566,1467,1386,1476,1539,1458,1404,
Shot 13:1584,
Shot 14:1593,
Shot 15:1845,1602,2160,2052,2178,2070,1944,1890,1800,1917,2025,1611,2079,1638,2205,2223,1710,1863,1980,2187,1656,1998,1827,
Shot 16:2250,
Shot 17:2313,2259,2286,2322,
Shot 18:2367,2376,
Shot 19:2394,
Shot 20:2430,
Shot 21:2583,2538,2565,2439,2448,
Shot 22:2637,2970,2898,2853,2619,2817,3015,2925,2736,2772,2628,2943,2988,
Shot 23:3042,3051,
Shot 24:3069,
Shot 25:3078,
Shot 26:3303,3825,3870,3879,3978,3744,3519,3087,3654,3474,3168,3591,3834,3627,3276,3852,3132,3816,3438,4014,3762,4023,3600,3924,3546,3384,3321,3699,3105,3798,3681,3888,3465,3357,3240,
Shot 27:4095,
Shot 28:4977,4617,4815,5157,5112,5202,4257,5139,4104,5103,4230,4356,4680,4239,5166,5148,4788,4581,5004,5013,4455,4554,4653,5211,4707,5391,5094,4158,5049,4743,4860,5193,5184,4500,5121,4698,4419,4536,4293,4968,4842,4761,4716,4887,
Shot 29:5418,
Shot 30:6048,5931,5526,5472,5949,5985,6012,5904,5598,6165,5427,5841,6102,6084,6075,5643,6129,5877,5499,5607,
Shot 31:6174,
Shot 32:6273,6291,6282,6183,
Shot 33:6588,6579,6615,
