Shot 0:9,171,
Shot 1:630,648,639,486,
Shot 2:810,666,945,1089,783,936,657,963,792,1080,801,927,954,
Shot 3:1557,1260,1521,1233,1701,1395,1107,1683,1242,1530,1386,1404,1674,1251,1692,1377,1224,1413,1665,1548,
Shot 4:2439,2403,2556,2421,2412,2430,2547,2250,
Shot 5:2997,3366,2853,3537,2934,3105,3240,2565,2709,3510,3087,2583,3384,3222,2961,2871,3096,3357,3519,2862,2718,3213,2727,2574,3375,3078,3501,3231,2880,2700,2979,2943,3528,3204,2736,
Shot 6:3681,3870,
Shot 7:4815,4374,4050,4995,4212,4527,4842,4671,4230,4833,4689,4536,4194,4518,4851,4545,4824,5103,4185,
Shot 8:5130,5112,5256,5121,5139,
Shot 9:5544,5274,5562,5400,5553,5283,
Shot 10:5571,
Shot 11:5580,
Shot 12:6102,5958,5931,5787,5940,6084,5823,5796,6066,6210,6093,5661,
Shot 13:6426,6228,6921,7470,7317,6777,7254,6498,6372,
