Shot 0:9,144,
Shot 1:162,243,
Shot 2:513,756,594,333,837,495,684,765,324,576,666,675,585,
Shot 3:1044,1089,945,1134,864,846,1071,972,882,1017,1125,1080,990,1143,1053,954,
Shot 4:1206,1152,1161,1215,1197,1188,1179,1170,
Shot 5:1233,1242,1224,
Shot 6:1341,1251,1422,1260,1350,
Shot 7:1512,1440,1521,
Shot 8:1602,1755,1683,1737,1674,1593,
Shot 9:1809,1881,1764,1863,
Shot 10:2034,2286,2133,1953,2052,2295,2214,1962,2124,2205,1971,2043,1890,1980,
Shot 11:2448,2340,2367,2376,2457,
Shot 12:2601,2781,2691,2529,2700,2772,2619,2538,
Shot 13:3042,2862,3087,2943,2853,2961,3078,2979,3006,3051,2934,
Shot 14:3177,3258,3249,3096,3330,3186,3267,3168,
Shot 15:3483,3411,3420,3339,3528,3447,3429,3465,3501,3348,
Shot 16:3555,3636,3771,3690,3717,3924,3672,3654,3843,3753,3627,3546,3852,
Shot 17:3942,4086,4005,4014,3933,
Shot 18:4230,4311,4095,4212,4194,4302,4104,4482,4221,
Shot 19:4509,
