Shot 0:9,
Shot 1:180,297,171,
Shot 2:324,729,657,432,576,648,675,621,306,738,693,639,558,720,594,585,315,
Shot 3:945,1008,756,972,999,1035,873,801,765,864,963,918,927,
Shot 4:1179,1044,1260,1161,1215,1242,1206,1170,1188,1152,
Shot 5:1485,1368,1296,1323,1413,1512,1449,1287,1314,1440,1503,
Shot 6:1818,2268,1656,2511,2097,1647,2367,1629,1872,2232,1791,2160,1953,1611,1638,2259,2286,1557,2277,1854,1836,2124,1665,1809,
Shot 7:2565,2592,
Shot 8:2601,
Shot 9:2799,2763,2817,
Shot 10:2844,2871,
Shot 11:3339,3033,3042,2907,3186,
Shot 12:3447,3375,3492,3474,3393,3420,3384,3438,
Shot 13:3501,
Shot 14:3726,3645,3789,3744,3708,3735,3906,3636,
Shot 15:3960,3915,3924,3933,3969,
Shot 16:4032,
Shot 17:4158,4185,4212,4176,4194,4257,4167,
Shot 18:4266,
Shot 19:4275,4284,
Shot 20:4491,4581,4383,4392,
Shot 21:4824,4743,4725,4752,4833,4806,
Shot 22:5022,4986,5013,5031,
Shot 23:5661,5283,5544,5625,5166,5427,5553,5616,5643,5571,5679,5670,
Shot 24:5688,
