Shot 0:9,
Shot 1:63,81,
Shot 2:90,
Shot 3:342,99,531,180,198,756,243,261,558,639,369,189,144,675,306,324,504,135,108,225,774,459,216,351,405,
Shot 4:783,792,
Shot 5:828,801,837,810,819,
Shot 6:1323,1053,1143,891,990,1062,945,1071,1215,1080,1107,963,972,1242,1368,1197,1233,1098,855,1260,1251,1125,1035,909,1089,1179,954,1278,1008,1350,873,900,1224,1044,999,1341,1359,1116,927,846,1269,1287,
Shot 7:1386,1404,1422,1413,1395,1377,
Shot 8:1440,1431,1449,
Shot 9:1467,1458,1476,
Shot 10:1494,1503,
Shot 11:1521,1539,1512,
Shot 12:1566,1557,1548,
Shot 13:1584,1593,1575,
Shot 14:1611,1647,1629,1638,1602,1620,
Shot 15:1683,1692,
Shot 16:1737,1701,1719,1845,1710,1800,1818,1746,1728,
Shot 17:1926,1998,1863,1953,1962,1971,1899,1935,1980,1917,
Shot 18:2034,2088,2016,2061,2025,2043,2079,
Shot 19:2106,2115,
Shot 20:2205,2151,2133,2124,2187,2223,2142,2196,2214,
Shot 21:2286,2241,2250,2259,2295,2277,
Shot 22:2304,2313,
Shot 23:2322,2331,
Shot 24:2340,
Shot 25:2385,2349,2403,2376,
Shot 26:2817,2628,2457,2520,3438,2664,2502,3222,3168,3267,3456,3033,2547,2682,3735,2601,2646,3762,2763,2718,3204,2556,2511,2619,2484,2583,3051,3123,3069,2574,2592,3744,2880,2736,2700,2988,2772,2673,2970,3015,2493,2907,2979,2565,2934,
Shot 27:4671,4176,3924,3870,5004,4374,3780,4005,4887,4788,3888,4527,4932,3861,4734,4581,4194,4635,5058,4266,4833,4653,4761,4599,4869,4707,4131,4815,4689,4680,4698,
Shot 28:5868,5373,5796,5661,5292,5517,5733,5400,6048,5706,5805,5193,5976,5814,5931,5364,5742,5877,
Shot 29:6201,6219,
Shot 30:6408,6255,6399,6426,6309,6300,6273,6354,6228,6372,6291,6264,6336,6246,6417,6363,6327,6237,6282,
Shot 31:6498,6453,6471,6435,6444,6462,6516,6480,6489,
Shot 32:6561,6525,6534,6570,6552,
Shot 33:6588,6597,6579,
Shot 34:6606,
Shot 35:6633,6615,6624,
Shot 36:6687,6777,6786,6741,6642,6750,6768,6723,6669,6795,6696,6732,6759,6678,
Shot 37:6831,6804,6813,
Shot 38:7209,7002,7101,7029,6948,6912,6885,6849,7011,7317,6903,6966,7020,6921,7245,6993,7065,7146,6984,7272,7164,6840,7227,6876,7182,7290,7047,6930,7155,7074,7128,7092,7308,7191,6867,
Shot 39:7344,
Shot 40:7479,7353,7650,7578,7380,7362,7452,
Shot 41:7758,
