Shot 0:54,9,36,18,27,45,
Shot 1:72,
Shot 2:189,108,252,171,234,216,198,81,
Shot 3:261,279,270,
Shot 4:306,342,360,324,351,315,288,297,
Shot 5:414,450,369,432,
Shot 6:549,666,648,540,657,603,675,639,522,630,513,531,585,504,576,621,594,558,
Shot 7:711,738,684,756,693,729,702,
Shot 8:801,765,774,810,792,
Shot 9:927,1026,828,1017,963,837,918,945,
Shot 10:1053,1116,1143,1107,1080,1161,1098,1125,1089,1134,1035,1152,1071,1044,
Shot 11:1170,
Shot 12:1188,1179,1197,
Shot 13:1206,
Shot 14:1215,1224,
Shot 15:1233,
Shot 16:1260,1251,1242,1269,
Shot 17:1278,
Shot 18:1629,1395,1296,1494,1287,1449,1584,1305,1728,1674,1530,1413,1377,1593,1701,1332,1467,1503,1638,1665,1548,1602,1710,1611,1737,1512,1719,1647,1440,1620,1683,
Shot 19:1746,1764,
Shot 20:1791,1773,1782,
Shot 21:1800,1854,1863,1881,1845,1836,1809,1818,1872,
Shot 22:1890,
Shot 23:1899,
Shot 24:1917,1926,1908,
Shot 25:1935,1944,
Shot 26:1971,1953,1980,
Shot 27:2007,1989,2034,1998,2025,
Shot 28:2043,
Shot 29:2466,2340,2178,2052,2142,2268,2124,2160,2313,2250,2322,2367,2349,2223,2475,2286,2205,2187,2115,2304,2421,2277,2448,2376,2457,2358,
Shot 30:2493,2529,2511,2484,
Shot 31:2556,2691,2655,2646,2673,2682,2664,2619,2538,2583,2547,
Shot 32:2979,2817,2799,2898,2736,2772,2889,2934,2700,2835,2916,2925,2943,2871,2709,2790,2808,2754,2763,2727,2718,2745,2997,2952,
Shot 33:3024,3105,3087,3096,3078,3015,
Shot 34:3186,3321,3150,3114,3303,3132,3159,3339,3276,3141,3312,3168,3249,3177,3222,3195,
Shot 35:3402,3357,3375,3366,3384,3393,
Shot 36:3420,3438,3447,3429,3465,3411,
Shot 37:3519,3600,3474,3573,3591,3564,3510,3483,3546,3528,
Shot 38:3609,
Shot 39:3717,3618,3636,3654,3762,3672,3744,3690,3627,3735,3708,3753,3726,
Shot 40:3780,
Shot 41:3816,3843,3789,3834,3825,3798,
Shot 42:4050,3852,3960,3915,3951,3987,4005,4023,4014,4068,4032,3996,3969,4041,3978,3879,4059,
Shot 43:4086,4113,4077,
Shot 44:4167,4257,4122,4149,4131,4185,4221,4203,4248,4158,
Shot 45:4356,4428,4293,4374,4392,4329,4410,
Shot 46:4437,
Shot 47:4590,
Shot 48:4734,
Shot 49:4887,
Shot 50:5040,
Shot 51:5184,
Shot 52:5895,5337,5490,5634,5922,5913,5904,
Shot 53:5931,5940,
