Shot 0:72,90,9,18,27,81,
Shot 1:297,144,171,189,234,135,207,315,153,279,252,
Shot 2:333,
Shot 3:423,432,
Shot 4:1062,1260,927,909,954,720,765,936,585,972,1134,1143,729,1152,891,828,702,945,999,963,792,918,747,810,477,1026,981,675,873,1116,1044,900,1008,738,882,1089,846,1188,864,1125,801,684,1197,1071,567,
Shot 5:1350,1602,1575,1629,1548,1521,1620,1440,1494,1296,1566,
Shot 6:2124,1647,2385,2484,1719,1917,1863,2232,2187,1638,1935,2286,2403,1683,1845,1980,2205,2430,1908,2349,2016,1881,2052,2322,2304,2034,1854,2466,1656,2151,1872,2025,2133,
Shot 7:2556,2493,2502,2538,2583,2547,2565,
Shot 8:2610,2628,2619,2592,
Shot 9:2646,2745,2691,2754,2736,2682,2709,2637,2673,2655,
Shot 10:2799,2763,2772,2781,2817,2790,2808,
Shot 11:2826,2835,
Shot 12:2844,2853,
Shot 13:2916,2862,2871,2880,2898,
Shot 14:2925,
Shot 15:3033,3096,3006,3069,3042,
Shot 16:3114,3168,3159,3141,3105,
Shot 17:3267,3321,3303,3177,
Shot 18:3357,3393,3438,3420,3339,3348,3375,3402,
Shot 19:3447,3465,3456,3474,
Shot 20:3654,3573,3483,3510,3546,3636,3618,3528,3600,3492,3609,3501,3681,3645,
Shot 21:3780,3816,3861,3807,3690,3789,
Shot 22:4068,4077,4005,3951,3897,3987,3915,4095,3996,4032,4041,4086,4059,
Shot 23:4149,4104,4140,4185,4167,
Shot 24:4230,4194,4203,4221,
Shot 25:4248,4275,
Shot 26:4302,4329,4311,4320,4284,
Shot 27:4338,4356,4347,
Shot 28:4419,
Shot 29:4455,4473,
Shot 30:4527,4491,4509,4500,4518,
Shot 31:4536,4572,4554,
Shot 32:4590,
Shot 33:4653,4608,4599,4671,4635,4617,4662,
Shot 34:4779,4806,4689,4734,4761,4797,4716,4770,4788,
Shot 35:4860,4932,4941,4824,4833,4923,4950,4887,4869,4851,
Shot 36:5004,5085,4968,5022,5103,5067,4995,
Shot 37:5508,5697,5337,5472,5598,5652,5310,5670,5121,5382,5526,5562,5499,
Shot 38:5706,
Shot 39:6084,5832,6057,5796,5715,5877,5940,6093,6039,6075,5814,
Shot 40:6165,6219,6264,6282,6291,6129,6192,
Shot 41:6318,6372,6624,6336,
Shot 42:6804,6849,6840,6777,6633,6795,6858,6723,6813,
Shot 43:6867,
Shot 44:6894,6912,6876,6921,
Shot 45:6930,
Shot 46:7047,6957,7011,6939,7002,6948,7020,7029,
Shot 47:7056,
Shot 48:7596,7506,7479,7227,7488,7515,7542,7344,7587,
Shot 49:7605,
Shot 50:7677,7686,
Shot 51:7722,7704,7695,7713,7731,
Shot 52:8091,7929,7857,7740,8001,7821,8172,7911,8145,7947,7758,7884,7839,7983,8109,8064,7938,8019,7902,8163,8046,8073,7866,8100,8010,8082,8037,7992,8118,
Shot 53:8208,8181,8190,8199,
Shot 54:8298,8739,8613,8847,8892,8226,8217,8775,8811,8541,8703,8910,9072,9000,8802,8784,8748,8676,8460,8838,8451,8721,8505,8388,8730,8424,8568,8865,9036,8982,8928,8883,8523,8640,8235,8343,8550,8685,8622,8271,8415,8658,8253,8694,8280,8604,8244,8289,
Shot 55:9117,
Shot 56:9234,9297,9216,9270,9225,
Shot 57:9558,9792,9666,9657,9855,9738,9846,9747,9675,9630,9765,9774,9621,9837,9684,9729,9819,9342,9783,9315,9801,9459,9504,9603,9351,9324,9540,9513,
Shot 58:10035,9972,9927,9882,9990,9900,9954,9891,9864,9918,9999,10044,
Shot 59:10071,10053,10125,
Shot 60:10134,
Shot 61:10170,10143,10188,10179,10161,
Shot 62:10197,10206,
