Shot 0:90,99,18,27,9,81,
Shot 1:270,324,297,252,
Shot 2:504,396,549,477,
Shot 3:639,621,603,567,612,630,594,648,
Shot 4:783,684,819,855,657,729,810,828,747,720,693,675,774,756,765,837,
Shot 5:909,954,981,873,936,918,
Shot 6:1089,1008,1026,990,1161,1017,1044,1125,1116,1143,1053,1062,1107,1071,
Shot 7:1170,1224,
Shot 8:1233,
Shot 9:1251,1242,1260,
Shot 10:1278,1269,1287,
Shot 11:1476,1440,1341,1386,1368,1404,1359,1422,1593,1431,1485,
Shot 12:1692,1710,1638,1701,
Shot 13:1737,1728,1746,
Shot 14:1773,1800,1755,
Shot 15:1854,1818,1836,1827,1845,1863,
Shot 16:2079,2322,1962,2313,2025,1980,2178,2043,2250,2097,1917,2070,2268,2331,
Shot 17:2340,2349,
Shot 18:2358,2367,
Shot 19:2376,
Shot 20:2448,2403,2430,2457,2466,2421,2439,
Shot 21:2475,
Shot 22:2484,2520,
Shot 23:2610,2592,2574,2628,
Shot 24:2646,2664,
Shot 25:3591,3267,3123,3735,3186,2844,3006,3321,3681,3699,3222,3663,3168,3690,3636,3717,2754,3231,2709,3069,3420,2799,3195,2772,2727,3303,3213,3537,2826,2880,3456,2853,3474,3249,3150,3393,3501,2808,3177,3555,2907,2952,3510,3546,3654,3141,3339,3609,3411,3051,3357,
Shot 26:3762,3798,3753,3789,
Shot 27:3924,4113,3825,4023,3960,3978,3969,3951,4014,3942,3888,4050,4140,3870,3996,4077,3861,4095,4041,4131,3906,3933,3843,
Shot 28:4167,4221,4248,4275,4194,4149,4266,4185,4230,4203,4176,
Shot 29:4311,4392,4410,4401,4329,4356,4320,4302,
Shot 30:4554,4500,4635,4626,4455,4527,4608,4572,4473,4599,4518,4545,4536,4581,4464,
Shot 31:4707,4644,4653,4689,4752,4662,4743,4716,
Shot 32:4797,4806,
Shot 33:4869,4968,4815,4824,4833,4887,4914,4851,4842,4878,
Shot 34:5004,5121,5139,5184,5094,5130,5166,5157,5112,5148,4977,5040,
Shot 35:5247,5274,5211,5220,5229,5265,5238,5256,
Shot 36:5346,5400,5310,
Shot 37:5634,5787,5535,5562,5436,5472,5805,5751,5544,5850,5418,5661,5796,5733,5706,5895,5778,5553,5769,5670,5841,5859,5517,5490,5580,5868,5832,5688,5571,5652,5715,5445,5625,5526,5886,5607,5904,5679,5697,
Shot 38:6003,6075,5940,6237,6264,5976,5913,6219,6192,5949,6111,6129,5985,6048,
Shot 39:6462,6291,6336,6372,6417,6534,6498,
Shot 40:6984,6543,7065,7056,6993,6975,
