Shot 0:27,216,207,
Shot 1:261,225,234,324,315,297,243,279,
Shot 2:540,657,360,333,999,621,666,378,1062,945,891,342,585,351,1035,576,387,1134,396,738,369,720,1044,594,405,1116,639,1026,603,567,954,504,909,414,675,
Shot 3:1197,1143,1215,1170,
Shot 4:1665,1584,1512,1350,1224,1728,1296,1620,1629,1719,1359,1332,1539,1494,1314,1404,1611,1566,1278,1710,1368,1548,1638,1341,1503,1521,1692,
Shot 5:1791,1737,1746,1773,1800,
Shot 6:1926,1989,1836,1845,1872,2007,1890,1971,1854,1917,1899,1944,
Shot 7:2025,2340,2268,2223,2277,2178,2151,2106,2286,2241,2133,2205,2367,2088,2331,2016,2034,
Shot 8:2520,2898,3204,3933,3411,4032,2736,3033,3519,2376,2790,3645,3060,4059,3069,2493,3393,2628,2637,2385,2502,2952,2466,3483,3195,2439,3456,3825,3078,4194,3969,3375,2997,3348,3807,3051,2799,3744,2682,3555,3357,2394,2448,4131,3105,2844,2925,2745,3987,2583,3591,2826,2961,3771,3420,3186,2934,3672,2646,3141,4104,3231,3690,2754,3888,3753,3087,4050,2718,3654,3267,3096,3321,2511,
Shot 9:4230,4239,
Shot 10:4806,5157,5049,4248,4689,4986,5139,5040,4392,5175,4266,4419,4500,4770,5130,4761,4923,4905,4284,4779,5022,4518,4410,4302,5076,4752,4869,5148,4428,5166,5004,4662,4581,4788,4932,4482,4959,4995,4554,5058,4311,4374,
Shot 11:5184,5211,
Shot 12:5715,5355,5490,5688,5445,5850,5598,5841,5526,5220,5409,5679,5310,5373,5337,5454,5652,5535,5328,5805,5229,5346,5724,5544,5706,
Shot 13:5859,5886,
Shot 14:6597,6462,6003,6516,6210,6120,6336,6075,6381,6219,6192,6543,6489,6273,6426,6354,6480,6111,5940,6453,6156,6552,6309,6138,6579,5949,5895,
Shot 15:6633,6606,6642,
Shot 16:6759,6660,6795,6687,6777,6786,6732,6768,6750,
Shot 17:6813,6822,
Shot 18:6840,
Shot 19:7398,7686,7812,6975,7893,7902,7443,7794,7317,7749,6903,7785,7020,7515,7596,7776,7713,7038,7461,7236,7290,7047,7182,7524,7254,7083,7335,7137,7650,7704,7308,7380,7569,7479,7452,7803,7533,7830,7362,7029,
Shot 20:7929,7911,7947,
Shot 21:7974,7992,7983,7965,
Shot 22:8010,8037,8001,
Shot 23:8298,8172,8055,8190,8163,8046,8181,8226,8208,8253,8280,8064,8307,
