Shot 0:99,9,144,45,162,18,135,108,90,
Shot 1:180,
Shot 2:189,225,
Shot 3:234,
Shot 4:243,252,
Shot 5:351,297,369,324,333,423,486,450,
Shot 6:531,549,504,540,522,
Shot 7:612,603,639,594,666,558,630,648,585,576,
Shot 8:675,684,
Shot 9:1215,1863,1872,1962,1908,1989,4914,1584,1899,1539,1917,1881,1512,1728,1575,1656,1818,1755,1611,1737,1683,1944,1692,4923,1647,1674,1593,1629,729,1503,1188,1026,801,1251,1125,1152,927,855,756,1476,1350,747,1242,1260,891,1053,1323,1107,1143,1278,1206,
Shot 10:4950,4941,4932,4959,
Shot 11:4968,
Shot 12:4977,
Shot 13:4986,
Shot 14:5013,5004,5031,4995,5022,
Shot 15:5040,
Shot 16:5148,5049,5067,5094,5058,5085,5076,5112,5256,5121,5130,5193,5175,
Shot 17:5265,
Shot 18:5292,5274,5283,5301,
Shot 19:5364,5454,5328,5418,5409,5400,5373,5346,5337,5382,
Shot 20:5778,5481,5517,5571,5526,5499,5688,5607,5535,5805,5616,5490,5508,5634,5724,5544,5760,5733,5463,5796,
Shot 21:5814,5823,
Shot 22:5832,
Shot 23:5859,5886,5850,5877,5841,5868,
Shot 24:5904,5895,5913,
Shot 25:5922,5940,
Shot 26:5967,5949,5994,5958,5985,5976,
Shot 27:6012,6939,8064,6966,6030,6003,
