Shot 0:9,
Shot 1:549,288,666,207,693,441,720,243,612,387,351,333,621,648,306,702,486,531,459,315,432,225,585,711,252,396,567,576,279,603,639,234,450,
Shot 2:738,783,774,729,756,765,
Shot 3:810,792,828,819,801,
Shot 4:1080,846,927,1215,1107,918,972,981,1233,909,891,1143,1188,990,1206,1017,1224,1179,1035,1161,1125,
Shot 5:1269,1251,1395,1350,1314,1278,1332,1260,
Shot 6:1449,1404,1431,1413,1458,1440,
Shot 7:1467,1503,1494,1476,
Shot 8:1521,1530,1512,
Shot 9:1566,1539,1548,1584,1575,
Shot 10:1602,1620,1611,1593,
Shot 11:1638,1647,1629,1656,
Shot 12:1836,1701,1737,1665,1773,1683,1755,1764,1728,1692,1818,1746,1845,1674,1827,1782,
Shot 13:1917,1899,1962,1872,1944,1908,1953,1863,1926,
Shot 14:2043,2007,2187,2097,2115,2160,2223,2016,1971,2079,2088,1998,2025,2133,2169,2205,2070,2034,2151,2052,
Shot 15:2259,2313,2295,2277,2286,2241,2322,2268,2250,
Shot 16:2430,2664,2628,2565,2583,2610,2520,2646,2358,2574,2538,2502,2637,2403,2529,2655,2484,2511,2448,2421,2439,
Shot 17:2709,2691,2700,
Shot 18:2736,2754,2763,2718,2745,2727,
Shot 19:2781,2898,2772,2817,2799,2862,
Shot 20:2970,3006,2988,2916,2934,2997,2925,2952,2979,
Shot 21:3033,3015,3024,3042,
Shot 22:3078,3051,3159,3168,3141,3123,3150,3132,3060,3105,3087,3069,
Shot 23:3267,3240,3195,3213,3231,3249,3285,3258,
Shot 24:3411,3654,3528,3375,3618,3312,3501,3357,3555,3483,3420,3339,3456,3429,3402,3348,3294,3465,3366,3330,3573,
Shot 25:3834,3690,3717,3951,3762,3699,3996,3915,4014,3879,3897,3771,3735,3672,3753,3852,3807,
Shot 26:4122,4392,4356,4437,4077,4329,4446,4275,4050,4257,4365,4428,4212,4311,4041,4401,4383,4140,4419,4347,4176,4293,4086,4068,4338,4320,4248,
Shot 27:4500,4455,4473,4482,4509,4491,
Shot 28:4563,4752,4896,4869,4797,4680,4716,4725,4590,4851,4608,4824,4545,4779,4626,4527,4644,4581,4689,4860,4617,4671,4878,4905,4842,4518,4554,
Shot 29:4950,5193,5031,5067,5013,4923,4977,4995,5022,5040,4959,4941,5076,5175,
Shot 30:5274,5220,5283,5265,
Shot 31:5364,5292,5409,5337,5328,5391,5301,5346,5382,5355,
Shot 32:5436,5418,5427,5454,
Shot 33:5526,5634,5463,5472,5571,5562,5490,5553,5580,5616,5544,5598,5481,5535,5625,5499,5517,5508,
Shot 34:6120,5652,5805,6228,6003,5868,6264,5706,6210,5778,5832,6021,5760,5913,6246,5715,6057,6219,5643,5670,5688,6093,6165,
Shot 35:6273,
