Shot 0:27,
Shot 1:36,45,
Shot 2:117,72,63,81,54,144,126,
Shot 3:153,162,
Shot 4:891,1026,882,540,486,261,279,225,864,819,315,729,351,1035,594,405,189,585,945,675,801,423,171,846,495,576,504,243,900,
Shot 5:1827,1233,1476,1422,1179,1791,1566,1359,1053,1980,1206,1728,1170,1629,1224,1395,1611,1080,1251,1089,1818,1044,1332,1062,1683,1161,1890,1548,1863,1800,1593,1872,1386,1836,
Shot 6:3114,3231,2412,4041,2556,3843,2970,3222,3501,2196,2826,3249,3150,3312,2304,2790,2664,2646,3915,3492,3744,2007,2628,4014,2691,3474,3753,2439,3555,3123,2880,2844,2736,2493,3159,3609,2637,2097,2376,2430,3717,3060,2619,3285,3798,3672,2772,3519,2025,2421,3699,3402,3483,2673,3933,2718,3825,3960,3834,
Shot 7:4113,4086,4347,4284,4077,4059,4275,4320,4095,4122,
Shot 8:5607,4959,5112,6993,6894,6795,6858,5094,6057,6093,6624,6705,6201,6228,6822,5526,4815,5904,4788,6480,6102,5796,6264,4896,5652,5850,6498,6984,6336,4527,6309,5814,5319,6642,4680,5040,4509,6363,6552,6426,6174,5580,5499,5508,5670,5310,5139,6957,4986,6282,6741,5724,4410,5634,5778,6588,5445,4644,5373,5832,6534,5949,5742,6660,6003,4365,5130,5463,6930,5346,5418,5859,5184,6084,4401,4752,4824,5616,5400,6273,5535,5715,6183,4770,5517,4626,6786,4797,4581,6633,6867,5022,5292,5706,4707,5985,6066,4662,
Shot 9:7011,7002,7020,
Shot 10:7029,
Shot 11:7056,7047,7038,
Shot 12:7074,7065,7083,
Shot 13:7182,7092,7128,7209,7155,7101,7146,7173,7110,7191,7200,
Shot 14:7218,
Shot 15:7227,
