Shot 0:63,27,99,45,81,36,54,72,
Shot 1:288,153,126,243,135,261,279,297,
Shot 2:432,315,333,396,459,405,342,324,387,450,423,414,
Shot 3:468,
Shot 4:477,
Shot 5:540,486,495,513,504,522,
Shot 6:576,567,558,585,
Shot 7:594,
Shot 8:603,
Shot 9:648,693,612,684,702,666,657,630,621,
Shot 10:783,720,729,747,711,792,774,
Shot 11:846,819,864,810,801,837,855,
Shot 12:891,
Shot 13:945,900,918,909,927,936,954,
Shot 14:981,1008,999,990,963,972,
Shot 15:1017,
Shot 16:1026,
Shot 17:1044,1053,1035,
Shot 18:1062,
Shot 19:1071,
Shot 20:1107,1080,1125,1170,1089,1152,1116,1098,
Shot 21:1206,1278,1251,1314,1269,1233,1188,1287,1197,1242,1215,
Shot 22:1395,1341,1332,1350,1431,1359,1368,1404,1458,1413,1449,1422,1386,
Shot 23:1746,1485,1908,1503,1593,1530,1602,1476,1566,1575,1881,1845,1548,1800,1665,1629,1539,1719,1737,1818,1863,
Shot 24:1926,1917,1935,
Shot 25:2034,2007,1989,2097,1953,1971,1980,2079,1998,2025,1962,2043,
Shot 26:2124,2133,2106,
Shot 27:2142,2151,
Shot 28:2160,2169,
Shot 29:2205,2187,2178,2241,2196,
Shot 30:2268,2286,2295,2259,2277,
Shot 31:2340,2313,2322,2367,2349,2331,2358,
Shot 32:2403,2376,2385,2394,2412,
Shot 33:2466,2421,2430,2448,2457,
Shot 34:2484,2475,2493,
Shot 35:2673,2565,2520,2745,2637,2709,2736,2655,2547,2529,2583,2610,2538,2619,2727,2700,2574,2682,2718,2664,2691,
Shot 36:2790,2907,2853,2889,2754,2763,2871,2835,2772,2808,2898,2781,2799,2826,
Shot 37:2925,2916,2934,
Shot 38:2952,2979,2943,2961,
Shot 39:2988,
Shot 40:3024,3096,3069,2997,3042,3033,3087,3015,3006,3060,
Shot 41:3114,3132,3123,3105,
Shot 42:3186,3402,3501,3141,3294,3375,3429,3492,3168,3456,3312,3438,3393,3150,3483,3213,3267,3159,3447,3195,
Shot 43:3933,4041,3519,3690,3807,4023,3861,4059,3843,3879,3573,3744,4068,3978,3870,4005,4050,3771,3852,3546,3510,3825,3780,3537,4032,3636,3960,3528,3987,4014,3735,3897,3996,3609,3564,3888,3942,3663,3717,3600,3906,3798,
Shot 44:4077,4086,
Shot 45:4113,4095,4104,
Shot 46:4122,4131,
Shot 47:4158,4176,4140,4149,4167,
Shot 48:4185,4194,
Shot 49:4203,4212,
Shot 50:4221,
Shot 51:4230,
Shot 52:4248,4266,4257,4239,
Shot 53:4284,4320,4302,4329,4275,4311,4293,
Shot 54:4338,4356,
Shot 55:4374,4473,4500,4437,4509,4482,4464,4419,4491,4446,4410,4365,4383,
Shot 56:4536,4554,4518,4527,4545,
Shot 57:4833,4563,4662,4707,4590,4626,4572,4806,4599,4581,4743,4788,4725,4680,4644,5202,4617,4698,5121,4716,4608,5184,4950,5076,4770,5022,4797,4671,4842,
Shot 58:5238,5211,5220,5229,
Shot 59:5301,5256,5292,5310,
Shot 60:5364,5337,5328,5355,5319,5373,
Shot 61:5400,5391,5409,
Shot 62:5553,5724,5463,5652,5742,5526,5697,5481,5436,5733,5598,5571,5589,5508,5517,5418,5445,5616,5634,5544,5499,
Shot 63:5805,5760,5751,5922,5778,5769,5787,5796,5895,5913,5841,5886,5814,
Shot 64:6030,5940,5958,6165,5949,6156,6102,5967,6183,6138,6111,6174,6048,6012,6021,
Shot 65:6210,6282,6336,6264,6246,6192,6228,6201,
Shot 66:6354,6363,
Shot 67:6399,6381,6417,6408,6390,
Shot 68:6525,6426,6444,6552,6435,6534,6507,
Shot 69:6561,6579,
Shot 70:6606,6597,6588,6615,6624,
Shot 71:6678,6633,6651,6687,6669,
Shot 72:6714,6741,6696,6732,6705,6723,
Shot 73:6750,
