Shot 0:216,9,153,
Shot 1:333,405,378,441,360,
Shot 2:1233,1008,540,657,1287,990,1098,882,1143,909,612,1125,1026,945,756,972,1071,1044,486,585,837,1080,1269,918,1170,1116,450,1107,1089,900,1161,513,1296,711,684,594,855,1260,1188,1251,1224,
Shot 3:1584,1404,1314,1476,1602,1494,1377,1395,1458,1512,1440,1539,1485,1566,1611,1593,1521,1422,
Shot 4:1620,1629,
Shot 5:1683,1818,1737,1719,1809,1764,1647,1782,1665,
Shot 6:1908,2403,2367,2151,2430,1845,2412,2394,2421,2214,1872,2088,2277,2322,1971,2187,2385,2025,1827,2358,2304,1926,2376,1899,
Shot 7:2475,2448,2439,2484,
Shot 8:2502,2493,2511,
Shot 9:2520,
Shot 10:3519,3771,3285,3735,3888,3366,4050,3753,2529,3204,3267,3132,3861,2673,3411,3429,3483,3708,2772,3339,2844,3789,3501,3402,3726,3465,3744,3033,3537,3420,3438,3906,2619,2961,3510,3447,3492,3663,3942,3456,4041,4014,
