Shot 0:45,9,54,27,36,
Shot 1:72,63,81,
Shot 2:171,90,99,117,207,153,162,189,108,
Shot 3:243,225,252,234,216,
Shot 4:270,279,
Shot 5:306,288,297,315,
Shot 6:378,333,369,387,
Shot 7:423,405,414,
Shot 8:441,450,432,
Shot 9:558,468,459,693,495,675,666,684,711,531,504,477,585,540,648,486,702,522,549,567,
Shot 10:765,828,729,720,810,756,792,
Shot 11:1044,1188,1008,1125,846,1170,855,882,1026,1143,864,1134,1179,1116,909,873,1089,1035,1062,1152,990,1071,1107,
Shot 12:1539,1719,1422,1584,1242,1224,1692,1377,1413,1368,1386,1710,1233,1683,1197,1665,1395,1575,1440,1431,1251,1701,1674,1566,1593,1215,1449,1638,1404,1530,
Shot 13:1746,1728,1737,1764,1755,
Shot 14:1791,1773,1782,1809,
Shot 15:1845,1971,1980,1944,1962,1953,1890,1926,1872,1827,
Shot 16:2025,1989,2070,2061,2079,1998,2052,2007,2016,2034,
Shot 17:2835,3033,2754,2601,3159,2295,2106,2322,2952,2340,3096,3213,2934,3123,3132,2466,2223,2619,2484,2781,3195,2097,2655,2925,3141,3069,2313,2943,2988,2457,2790,3177,2475,3204,2565,2115,2439,2970,2403,2736,2538,3015,2772,3114,3087,2961,2304,2637,3051,2142,2331,2367,3078,3006,3042,2997,3024,2979,2610,2763,2889,2493,3060,2799,2241,2205,2808,2574,2646,2817,2124,2853,2871,2826,
Shot 18:3222,
Shot 19:3231,3240,
Shot 20:3276,3249,3258,3357,3285,3303,3267,
Shot 21:3546,3402,3492,3420,3501,3591,3519,3447,3582,3537,
Shot 22:3654,4185,4005,3825,3960,3924,3600,4014,3942,4023,3681,3978,4086,4032,4059,4203,3951,3807,4158,3609,4041,3717,3852,4077,3618,3771,3690,3645,3708,3933,3861,3834,3627,3879,3636,3816,
Shot 23:4212,4221,
Shot 24:4239,4248,4257,4230,
Shot 25:4356,4311,4392,4320,4266,4329,4401,4293,4302,4338,4374,4365,4383,4275,4347,
Shot 26:4419,4428,4410,
Shot 27:4464,4500,4527,4446,4491,4437,4509,4518,4455,4482,4473,
Shot 28:4608,5301,5211,4698,4734,4671,4725,5094,4932,4968,4716,5292,4536,4545,5022,4689,4707,5121,4680,5166,4662,4761,5238,4986,4554,5220,4653,4743,5004,4851,5202,5229,5247,4644,5013,5274,5148,4626,4752,4563,4590,
Shot 29:5310,
Shot 30:5346,5355,5319,5337,
Shot 31:5445,5562,5508,5571,5544,5499,5517,5553,5535,5364,5463,5490,5373,
Shot 32:5598,5580,5589,5616,
Shot 33:5652,5625,5661,5634,5643,
Shot 34:5715,5697,5679,5742,
Shot 35:5823,5769,5760,5751,5841,5778,5787,5796,5832,5805,
Shot 36:5904,5886,5850,5895,5859,5913,
Shot 37:5940,6012,5994,6003,5949,5976,5958,5931,
Shot 38:6021,
Shot 39:6336,7488,8073,7218,6867,7362,7443,8100,7299,6066,6975,7398,8577,7713,7821,7479,7029,7416,7695,6696,7254,8676,7497,7236,6255,7191,7065,6633,6093,6030,6984,7011,8478,7569,7245,6957,6057,7326,8712,7173,6489,7470,6939,7272,8721,7506,7794,6318,7308,6309,7425,8694,7083,7209,8541,7047,7515,7344,7749,6624,7722,8307,7200,7434,7335,8289,7227,7317,7731,6921,8298,7461,8001,7803,7776,7056,6885,7020,6615,6948,7992,8514,6174,7659,6732,8082,6462,6048,8631,6795,7704,6498,8532,7407,7452,7263,6075,6966,7074,7380,7281,7623,6156,7353,7524,6390,7677,6858,6471,8523,7290,7596,6300,6723,7758,8091,8271,7812,6993,6228,8703,6282,6831,6903,8505,8550,7110,8010,7389,8658,8604,7947,6165,6327,6642,8244,8316,7002,6039,6444,8613,7767,6669,6084,6363,8496,8595,8046,8145,6741,7866,6183,7920,8190,7974,6561,6507,6534,
