Shot 0:198,
Shot 1:207,
Shot 2:216,
Shot 3:234,261,252,225,
Shot 4:288,342,351,270,333,279,315,
Shot 5:441,459,360,396,450,414,432,
Shot 6:477,531,513,468,
Shot 7:657,540,612,558,720,702,711,621,603,549,675,630,693,648,
Shot 8:747,801,792,729,
Shot 9:828,918,909,810,846,819,
Shot 10:981,1026,927,1017,936,1008,954,999,990,945,972,
Shot 11:1080,1035,1044,1053,1071,1089,
Shot 12:1143,1125,1161,
Shot 13:1206,1179,1332,1170,1269,1242,1224,1188,1278,1233,1305,1215,1260,1197,1359,
Shot 14:1467,1377,1404,1647,1629,1422,1575,1548,1395,1386,1638,1557,1431,1485,1656,1512,1620,1368,1476,1458,
Shot 15:1764,1701,1800,1737,1818,1683,1791,1719,1782,1674,1773,1755,
Shot 16:1908,2007,2052,1836,2079,1854,2034,2016,2106,1890,1944,1926,2070,1899,
Shot 17:2124,2133,
Shot 18:2160,2142,2151,2178,
Shot 19:2214,2232,2187,2196,2223,2205,
Shot 20:2286,2241,2313,2250,2268,2295,2304,2277,
Shot 21:2322,
Shot 22:2340,2349,
Shot 23:2358,
Shot 24:2394,2412,2430,2448,2367,2376,2403,2421,2385,
Shot 25:2493,2466,2511,2484,2502,
Shot 26:2547,2529,2574,
Shot 27:2583,2610,2592,
Shot 28:2646,2628,2664,2637,2619,
Shot 29:2691,2673,2718,2772,2745,2709,2781,2682,2700,
Shot 30:2817,2907,2952,2853,2790,2880,2799,2934,2835,2871,2961,2898,2943,2916,2808,2826,
Shot 31:3339,2970,3042,3186,3087,3240,3159,3258,3060,3006,3213,3123,3024,3195,3303,2997,2979,3015,3321,3357,
Shot 32:3492,3420,3366,3447,3393,3429,3483,
Shot 33:3519,3591,3546,3510,3537,
Shot 34:3600,3609,
Shot 35:3627,3699,3753,3690,3726,3672,3735,3654,3618,3636,
Shot 36:3852,3906,3888,3897,3870,3843,
Shot 37:3951,3924,3933,3969,3915,3942,
Shot 38:4014,4032,3996,
Shot 39:4104,4050,4131,4068,4077,4122,4095,4113,
Shot 40:4140,
Shot 41:4149,4158,
Shot 42:4176,4167,4185,
Shot 43:4212,4194,4221,4203,
Shot 44:4401,4257,4239,4356,4320,4374,4338,4284,4437,4383,4248,4266,4428,4392,4410,
Shot 45:4482,4464,4446,4473,4491,
Shot 46:4599,4545,4509,4563,4527,4518,4536,4581,4617,
Shot 47:4635,4626,4653,4644,
Shot 48:4671,4662,4680,
Shot 49:4698,4707,4716,4689,
Shot 50:4725,
Shot 51:4734,4743,
Shot 52:4824,4752,4860,4842,4815,4779,
Shot 53:4905,4869,4923,4878,4896,4914,
Shot 54:4968,5040,4995,4932,4950,4941,5022,4959,4977,
Shot 55:5067,5085,5058,
Shot 56:5157,5103,5130,5121,5166,5139,5094,5148,
Shot 57:5229,5175,5211,5238,
Shot 58:5265,5247,5256,5292,5274,
Shot 59:5319,5364,5328,5346,5310,
Shot 60:5391,5409,5400,5373,
Shot 61:5463,5418,5427,5436,5481,5445,5472,5454,
Shot 62:5490,5499,
Shot 63:5517,5535,5526,5508,
Shot 64:5553,5562,5544,
Shot 65:5589,5571,5607,5580,
Shot 66:5823,6021,5616,5742,5670,5643,5940,5958,5634,5715,5868,5967,5850,5679,5922,5949,5652,5931,5778,5895,5913,6003,5796,5886,5904,5985,5859,5976,5661,5841,5751,5625,5877,5832,6012,5760,5994,5688,5769,5814,5733,
Shot 67:6048,6030,6039,6057,
Shot 68:6147,6066,6093,6102,6174,6120,6075,6156,6129,6084,6192,6138,
Shot 69:6228,6255,6246,6201,6237,6219,6273,
Shot 70:6300,6309,
Shot 71:6336,6435,6318,6345,6390,
Shot 72:6516,6624,6471,6579,6633,6606,6453,6507,6462,6480,6552,6489,6543,6525,
Shot 73:6651,6642,6660,
Shot 74:6669,6696,
Shot 75:6705,
Shot 76:6732,6795,6714,6777,6759,6750,6723,
Shot 77:6822,6876,6804,6813,6867,6831,
Shot 78:6912,6930,6885,6921,6903,
Shot 79:6966,7047,7020,7002,6939,7011,6993,7038,7029,6957,6975,
Shot 80:7056,
Shot 81:7074,7110,7119,7092,7101,7065,
Shot 82:7128,7137,
Shot 83:7155,7173,7146,7164,
Shot 84:7182,7191,
Shot 85:7335,7227,7245,7209,7254,7236,7218,7200,7380,7371,7290,
Shot 86:7389,7398,
Shot 87:7407,
Shot 88:7416,
Shot 89:7704,7713,7578,7587,
