Shot 0:9,234,36,180,144,99,27,207,126,117,18,216,369,108,324,225,
Shot 1:621,756,729,423,711,693,558,747,576,648,468,405,
Shot 2:765,774,
Shot 3:783,
Shot 4:792,
Shot 5:801,810,
Shot 6:1098,837,1062,954,1071,972,819,1188,1152,828,1080,855,1116,1089,1197,
Shot 7:1359,1638,1467,1557,1440,1584,1251,1224,1386,1206,1350,
Shot 8:1701,2763,2169,2259,2511,2871,1665,2466,2781,1998,2916,2151,2682,2844,2772,2502,2601,2412,2241,1674,2115,2340,2484,1917,2529,2430,2124,1656,2178,1980,1683,1737,1899,1773,
Shot 9:3465,3573,3735,3564,3555,3033,2952,3546,3582,3591,3618,3654,3672,3636,3681,3807,3609,3717,3123,3789,3384,3627,3762,3024,3357,3303,3438,3294,
Shot 10:4203,4428,3816,4401,4284,4230,3888,4437,4050,4302,3852,4239,3951,4122,4086,4095,4068,4275,4149,4185,4077,4113,4266,4167,
Shot 11:4500,4509,
Shot 12:4536,4698,4815,4671,4779,4761,4806,4689,4617,4680,4518,4788,4662,4770,4716,4707,4653,4743,4581,4644,4797,4725,4563,4545,
Shot 13:4824,4833,
Shot 14:4860,4896,4878,4842,
Shot 15:4968,4932,4905,4950,4977,
Shot 16:4995,5013,5004,
Shot 17:5022,5031,
Shot 18:5049,5040,5067,
Shot 19:5121,5184,5094,5085,5166,5139,5175,5103,5157,5112,5130,
Shot 20:5229,5274,5256,5202,5193,5220,5265,5211,5238,
Shot 21:5328,5409,5418,5400,5355,5337,5391,5292,5382,5319,5373,5364,5310,
Shot 22:5580,5535,5562,5508,5634,5652,5661,5544,5490,5526,5499,5643,5616,5445,5607,5436,5598,5481,5589,
Shot 23:5688,5706,5670,5697,5679,5715,
Shot 24:5787,
Shot 25:5805,5796,5823,5814,
Shot 26:5832,
Shot 27:6012,5913,5994,6066,6075,5877,5895,6057,5850,5976,5940,5904,5841,6030,5967,5859,5922,5985,6003,5958,
Shot 28:6111,6192,6084,6156,6129,6174,6102,6120,6093,
Shot 29:6228,6210,6219,
Shot 30:6444,6237,6471,6255,6462,6264,6327,6246,6408,6399,6336,6309,6363,
Shot 31:6498,6507,6489,6480,
Shot 32:6543,6525,6534,6552,
Shot 33:6561,
Shot 34:6723,6615,6579,6597,6687,6570,
Shot 35:7182,6921,7443,7434,7560,7335,7398,7344,6876,7506,6804,7362,7092,7317,7137,7461,7056,7254,
Shot 36:7695,7596,7578,7641,7686,
Shot 37:7857,8145,8208,8019,8001,8253,8091,7875,8028,8109,7776,7920,7794,7992,7758,7938,
Shot 38:8550,8433,8514,8622,8415,8523,8343,8505,8496,8532,8442,8424,8460,8631,8487,8577,8478,8361,8541,8640,8604,8352,8334,8451,8586,8559,
Shot 39:8793,8649,8667,8703,8775,8892,8721,8739,8658,8856,8676,8757,
Shot 40:8910,8901,8919,
Shot 41:8973,9081,8928,9036,8937,9000,9018,8955,9054,8982,8946,8964,9027,
Shot 42:9135,9216,9198,9189,9252,9171,9180,9243,9207,9225,9099,9153,9234,9144,9117,
Shot 43:9270,9306,9315,9297,9288,9261,9279,
Shot 44:9333,9324,9342,
Shot 45:9387,9405,9360,9369,9351,9396,9378,
Shot 46:9423,9441,9414,9432,
Shot 47:9450,9459,
