Shot 0:9,
Shot 1:900,
Shot 2:1503,
Shot 3:2151,1818,1773,1881,1674,1836,1746,1800,1845,1953,1899,1827,1629,1782,3195,1755,1809,1863,2520,2871,3186,2961,3105,1791,2898,1602,3159,2997,2853,3042,2115,2430,2835,2259,
Shot 4:3204,
Shot 5:3231,3213,3258,3222,
Shot 6:3267,3276,
Shot 7:3636,4275,3285,4158,4122,4221,4104,3393,3861,4077,4140,4113,3321,4050,4176,3528,3987,4149,3420,4095,4005,3717,3843,3366,3411,3501,3339,3402,3537,3780,3798,3294,3699,4239,
Shot 8:4464,4284,4293,5103,5139,4959,5049,4869,4932,4302,4752,4662,4716,4329,4320,4410,4707,4473,
Shot 9:5148,5157,
Shot 10:5463,5166,6723,5247,6696,6633,6246,5301,5589,5481,
Shot 11:6741,
Shot 12:6903,7488,6750,7479,7299,7047,6957,7272,7002,7209,6768,6867,6894,
Shot 13:7497,
Shot 14:7506,
Shot 15:7650,
Shot 16:7785,7659,7695,7668,7875,7677,7821,7704,7776,7794,7686,7803,
Shot 17:7929,8289,8325,8316,8199,8163,8271,8244,8181,8226,8280,7920,7992,8118,
Shot 18:8334,
Shot 19:8343,
Shot 20:8370,8379,8352,8361,
Shot 21:8406,8397,8388,8415,
Shot 22:8451,8424,8478,8433,8460,8442,
Shot 23:8487,8505,8514,
Shot 24:8559,8541,8523,8550,
Shot 25:8586,8622,8604,8577,
Shot 26:8640,8649,8631,
Shot 27:8658,8667,
Shot 28:9045,8676,9378,9414,9189,8883,9342,9351,9369,9396,9306,8946,8910,9279,9387,9171,9216,9225,9252,9144,9324,9108,9135,8937,8919,8964,
Shot 29:9423,9450,
Shot 30:9558,9522,9594,9603,9585,9576,9540,
Shot 31:9684,9801,9783,9729,9774,9756,9675,9612,9792,9630,9738,9702,9747,9648,9693,
Shot 32:9810,
Shot 33:9819,9828,
Shot 34:9900,9909,
Shot 35:9945,9981,9963,9954,
Shot 36:10044,10053,10026,10035,9990,
Shot 37:10062,10071,
Shot 38:10098,10143,10179,10161,10197,10107,10089,
Shot 39:10206,
Shot 40:10215,
Shot 41:10251,10233,10224,10242,10260,
Shot 42:10269,
Shot 43:10296,10278,10287,
Shot 44:10314,10332,10323,
Shot 45:10359,10368,10449,10404,10422,10377,10341,10440,10431,10386,10350,10413,
Shot 46:10476,10458,10467,
Shot 47:10602,10764,11160,10755,11709,10737,10584,
