Shot 0:18,54,27,36,9,
Shot 1:63,81,
Shot 2:90,
Shot 3:99,
Shot 4:117,
Shot 5:360,531,513,522,387,504,369,351,
Shot 6:1017,837,981,909,1161,666,819,1143,774,1134,963,747,873,594,549,1116,801,927,1152,846,810,639,693,576,999,1008,1035,585,882,
Shot 7:1782,1755,1305,1989,1566,2043,1503,1521,1701,1908,1935,2115,1260,1899,1485,1296,1512,2025,1872,1764,1611,1917,1683,1467,1827,1341,1575,2061,1854,1548,1791,1980,1278,1413,1530,1494,1179,1773,
Shot 8:2142,2169,2124,2133,2160,2151,
Shot 9:2403,2313,2412,2178,2367,2340,2214,2394,
Shot 10:2421,2430,
Shot 11:2466,2673,2502,2601,2718,2592,2619,2448,2628,2754,2574,2520,2475,2493,
Shot 12:2952,2835,2799,2808,2871,2817,2907,2862,2790,2988,2826,2961,2916,2934,
Shot 13:3366,3105,3474,3465,3492,3483,3357,3411,3564,2997,3069,3204,3528,3555,3393,3501,
Shot 14:3717,3672,3816,3627,3690,3654,3618,3960,3636,3699,3897,3978,3744,3708,
Shot 15:4563,4329,4410,4536,4311,4338,4212,4545,4284,4473,4248,4023,4176,4302,3996,4068,4347,4086,4275,4617,4446,4527,4365,4032,4554,4257,4428,4590,
Shot 16:4626,
Shot 17:4644,4635,4689,4680,4653,
Shot 18:4959,4806,4743,5499,5355,5481,4779,5454,4707,4860,5040,5391,5004,5337,5211,4770,4815,4878,4698,4995,4833,5139,4923,5058,5490,4788,5247,4968,4716,4896,4950,4851,5103,
Shot 19:5508,
Shot 20:5796,
Shot 21:5805,
Shot 22:5823,5994,5949,5886,5814,
Shot 23:6012,6003,6021,
Shot 24:6138,6075,6102,6039,6165,6048,6057,6147,6111,6066,6084,6120,6156,6129,
Shot 25:6183,6777,6462,6660,6174,6309,6633,6687,6498,6444,6210,
Shot 26:6894,6831,6930,6912,6867,6804,6813,6822,6840,6876,6957,6885,
Shot 27:7272,7416,7569,6993,7551,7227,7533,7353,7128,7587,7443,7425,7542,7029,7560,7200,7479,7056,7245,7371,7254,7173,7281,7488,7308,7218,7398,7074,
Shot 28:7596,
Shot 29:7650,7749,7668,7614,7677,7686,7641,7659,7740,
Shot 30:7839,8604,8532,7857,8613,7956,8685,8694,7758,8451,8469,8316,8577,7929,8631,8667,8442,7866,7965,8595,8586,8703,7767,8154,8433,8460,8082,8334,8568,8379,8046,8406,7821,7938,
Shot 31:8712,8721,
Shot 32:8730,
Shot 33:8739,
Shot 34:8748,
Shot 35:8757,
Shot 36:8766,
Shot 37:8775,
Shot 38:8784,
Shot 39:8802,8811,8820,8793,
Shot 40:8847,8838,8856,8829,8865,
Shot 41:8874,
Shot 42:8883,
Shot 43:8937,8964,8919,8901,8928,8955,8946,8892,8910,
Shot 44:8973,
Shot 45:8982,
Shot 46:8991,9000,
Shot 47:9009,9018,
Shot 48:9054,9081,9036,9063,
Shot 49:9108,9099,9090,
Shot 50:9144,9117,9135,
Shot 51:9162,9180,9153,
Shot 52:9207,9216,9225,9198,
Shot 53:9234,9243,
Shot 54:9252,9261,
Shot 55:9270,
Shot 56:9387,9459,9306,9288,9351,9450,9279,9369,9360,9405,9414,9441,9297,
Shot 57:9504,9468,9513,9486,9495,
Shot 58:9531,9540,
Shot 59:9558,9639,9648,9603,9549,
Shot 60:9711,9666,9684,9657,9738,9702,
Shot 61:9756,
Shot 62:10089,10179,10071,10080,
Shot 63:10656,10593,10566,10557,10575,10494,10521,10512,10485,10548,10503,10584,10620,
Shot 64:10674,10827,10665,10683,
Shot 65:10908,
Shot 66:10917,
Shot 67:10971,10935,10989,10980,10953,10926,10944,10962,
Shot 68:11025,11034,11007,
Shot 69:11052,
Shot 70:11070,11196,11115,11061,
Shot 71:11304,
Shot 72:12726,11727,11493,11907,11862,11313,11511,12942,11916,11682,12123,13194,11466,13536,13725,11826,12213,13302,11853,11646,12411,13122,12492,11772,12762,13248,12627,11979,13401,13158,12447,13707,12825,13086,12582,
Shot 73:13743,13734,13752,
Shot 74:13959,13941,13950,13968,
Shot 75:14022,14031,
Shot 76:14112,
Shot 77:14238,14121,14265,14148,14193,14130,14220,14247,
Shot 78:14283,14274,14292,
Shot 79:15408,14706,14580,15966,15372,15075,15723,15858,16020,15120,14535,15921,15984,15930,15939,15057,15687,15678,15993,15894,15093,16029,15066,15948,15903,14409,15219,15174,16011,15399,14958,
Shot 80:16038,
Shot 81:16614,16344,16101,16470,16290,16335,16686,16443,16533,16173,16650,16209,16677,16164,16155,16119,16182,16056,16452,16407,16191,16353,16587,16659,16137,16641,16632,16065,16371,16668,16497,16479,16308,16317,16578,16236,16227,16299,16596,16425,16047,16380,16362,16326,16623,16524,
Shot 82:16695,
Shot 83:16731,16704,16749,16740,16713,
Shot 84:16758,
Shot 85:16767,16785,16794,16776,
Shot 86:16821,16803,16812,
Shot 87:16830,
Shot 88:16839,16893,16848,16992,16857,16911,16866,16884,16947,16974,
Shot 89:17100,17253,17154,
Shot 90:17604,17271,17496,17523,17568,
Shot 91:17667,
