Shot 0:45,9,18,54,27,36,
Shot 1:63,
Shot 2:162,81,117,108,72,135,99,225,90,189,144,
Shot 3:306,234,252,333,279,243,288,270,315,297,261,
Shot 4:342,
Shot 5:351,
Shot 6:378,360,522,414,369,387,
Shot 7:531,
Shot 8:1575,594,1926,1458,1854,576,603,540,1467,621,585,729,1746,1674,1476,549,1530,1566,
Shot 9:1980,2106,2133,1944,
Shot 10:2205,2214,
Shot 11:2223,2403,2349,2502,2439,2232,
Shot 12:3429,2772,3843,3159,4806,3555,4374,3870,3897,4959,3789,3024,3861,4275,3879,3222,3033,2781,3492,3654,2799,3006,3195,4986,2988,4221,4950,2538,4707,3015,4527,3807,3276,4725,3564,4797,4410,3321,3780,5166,4779,3600,3672,4509,4185,3303,3294,3708,3330,5130,4500,3312,4590,3393,4284,4734,3339,3465,4194,4518,3348,3357,3636,4491,
Shot 13:5796,5841,5319,5202,5850,5562,5868,5571,5598,5508,5463,5580,5589,5607,5355,5814,5616,5400,5328,5634,5409,5679,5364,
Shot 14:5895,5886,5904,
Shot 15:5913,
Shot 16:5940,5958,
Shot 17:6876,7965,7137,6741,7299,7038,7020,7425,7794,6795,7128,6768,7119,7155,7542,7506,7074,7245,7362,7056,7443,7110,7227,7146,6786,7317,7380,7902,6750,7470,6804,5985,7407,6777,7785,7218,7281,6957,7182,6732,5994,7803,7776,7569,5967,6948,6759,6813,7263,
Shot 18:7983,7992,7974,
Shot 19:8001,
Shot 20:8010,8064,
