Shot 0:9,
Shot 1:90,
Shot 2:252,234,162,243,279,270,
Shot 3:522,648,630,738,639,621,657,486,729,495,612,504,
Shot 4:756,747,783,846,
Shot 5:864,963,855,873,
Shot 6:1116,972,1098,1215,1089,1080,1107,1125,
Shot 7:1224,
Shot 8:1332,1233,1341,1251,
Shot 9:1368,1566,1593,1458,1584,1602,1350,1575,1449,1503,1467,1476,1440,
Shot 10:1746,1701,1809,
Shot 11:1863,1917,1818,
Shot 12:2043,1935,2052,1926,
Shot 13:2079,2151,2142,2160,2115,2061,
Shot 14:2187,2241,2232,2169,
Shot 15:2259,2250,2304,
Shot 16:2313,2322,
Shot 17:2331,2340,
Shot 18:2349,
Shot 19:2403,2358,2367,2439,2385,2430,
Shot 20:2448,
Shot 21:2457,
Shot 22:2466,
Shot 23:2808,2583,2691,2493,2565,2925,2790,2673,2475,2574,2799,2700,2916,2682,2664,2817,
Shot 24:3060,2934,3042,2943,3051,3141,
Shot 25:3510,3546,3168,3771,3654,3402,3906,3258,3789,3420,3762,3627,3159,3177,3636,3528,3276,3897,3411,3249,3780,3537,3429,3267,3753,3645,3294,3438,3519,3888,3285,3663,3501,
Shot 26:3996,4725,4014,3915,3924,4005,4023,3987,
