Shot 0:9,
Shot 1:18,
Shot 2:5175,1944,3627,126,3456,8127,108,7911,3465,117,7983,7974,3582,27,7947,8118,729,171,3942,7875,5580,2286,6273,5598,7731,1962,7839,3960,8001,5616,6597,2196,7965,2115,5697,5949,5967,6516,6363,468,1980,3591,3447,324,783,5688,7956,2412,7866,7902,8019,3645,1989,3870,5319,1908,5760,3798,7740,90,504,2124,2214,7884,180,1971,7893,5220,5166,2304,54,6444,477,1953,1926,234,5256,657,3807,2133,6480,486,
Shot 3:8136,
Shot 4:8172,8199,8190,8154,8208,8145,8181,8163,
Shot 5:8217,8226,
Shot 6:8235,
Shot 7:8253,8244,8271,
Shot 8:8316,8289,8298,8307,
Shot 9:8325,
Shot 10:8334,
Shot 11:8343,8352,
Shot 12:8361,
Shot 13:8370,
Shot 14:8379,8388,
Shot 15:8406,8397,8415,
Shot 16:8667,8424,8451,8541,8631,8622,8433,8442,8568,8604,8613,8685,
