Shot 0:9,
Shot 1:297,198,252,306,
Shot 2:333,657,450,567,360,315,
Shot 3:792,981,936,702,675,738,774,756,909,945,828,747,720,783,864,711,693,810,
Shot 4:1332,999,1368,1251,1152,1242,1305,1116,1188,1071,1341,1314,1017,
Shot 5:1557,1377,1413,1458,1431,1395,1539,1476,
Shot 6:1584,1809,1764,1881,1629,1620,1737,1917,1692,1665,1647,1899,1602,1719,1701,1566,1593,
Shot 7:2043,1926,1971,1935,2061,2016,
Shot 8:2187,2331,2088,2160,2268,2214,2313,
Shot 9:2448,2349,2358,2403,2484,2511,2367,2493,2475,2376,2430,2439,2385,2466,
Shot 10:2520,2538,2529,
Shot 11:2718,2844,2790,2547,2592,2556,2817,2664,
Shot 12:2880,
