Shot 0:9,18,
Shot 1:90,324,315,216,198,189,243,207,126,99,
Shot 2:468,495,342,486,450,333,
Shot 3:540,846,504,702,855,711,693,729,513,594,657,639,522,837,585,720,531,
Shot 4:954,981,972,909,882,864,927,945,963,918,
Shot 5:1224,1017,1125,1260,1116,990,1134,1251,1107,999,1143,1089,1170,1242,1188,
Shot 6:1296,1350,1269,1314,1323,1278,1305,1287,1332,
Shot 7:1359,
Shot 8:1467,1485,1368,1377,1431,1386,1449,
Shot 9:1512,1629,1494,1620,1503,1584,1611,1548,
Shot 10:1701,1647,1782,1773,1683,1764,1746,1728,1692,1755,1710,1674,1638,
Shot 11:1800,1953,1791,1944,1827,
Shot 12:1962,
Shot 13:1971,1980,
Shot 14:2097,
Shot 15:2115,2214,2106,2124,
Shot 16:2241,
Shot 17:2250,
Shot 18:2457,2619,
