Shot 0:9,
Shot 1:612,621,288,
Shot 2:630,
Shot 3:639,765,
Shot 4:774,
Shot 5:792,1116,954,972,963,1107,945,783,801,
Shot 6:1836,1872,2214,1386,1287,2061,2475,1359,1854,2043,1629,2205,1368,1620,2052,2223,1350,1125,1845,1377,1863,2232,2034,1638,1647,
Shot 7:2718,2745,2484,2952,2736,2493,2727,2502,
Shot 8:2979,2961,3186,3177,2970,
Shot 9:3429,4266,3699,3195,3969,3951,3681,3402,4194,4383,3411,3960,4203,3672,3942,3690,3420,3204,4185,4374,4212,3438,
Shot 10:4536,4392,4518,4401,4716,4527,4545,
Shot 11:4743,4725,4869,4734,4860,
Shot 12:4878,
Shot 13:5022,4887,5013,5004,5031,
Shot 14:5220,5211,5229,
Shot 15:5634,
