Shot 0:147,294,7,273,287,245,280,259,98,231,77,112,217,161,
Shot 1:301,
Shot 2:308,
Shot 3:315,322,
Shot 4:336,350,329,343,
Shot 5:448,357,406,378,385,371,427,420,455,
Shot 6:511,525,
Shot 7:700,686,693,
Shot 8:756,742,770,763,749,
Shot 9:777,784,
Shot 10:791,798,
Shot 11:805,
Shot 12:819,812,833,826,
Shot 13:875,1484,980,952,1071,861,1302,1029,910,1092,1008,938,847,840,1414,1134,959,945,966,924,854,1239,987,1043,868,889,903,1281,931,1022,917,1078,994,973,1393,1015,1498,1316,882,1407,1099,1295,1491,
