Shot 0:515,350,100,130,75,110,525,420,5,555,95,480,85,455,490,105,470,520,500,440,475,505,360,115,465,510,
Shot 1:565,620,
Shot 2:625,
Shot 3:1150,
Shot 4:1355,1490,1265,1340,1425,1350,
Shot 5:1500,
Shot 6:1815,2375,2205,2395,2385,2445,2380,2185,1995,2405,2630,2020,1590,2435,2620,
Shot 7:2640,
Shot 8:2715,
Shot 9:2805,2835,2820,2790,
Shot 10:3610,3470,3415,3185,3425,3180,3170,3190,3400,2840,3420,3375,3635,3405,
Shot 11:3675,3925,4150,3660,4060,4140,3920,4160,3840,3725,4165,3650,4115,3665,3690,3670,3680,
Shot 12:4175,4290,4340,
Shot 13:4860,4655,4795,4840,4845,4850,4855,
