Shot 0:5,
Shot 1:30,195,85,205,110,10,65,130,15,200,20,160,45,95,75,120,55,140,105,190,40,25,35,
Shot 2:220,
Shot 3:295,515,225,405,465,450,485,230,475,235,440,495,240,370,250,245,255,265,260,285,330,275,310,280,270,305,315,290,300,
Shot 4:580,635,600,550,615,565,
Shot 5:650,675,
Shot 6:720,755,740,750,690,700,730,710,
Shot 7:830,950,970,765,900,865,985,850,920,935,775,875,785,760,855,940,815,960,800,980,840,975,955,890,780,825,925,
Shot 8:1005,995,990,1015,1000,1010,
Shot 9:1020,1040,
Shot 10:1060,1070,1055,
Shot 11:1190,1075,1105,1135,1225,1150,1125,1205,1115,1095,1215,1175,1140,1145,1085,1200,1210,1100,1185,
Shot 12:1230,1235,
Shot 13:1240,1245,
Shot 14:1250,1255,
Shot 15:1260,
