Shot 0:735,1415,1310,45,1400,1275,575,540,985,330,1435,445,1220,270,310,555,1345,100,60,225,240,600,385,910,495,355,865,75,285,810,820,640,620,655,410,680,5,180,230,840,1430,465,1135,320,340,705,30,755,940,85,435,1405,850,870,260,895,790,695,1070,560,815,525,685,375,55,1055,135,830,360,745,760,920,945,1150,780,725,1420,610,565,395,155,460,690,590,1390,65,220,350,40,550,190,335,20,470,700,740,295,440,510,750,885,1005,855,960,1410,570,70,325,400,835,935,315,605,485,165,730,35,1145,345,415,1165,1395,50,25,990,160,975,1425,15,580,1155,955,595,10,300,585,
Shot 1:1510,1440,1445,1480,1545,1450,1500,
Shot 2:1650,1990,1825,1955,1715,1755,1850,1975,1610,1680,1985,
Shot 3:2020,1995,2215,2010,2110,2000,2015,2030,
Shot 4:2260,2280,2270,2265,2250,
Shot 5:2840,2350,2525,2385,2505,2595,2695,2285,2395,2730,2780,2450,2315,2365,2850,2430,2820,2340,2830,2375,2460,2390,2325,2440,2495,2845,
Shot 6:2865,2910,2960,2935,2855,2875,2950,2915,2955,2860,2940,2870,
Shot 7:2965,
Shot 8:2985,2970,3015,2995,2980,2975,3005,2990,
Shot 9:3035,
Shot 10:3400,3195,3415,3380,3345,3410,3285,3405,3080,3390,3395,
Shot 11:3420,3425,
Shot 12:3435,3695,3835,3635,3895,3750,3805,3790,3700,3685,3875,3480,3770,3720,3555,3620,3820,3455,3730,3885,3840,3645,3705,3955,3925,3900,3890,3630,3475,3440,3430,
Shot 13:4010,4195,4185,4160,4175,4190,4070,4170,4120,4035,3985,4095,4050,4150,3995,4020,
Shot 14:4245,4250,4260,4200,
Shot 15:4775,4265,4750,4280,4520,4595,4275,4735,4680,4295,4350,4740,4320,4745,4720,4760,4465,4770,4575,4790,4755,4765,4780,4795,
Shot 16:4900,4925,4835,4910,4855,4875,4915,4905,4920,4895,
Shot 17:4965,4940,5160,5115,4950,5025,5060,4955,5035,4945,4975,
Shot 18:5470,5440,5770,5260,5705,5680,5300,5190,5415,5735,5635,5330,5240,5755,5670,5725,5425,5250,5375,5695,5320,5450,5225,5275,5715,5205,5430,5420,5390,5360,5245,5460,5410,5495,5315,5435,5455,5280,5445,5465,
Shot 19:5785,5885,5875,5845,5825,5795,5835,5780,5865,
Shot 20:5890,
Shot 21:5895,5900,
Shot 22:5950,5905,6000,5920,5915,5930,5995,5935,5910,5965,5940,6005,5945,5960,
