Shot 0:15,255,285,155,190,350,250,315,140,215,340,105,120,85,290,
Shot 1:360,
Shot 2:485,440,405,365,
Shot 3:530,585,535,
Shot 4:855,590,825,695,665,975,640,790,900,850,675,810,735,880,
Shot 5:1150,1035,1195,1340,1095,1255,1070,1020,1215,1350,1370,1065,1235,1050,1205,1185,1315,1260,1085,1230,1030,1060,1045,1025,1245,1330,1220,1360,1170,1125,
Shot 6:1390,1375,1400,1380,1385,1395,
Shot 7:1755,1565,1640,1495,1420,1685,1510,1555,1485,1460,1545,1575,1595,1435,1670,1730,1560,1500,1580,1540,1700,1455,1785,1650,1405,1635,1750,1770,1760,
Shot 8:1895,1930,1915,1925,1805,1875,1905,1885,1900,
Shot 9:1995,1950,1945,1980,
Shot 10:2040,2130,2210,2170,2275,2095,2125,2140,2195,2050,2025,2180,2075,2150,2250,2035,2065,2230,2255,2020,2280,
Shot 11:2305,
Shot 12:2325,2330,
Shot 13:2455,2595,2475,2685,2430,2370,2700,2350,2400,2605,2660,2630,2665,2500,2695,2335,2690,2635,2670,2525,2450,
Shot 14:2710,
Shot 15:2725,2755,2750,2790,2735,2715,2785,
Shot 16:2810,
Shot 17:2815,2840,2835,2855,
Shot 18:2860,
Shot 19:2865,
Shot 20:2870,2885,
Shot 21:2890,
Shot 22:2895,2925,2920,2900,
Shot 23:2945,2960,2935,2955,2965,
Shot 24:2970,2975,
Shot 25:2980,2985,
Shot 26:3025,3055,
Shot 27:3085,
Shot 28:3180,3105,3140,3135,3225,3090,3195,3110,3185,3170,3190,3165,
Shot 29:3235,3255,3230,3245,3240,3250,
Shot 30:3280,3260,3270,3275,3285,
Shot 31:3290,
Shot 32:3295,
Shot 33:3300,
Shot 34:3335,3345,3325,3340,
Shot 35:3350,3355,
Shot 36:3360,3365,
Shot 37:3370,3385,
Shot 38:3395,3400,3390,
Shot 39:3440,3435,3410,3460,3405,3415,3420,3455,
Shot 40:3490,3565,3545,3475,3500,3560,3480,3505,3485,3495,
Shot 41:3645,3735,3795,3710,3685,3730,3670,3780,3660,3630,3610,
Shot 42:3820,3805,3865,3810,3835,3850,3815,
Shot 43:3880,
Shot 44:3955,3985,3915,3935,3920,3925,3965,3950,4000,
Shot 45:4020,
Shot 46:4090,4025,4040,4100,
Shot 47:4160,4170,4110,4120,4155,
Shot 48:4220,4290,4260,4275,4300,4265,4175,4245,4195,
Shot 49:4345,4445,4440,4500,4395,4400,4390,4375,4310,4450,4355,4335,
Shot 50:4520,4505,4540,4510,
Shot 51:4675,5000,4985,5015,4860,5045,4575,4775,5025,4910,4970,4550,4715,5005,4635,4755,4925,5010,4950,4935,4800,4630,5020,4835,4880,4680,
Shot 52:5065,
Shot 53:5070,
Shot 54:5100,
Shot 55:5105,5130,
Shot 56:5135,5140,
Shot 57:5375,5440,5165,5275,5405,5195,5235,5320,5355,5415,5345,5390,5400,5360,5365,5380,
