Shot 0:25,45,
Shot 1:90,50,55,60,110,105,100,
Shot 2:320,115,130,255,315,
Shot 3:415,330,495,630,430,385,530,505,520,395,615,645,515,410,500,420,370,625,390,335,425,635,
Shot 4:655,
Shot 5:670,660,665,675,
Shot 6:680,685,
Shot 7:740,770,700,725,755,735,
Shot 8:815,825,870,925,940,905,795,890,885,800,910,880,855,865,845,785,835,820,
Shot 9:1005,1025,
Shot 10:1030,1040,
Shot 11:1265,1310,1055,1235,1115,1355,1385,1415,1145,1225,1475,1335,1205,1290,1230,1345,1100,1140,1365,1125,1350,1445,1340,1080,1135,1120,1190,1425,1130,1490,1065,1405,1375,1085,1395,1300,1470,1175,1250,
Shot 12:1620,1520,1565,1655,1640,1540,1600,1650,1585,1665,1630,1610,
Shot 13:1670,
Shot 14:1745,
