Shot 0:360,140,695,715,210,1140,60,180,295,95,5,1075,630,520,595,800,545,1030,875,1160,675,740,305,485,575,375,925,585,1055,345,490,425,395,
Shot 1:1185,1180,1190,
Shot 2:1195,
Shot 3:1205,1215,1210,1200,
Shot 4:1380,1415,1320,1270,1230,1435,1400,1485,1250,1280,1460,1470,1395,1245,1455,1405,1350,1410,1355,1360,1340,1305,1445,1390,1330,1345,1425,1300,1465,1325,1335,1255,1290,1365,1310,1220,1475,1275,1235,1265,1420,1385,1295,1375,1225,
Shot 5:1500,1495,1505,
Shot 6:1525,1510,1540,1520,1535,
Shot 7:1545,
Shot 8:1550,
Shot 9:1555,1560,
Shot 10:1565,1570,
Shot 11:1630,1655,1720,1610,1665,1675,1590,1700,1600,1690,1615,1605,1580,1710,1645,1620,1670,1715,1650,1660,1705,1685,1595,1585,1635,1625,
Shot 12:1730,
Shot 13:1780,1790,1805,1795,1785,
Shot 14:3375,2705,2355,1830,2620,3125,2080,2485,3450,3220,2310,1845,2605,1920,2670,2005,2245,2890,2590,1810,1945,1900,3015,2510,1820,1895,3085,3165,2225,2340,2025,2220,1960,3445,2100,2380,2295,2900,1825,1975,3285,2305,2545,2655,1850,1835,3435,2910,2330,2760,3150,3115,2050,2980,3420,3140,3250,3330,3160,3215,3055,2945,3130,3185,3405,
Shot 15:3455,
Shot 16:3730,3945,3460,4180,3680,3975,3630,4080,3860,4140,3955,4045,3485,3700,4105,3920,3590,3515,4090,3535,4120,4155,3800,3745,4200,3835,4325,3785,3870,4005,3760,4195,3655,3915,4345,3930,4030,3505,4145,
Shot 17:4395,4460,4550,4440,4455,4490,4445,4405,4350,4450,4420,4380,4465,4370,4390,4400,4570,
Shot 18:4965,4975,4585,4925,4695,4795,4720,4995,4615,4790,4765,4745,4855,4950,4710,4760,4705,4640,4735,4755,4825,4675,4785,4740,4635,4960,4700,4750,
Shot 19:5020,5010,5040,
Shot 20:5190,5355,5730,5055,5810,5645,5770,5700,5260,5515,5085,5130,5290,5575,5185,5470,5225,5045,5595,5635,5605,5680,5245,5535,5205,5455,5115,5615,
Shot 21:5910,5985,5845,6065,5950,5860,6090,6030,5930,5965,6010,6120,6045,5960,5890,5925,5905,5825,
Shot 22:6220,6125,6375,6400,6325,6300,6340,6345,6380,6175,6265,6245,6200,6235,6280,
