Shot 0:110,5,60,30,75,130,90,100,
Shot 1:275,345,145,210,325,235,175,250,165,330,320,195,155,225,340,135,310,255,185,315,245,265,290,205,305,260,
Shot 2:350,355,
Shot 3:410,365,360,435,370,430,375,425,420,415,395,405,
Shot 4:595,440,475,460,610,560,455,450,465,575,480,605,470,485,505,585,600,
Shot 5:930,795,650,840,750,850,635,665,845,855,620,715,685,630,640,960,725,705,645,675,735,950,655,680,940,690,920,895,
Shot 6:985,1000,995,970,980,
Shot 7:1120,1080,1025,1005,1205,1050,1100,1140,1015,1065,1040,1010,1150,1170,1090,1135,1045,1060,1020,1075,1130,1110,1085,1095,1125,1105,1115,
Shot 8:1220,
Shot 9:1240,
Shot 10:1285,
Shot 11:1370,1560,1425,1405,1390,1380,
Shot 12:1580,1590,1585,1575,
Shot 13:1600,1595,1605,
Shot 14:1630,1610,1620,1615,1625,1635,
Shot 15:1710,1665,1730,1690,1720,
Shot 16:1780,1735,1750,1765,1795,
