Shot 0:5,
Shot 1:135,
Shot 2:140,
Shot 3:145,
Shot 4:185,150,160,155,165,170,175,570,450,180,500,
Shot 5:605,
Shot 6:885,615,900,755,750,610,760,805,765,895,620,
Shot 7:1135,1350,975,1620,1200,1050,1195,1490,1340,1190,1485,1105,1045,1160,1055,1495,1145,1125,905,1175,1630,1085,1150,1140,1345,1165,1205,1120,910,
Shot 8:1645,1785,1635,1780,1730,1640,
Shot 9:1885,1890,1840,1790,
Shot 10:1905,2110,2005,2000,2010,1895,1935,
Shot 11:2215,2115,2255,2120,2235,2145,
Shot 12:2415,2405,2320,2260,2525,2400,2265,2470,2385,2520,2410,
Shot 13:2670,2760,2560,2530,2695,2535,2635,2745,2755,
Shot 14:2765,
Shot 15:2775,2970,2770,2875,
Shot 16:2985,2975,2980,3010,3115,
Shot 17:3130,3355,3240,3120,3450,3230,3340,3345,3235,3125,3190,3350,3225,
Shot 18:3535,3635,3815,3710,3595,3455,3760,3460,3600,3705,3485,3730,3715,3525,3465,3605,
Shot 19:3820,
Shot 20:3830,3925,3825,
Shot 21:3935,4040,4035,3930,4010,
Shot 22:4400,4090,4185,4180,4160,4135,4405,4120,4190,4365,4045,4215,4350,4195,4385,
Shot 23:4415,4635,4625,4615,4630,4710,4410,
Shot 24:4770,
Shot 25:4860,4990,4985,4775,4955,4780,4915,4975,4805,4895,4825,4855,
Shot 26:5010,5185,5140,5080,4995,5205,5020,5035,5000,
Shot 27:5210,
Shot 28:5240,5215,5430,5220,5290,
Shot 29:5440,5435,5580,
Shot 30:5590,5585,5725,5645,5615,5595,
Shot 31:6070,5730,6080,5735,6040,6075,6065,
Shot 32:6085,
