Shot 0:9,
Shot 1:90,99,
Shot 2:918,729,1008,792,756,981,
Shot 3:1251,1152,1107,1134,1161,1269,1071,1125,1215,1224,1143,1233,1278,1260,1197,1206,
Shot 4:1287,
Shot 5:1359,
Shot 6:1980,1890,1827,1863,2052,1908,1791,1845,1881,1935,1836,1854,1962,1998,
Shot 7:2295,2214,2223,2277,2268,2241,2232,2322,2286,
Shot 8:2376,2475,2538,2430,2331,2349,2403,
Shot 9:2592,2745,2556,
Shot 10:3096,3069,2961,3024,3258,3042,3429,2997,2979,3051,3033,3015,2970,3222,3240,2988,3204,3231,3159,3177,3213,3105,3249,3150,3411,3186,3087,3375,3402,3132,3114,3168,3294,3123,3078,3303,3420,3393,
