Shot 0:45,936,333,369,810,855,900,468,279,513,594,324,783,909,837,414,342,459,954,630,360,297,9,207,27,486,945,918,189,315,927,288,693,648,180,18,306,450,108,351,441,234,198,801,639,378,171,162,117,396,126,153,819,63,873,54,828,
Shot 1:981,963,999,972,990,
Shot 2:1017,1026,
Shot 3:1134,1251,1044,1179,1170,1161,1143,1125,
Shot 4:1287,1332,1305,
Shot 5:1341,1359,1350,
Shot 6:1377,1404,1368,1386,
Shot 7:1521,1557,1422,1494,
Shot 8:1584,1575,1593,
Shot 9:1602,1611,
Shot 10:1719,1620,1701,1656,1629,1674,1710,
Shot 11:1890,1764,1998,1926,1899,1908,
