Shot 0:9,18,
Shot 1:45,72,63,27,
Shot 2:117,225,243,153,90,171,252,207,126,216,99,198,108,
Shot 3:279,504,396,378,
Shot 4:567,576,
Shot 5:1584,1062,711,819,612,693,783,756,810,801,1602,1053,675,720,837,2025,729,738,1827,2007,1440,873,1413,1611,1800,
Shot 6:2547,2187,2385,2313,2232,2574,2268,2205,2466,2214,2520,2250,2430,2484,2304,2502,2223,2259,2565,2538,2493,2511,2277,2529,2556,2295,
Shot 7:2601,2691,2718,2664,2583,2619,2655,2610,
Shot 8:2763,
Shot 9:3807,3780,3825,3798,
Shot 10:3996,3915,3861,4041,3942,4050,4023,3987,4005,
Shot 11:4059,
