Shot 0:45,243,234,189,261,108,216,162,135,180,63,9,
Shot 1:378,288,306,369,387,396,
Shot 2:441,423,468,477,459,432,
Shot 3:513,567,
Shot 4:612,711,657,765,675,774,747,648,693,729,630,
Shot 5:783,
Shot 6:828,909,855,819,
Shot 7:1233,936,1017,999,1062,981,1008,1035,954,972,963,945,1251,1125,1242,1269,1179,1206,1089,1215,1278,1188,1116,1134,1224,
Shot 8:1314,1323,
Shot 9:1332,1413,1368,
Shot 10:1431,1422,1440,
Shot 11:1467,1476,1458,
Shot 12:1503,
Shot 13:1557,1530,1593,1512,1539,1584,1548,1566,
Shot 14:1629,1638,1620,
Shot 15:1647,1746,1710,
Shot 16:1764,1881,1890,1818,1872,1854,1845,1809,1836,1827,1755,1791,
Shot 17:1971,2097,2043,2133,1926,2025,2106,1962,2088,
Shot 18:2223,2142,2232,
Shot 19:2295,2349,2241,2331,2250,2322,2340,2313,2286,2358,
Shot 20:2385,2394,
Shot 21:2511,2610,2574,2475,2547,2484,2583,2529,2493,
Shot 22:2736,2871,2781,2673,2745,2763,2754,2799,2718,2772,2700,2835,
Shot 23:2943,2952,
Shot 24:2988,2961,3006,2970,2979,2997,
Shot 25:3015,
Shot 26:3024,
Shot 27:3033,3042,
Shot 28:3060,3051,3114,
