Shot 0:18,
Shot 1:927,27,495,1116,54,846,621,1107,
Shot 2:1125,
Shot 3:1953,1350,2295,1359,2268,1134,1998,1368,1962,1566,2286,
Shot 4:2358,2475,2412,2430,2421,2439,2349,2340,
Shot 5:3141,2484,4590,4257,2808,4617,2493,4563,3969,2943,4536,4248,2979,
Shot 6:4896,
Shot 7:4905,
Shot 8:5544,5274,5256,4914,4977,5418,5364,5400,4950,5265,5238,5409,4968,5391,5247,5382,5229,5220,
Shot 9:5643,
Shot 10:6246,6624,6885,6381,6669,5652,6606,6894,6363,5868,5670,5706,6660,6003,6390,5841,5697,5688,6705,6642,6678,5994,6651,6264,6372,5967,5805,6219,5661,5814,5985,6615,6309,5832,5715,6255,6210,6237,
Shot 11:7056,8307,6903,7632,7623,6912,6975,6939,6957,7641,7614,
