Shot 0:9,
Shot 1:324,216,243,270,360,225,297,414,288,234,333,306,
Shot 2:513,459,477,540,549,450,495,522,
Shot 3:729,1296,981,1152,900,1026,1215,1071,810,765,1188,684,1161,1143,1170,783,1197,567,1179,630,
Shot 4:1323,1350,1341,1314,1332,1305,
Shot 5:1404,1359,1467,1440,1458,1395,1413,
Shot 6:1656,1503,1746,1548,1530,1602,1512,1728,1485,1521,1629,1719,1494,1647,1674,1692,1737,
Shot 7:1773,1827,
Shot 8:1935,
Shot 9:1944,1953,
Shot 10:2079,2016,1989,2124,2034,2106,2115,2088,2097,1998,2070,
Shot 11:2160,2169,2133,
Shot 12:2277,2358,
Shot 13:2475,2502,2511,2457,2484,2466,
Shot 14:2520,
Shot 15:2556,
Shot 16:2565,2610,
Shot 17:4698,2952,3960,3861,5175,4077,3006,5211,2970,4122,4563,4419,5112,4473,3249,5265,5283,2880,3924,3339,4608,3132,4203,3771,5148,3195,3177,5229,4464,3168,4140,4509,4392,4581,4518,3159,3186,3141,3024,3204,3969,3870,3213,4590,3519,3618,4167,5004,3672,3123,3879,3456,3762,3573,3546,3942,3834,3699,3285,4095,5049,5274,3996,3438,4014,4950,4743,4005,3987,4644,
Shot 18:5652,5895,5976,5958,5346,6039,6057,5364,5823,6084,5319,6066,5634,5715,5355,5670,5616,5328,5724,5688,
Shot 19:6372,6228,6273,6408,6318,6399,6345,6309,6390,6363,6381,
Shot 20:6417,
