Shot 0:9,108,
Shot 1:396,513,540,450,495,369,531,441,459,432,522,423,405,387,567,477,378,549,414,
Shot 2:918,621,774,873,837,747,936,846,819,963,864,612,756,810,945,954,801,891,765,855,927,882,783,702,792,666,900,909,630,
Shot 3:1188,1341,972,1269,1107,1035,1359,1287,1233,1152,1224,1260,1170,1305,1125,1206,1278,1251,1215,1179,1323,1197,1350,1134,1116,1161,1242,1332,1314,1296,1143,
Shot 4:1431,
Shot 5:1458,1440,1449,1467,
Shot 6:1503,1494,1512,1485,1476,
Shot 7:1854,1530,2124,2250,2493,1701,2367,2205,1962,1521,2349,2430,2457,1539,2061,2520,2547,1953,2223,1566,2160,2277,2394,2313,1917,2106,2232,2142,1611,2187,1782,2376,2079,2340,1647,2295,2196,1935,2358,1548,2115,2151,2268,1836,2241,2088,2070,1899,2259,2133,2331,1881,1818,2178,2169,2286,1926,1863,1764,
Shot 8:2646,2781,2664,2817,2907,2700,2655,2565,2592,2871,2637,2880,2727,2691,2736,2628,2619,2583,
Shot 9:2934,
Shot 10:2961,3627,3069,3177,3051,3303,3105,3681,3087,3222,3141,3060,3231,3654,3312,3042,2943,
