Shot 0:81,243,9,180,207,144,63,117,99,225,36,135,171,108,162,72,153,18,54,90,27,45,
Shot 1:279,333,306,324,252,342,297,270,315,288,
Shot 2:351,
Shot 3:369,387,360,378,396,
Shot 4:423,486,441,459,468,477,450,405,432,414,
Shot 5:495,612,540,594,630,531,675,549,648,558,504,567,522,621,639,513,
Shot 6:765,801,819,846,792,693,
Shot 7:873,900,864,
Shot 8:909,927,
Shot 9:999,945,972,1008,990,
Shot 10:1026,1044,1062,1017,1053,1035,
Shot 11:1071,1080,
Shot 12:1089,
Shot 13:1098,1107,
Shot 14:1125,1161,1143,1116,
Shot 15:1197,1179,1188,1170,
Shot 16:1206,1215,
Shot 17:1314,1287,1233,1296,1269,1278,1251,1224,1242,1305,1323,
Shot 18:1341,1359,1350,1332,
Shot 19:1512,1476,1467,1440,1485,1494,1521,1503,
Shot 20:1548,1593,1530,1557,1566,1539,
Shot 21:1611,1620,
