Shot 0:54,72,9,18,45,63,
Shot 1:180,342,81,108,225,261,324,315,90,144,117,126,135,333,270,207,153,216,99,234,
Shot 2:738,693,774,441,369,657,576,612,531,684,702,765,486,513,621,585,720,423,729,756,747,
Shot 3:846,801,873,819,783,828,792,864,855,837,
Shot 4:918,990,1008,882,972,891,954,936,900,927,999,909,
Shot 5:1017,1026,
Shot 6:1485,1872,1107,2511,2331,1827,1917,1062,2142,1863,2295,1287,1890,1800,1044,1845,2493,1710,1179,1953,2223,1908,1665,1125,1386,2169,1881,1080,1098,1458,1773,2439,2250,1143,1836,1116,2412,1377,2043,1071,1755,1134,2349,2196,1818,2367,1413,2070,2304,1683,1089,1260,1575,2394,2016,1476,2277,1449,1215,2178,1035,1341,1152,1854,2160,2259,1188,1251,1548,1161,1368,2502,1809,1629,1899,1989,1053,1512,1791,1170,1278,1305,1926,1701,1602,2214,1503,1647,2340,1269,1530,2052,1566,1719,2358,2268,1935,1746,1971,1692,1620,1521,
Shot 7:2520,
Shot 8:2529,2538,
Shot 9:2565,2619,2601,2547,2592,2556,2574,
Shot 10:2646,2754,2691,2745,2718,2736,2682,2700,2655,2637,
Shot 11:2799,2763,2772,2781,2790,2808,
Shot 12:2853,2826,2817,2835,2844,
Shot 13:2880,2889,
Shot 14:2907,2925,2898,2943,2934,2916,
Shot 15:3078,2961,3006,3060,2970,2979,3024,2997,3042,3096,3051,3069,
Shot 16:3141,3105,3114,3132,
Shot 17:3150,
Shot 18:3168,3159,3177,
Shot 19:3195,3186,3204,
Shot 20:3213,
Shot 21:3222,
Shot 22:3348,3231,3267,3402,3240,3393,3321,3384,3294,3276,3375,3249,3339,3357,3258,
Shot 23:3411,
Shot 24:3420,
Shot 25:3465,3528,3501,3483,3429,3447,3510,3519,3492,3438,3537,3456,3474,
Shot 26:3546,
Shot 27:3555,3564,
Shot 28:3573,
Shot 29:3582,
Shot 30:3636,3609,3591,3690,3681,3627,3663,3618,3672,3645,3654,3600,
Shot 31:3789,4086,3978,4005,3942,3888,4059,3726,4032,3825,3708,3906,3924,3744,3879,3987,3753,3816,3735,3771,3951,3807,
Shot 32:4185,4113,4293,4131,4149,4275,4239,4212,4140,4257,4311,4302,4158,4221,4194,4167,4122,4284,4176,4104,
Shot 33:4356,4464,4428,4446,4473,4437,4392,4329,4410,4455,4374,4419,4338,4365,
Shot 34:4509,4491,4482,4500,
Shot 35:4527,4536,4518,4545,
Shot 36:4617,4959,4833,4878,4923,4716,4788,4761,4554,4860,4680,4941,4644,4752,4815,4734,4797,4599,4770,4563,4842,4725,4914,4689,4635,4572,4869,4806,4824,4779,4653,4887,4851,4743,4662,4590,4950,4608,
Shot 37:4977,4968,4986,
Shot 38:4995,5004,
Shot 39:5013,5022,
Shot 40:5031,
Shot 41:5067,5193,5148,5040,5220,5103,5211,5175,5202,5139,5085,5049,5076,5094,5058,
Shot 42:5310,
Shot 43:5319,
Shot 44:5328,5337,
Shot 45:5346,
Shot 46:5364,5382,5355,5373,
Shot 47:5391,
Shot 48:5400,
Shot 49:5427,5409,5418,5436,
Shot 50:5553,5463,5499,5445,5526,5454,5580,5562,5535,5472,5544,
Shot 51:5625,5607,5634,
