Shot 0:9,90,81,72,63,
Shot 1:180,369,279,207,450,351,306,126,288,297,144,324,162,171,
Shot 2:459,495,486,
Shot 3:540,585,
Shot 4:603,630,621,
Shot 5:648,675,
Shot 6:774,711,819,738,
Shot 7:864,846,855,873,
Shot 8:972,900,927,990,954,981,
Shot 9:1116,1017,1251,1044,1305,1341,1422,1143,1062,1449,999,1278,1080,1134,1098,
Shot 10:1881,1647,1773,1548,1701,1935,1800,1728,1818,1584,1755,1863,1845,1908,1917,1926,1890,1854,1872,1899,
Shot 11:1989,1953,2007,
Shot 12:2034,2088,2052,2106,2025,
Shot 13:2466,2115,2142,2502,2313,2457,2475,2493,
Shot 14:2826,2880,2745,2772,3159,2907,2583,3105,2853,2709,2529,2790,
Shot 15:3303,3222,3276,3312,
Shot 16:3321,
