Shot 0:162,567,531,675,495,396,657,702,513,54,612,720,342,243,549,45,225,522,639,252,711,198,486,504,234,666,81,540,126,180,189,144,153,621,171,18,
Shot 1:747,729,738,756,
Shot 2:765,792,
Shot 3:810,
Shot 4:828,
Shot 5:837,
Shot 6:846,855,
Shot 7:891,864,909,873,882,900,
Shot 8:972,918,999,936,963,
Shot 9:1044,1017,1026,1008,1071,1053,1035,
Shot 10:1080,
Shot 11:1098,1107,1089,
Shot 12:1125,1143,1134,1116,
Shot 13:1161,
Shot 14:1170,
Shot 15:1764,1746,1953,1890,1899,1719,1980,1908,1800,
Shot 16:2223,1998,2214,
Shot 17:2637,
Shot 18:2718,2781,2754,2772,2745,2682,2700,
Shot 19:3033,2799,3123,2844,3087,2961,2826,3096,3204,2817,2952,3150,3105,3078,2808,2880,2997,3168,2988,2835,3015,2862,3051,3141,3042,2853,3006,2979,3024,
Shot 20:3213,
