Shot 0:36,9,18,27,45,
Shot 1:135,
Shot 2:162,144,297,153,
Shot 3:495,306,459,315,477,468,333,630,486,621,324,
Shot 4:900,1125,639,972,801,657,963,990,810,819,648,954,
Shot 5:1134,
Shot 6:1152,1287,
Shot 7:1314,1620,1296,1476,1530,1467,1458,1485,1611,1305,
Shot 8:1629,
Shot 9:1836,1782,1638,1791,1800,1944,1647,
Shot 10:1980,1953,2133,1962,2124,2115,
Shot 11:2439,2610,2277,2466,2295,2457,2313,2448,2529,
Shot 12:2637,2952,3105,2799,2619,2790,2970,2943,2781,2934,3096,2628,2772,2961,
Shot 13:3114,
Shot 14:3132,3771,3438,3465,3609,3267,3276,3600,3627,3447,3294,3285,3555,3429,3762,3258,3177,3456,
Shot 15:3915,3933,3780,
Shot 16:3951,4122,3942,4257,4104,4095,
Shot 17:4428,4590,4446,4437,4284,4518,4311,
Shot 18:4608,4599,
