Shot 0:45,54,9,
Shot 1:63,72,
Shot 2:333,225,261,369,108,234,306,288,81,198,378,351,297,342,279,243,252,324,270,315,360,
Shot 3:396,441,450,432,423,405,
Shot 4:477,459,468,486,
Shot 5:504,495,513,
Shot 6:576,639,612,522,594,531,603,549,621,630,585,567,
Shot 7:693,738,648,720,675,747,711,729,684,702,657,
Shot 8:774,756,783,765,
Shot 9:828,864,792,846,810,
Shot 10:900,1017,873,1008,882,990,954,891,918,
Shot 11:1026,
Shot 12:1161,1035,1431,1251,1368,1044,1314,1404,1215,1350,1269,1395,1116,1224,1053,1188,1233,1323,1359,1179,1206,1386,1062,1242,1089,1278,1143,1305,
Shot 13:1449,1458,1467,1440,
Shot 14:1557,1476,1485,1584,1575,1602,1494,1593,1566,1521,1503,
Shot 15:1764,1692,1728,1791,1737,1782,1773,1746,1755,1800,
Shot 16:1809,
Shot 17:1908,1854,2052,1944,1818,2007,1881,2079,1872,1890,2043,2061,1863,1926,2070,2034,1899,1998,1917,
Shot 18:2106,2115,2097,
Shot 19:2124,
Shot 20:2160,2133,2178,2142,2169,2151,
Shot 21:2196,2259,2304,2241,2322,2214,2277,2268,2250,2295,2313,2223,2232,2205,2187,
Shot 22:2358,2376,2331,2340,2367,2349,
Shot 23:2412,2385,2394,2439,2403,
Shot 24:2457,
Shot 25:2466,
Shot 26:2556,2475,2511,2502,2529,2574,2520,2583,2547,
Shot 27:2592,
Shot 28:2610,2601,2619,
Shot 29:2655,2628,2637,2646,
