Shot 0:153,216,18,72,90,9,54,207,108,81,189,45,117,27,180,99,126,135,171,198,144,
Shot 1:351,360,333,
Shot 2:396,369,378,387,405,
Shot 3:495,414,558,441,531,423,504,549,432,513,477,459,540,486,522,
Shot 4:603,594,612,
Shot 5:621,
Shot 6:702,
Shot 7:801,
Shot 8:954,936,963,945,
Shot 9:990,972,999,981,
Shot 10:1026,1071,1044,1053,1008,1062,1017,
Shot 11:1080,1089,
Shot 12:1386,1116,1098,1143,1188,1224,1368,
Shot 13:1620,1701,1548,1665,1602,1503,1638,1674,
Shot 14:1755,
Shot 15:2070,
Shot 16:2520,2583,2538,2529,
Shot 17:2718,2799,3078,2862,
Shot 18:3195,3114,3312,3132,3168,3267,3150,3240,3222,3285,3186,3123,3177,3321,3231,3204,3303,3213,3276,3258,3159,3249,
Shot 19:3528,3618,3375,3402,3600,3330,3636,3420,3609,3366,3465,3384,3564,3438,3411,3546,3591,
Shot 20:3672,3645,3654,3681,3708,3663,
Shot 21:3726,3735,
Shot 22:3762,3744,3753,
Shot 23:3816,3798,3771,3789,3807,
Shot 24:3834,3843,3852,3825,3861,
