Shot 0:198,54,18,9,72,225,90,45,270,108,63,333,27,252,144,216,288,126,162,306,207,189,
Shot 1:360,468,423,351,
Shot 2:540,549,
Shot 3:900,1044,
Shot 4:1701,1836,1620,1755,1818,1638,1683,1656,1611,1791,1629,1773,1737,1719,1647,1674,1746,1692,1827,
Shot 5:1854,1845,1863,
Shot 6:1881,1899,1872,1890,
Shot 7:1908,
Shot 8:1998,2043,1935,2034,1917,1953,1962,
Shot 9:2052,2061,
Shot 10:2439,
Shot 11:2637,
Shot 12:2691,2745,2682,
Shot 13:3159,2979,2916,3024,2952,2997,2943,2988,3033,2754,2970,3141,2961,2817,
Shot 14:3672,3582,3330,3753,3438,3240,3384,3564,3357,3654,3294,3627,3735,3501,3312,3708,3546,3663,3744,3600,3519,3699,3645,3690,3681,3726,3717,3528,3555,3609,3618,
Shot 15:3879,3915,3897,3888,3861,
Shot 16:4014,4302,4194,4167,3960,3978,3969,4050,3951,
