Shot 0:27,9,18,
Shot 1:45,
Shot 2:54,
Shot 3:1170,855,1080,1098,1116,864,1107,1134,1089,1143,873,1179,1152,
Shot 4:1467,1197,2115,2403,2178,1764,2322,1818,2133,2367,3429,1800,2304,2313,1836,1773,2223,2196,2124,2358,2142,1449,1755,1251,2376,1188,1215,1242,1224,2331,3420,1260,1233,2016,1206,2439,
Shot 5:3447,3609,3438,3591,3510,
Shot 6:3636,3708,3618,3663,3645,3627,
Shot 7:4194,4248,3897,4221,3915,3978,4239,4023,4203,3924,4212,4230,3906,4302,
Shot 8:4752,4527,4545,4743,4536,4734,4770,
Shot 9:4995,4977,5292,4986,
Shot 10:5319,5850,5301,5391,5337,5310,5328,
Shot 11:5868,5877,5859,
Shot 12:5886,
Shot 13:5958,5895,5967,
Shot 14:6057,6066,
Shot 15:6192,6183,6201,
Shot 16:6912,
