Shot 0:9,18,
Shot 1:378,162,288,54,81,432,27,108,477,207,
Shot 2:792,738,684,900,981,927,999,522,945,819,972,774,693,711,864,963,756,648,783,549,675,765,918,810,
Shot 3:1035,1008,1017,1053,1026,1062,1044,
Shot 4:1089,1071,1080,1098,
Shot 5:1107,
Shot 6:1116,
Shot 7:1134,1125,1143,
Shot 8:1170,1152,1161,
Shot 9:1179,
Shot 10:1215,1251,1233,1188,1269,1197,1260,1224,
Shot 11:1278,
Shot 12:1287,1305,1296,
Shot 13:1314,
Shot 14:1332,1368,1341,1323,
Shot 15:1386,1377,1395,
Shot 16:1404,1413,
Shot 17:1440,1710,1422,1701,1431,
Shot 18:1971,1728,1827,1764,1719,1746,1962,1782,1926,1818,2052,1836,1980,
Shot 19:2223,2151,2304,2160,2331,2169,2295,2178,2142,2268,2322,2313,2205,2187,2340,2241,2232,
Shot 20:2367,2430,2349,2421,2385,2358,2394,2376,
Shot 21:2439,
Shot 22:2448,2457,
Shot 23:2574,2484,2502,2466,2529,2556,2511,2520,2538,2475,2565,2493,2583,
Shot 24:2691,2763,2772,2727,2601,2736,2781,2628,2754,2592,2718,2655,2709,2673,2637,
Shot 25:2790,2799,
Shot 26:2835,2817,2826,2808,2844,
Shot 27:2871,2880,2853,2862,
Shot 28:2916,2898,2889,2925,
Shot 29:2961,2934,2970,2943,2952,2988,
