Shot 0:36,9,45,
Shot 1:594,243,
Shot 2:972,1089,810,783,855,828,1134,
Shot 3:1305,
Shot 4:1377,
Shot 5:1458,
Shot 6:1773,1818,1548,1971,2097,1557,1566,1665,1962,1809,1737,1494,
Shot 7:2583,3708,3627,3348,3285,2943,3168,2637,2511,3195,2673,2331,2871,2997,2610,2475,3375,3411,3465,2430,3582,2691,3141,2556,2763,2916,2376,3096,2241,3492,2628,2655,2808,2619,2565,2727,2529,2601,
Shot 8:3915,3969,
Shot 9:4743,4896,4833,4626,4041,4185,4914,4509,4563,4860,4077,4707,4788,4536,4347,4851,4122,4104,4599,4869,4725,4887,4770,
Shot 10:5103,4932,5085,5337,5472,4941,5094,5283,5220,5076,5112,
Shot 11:5508,
Shot 12:5553,5544,5607,
Shot 13:5616,5625,
