Shot 0:9,72,
Shot 1:459,306,243,360,162,135,324,279,441,414,207,387,261,351,423,234,171,396,378,315,342,288,468,
Shot 2:477,531,
Shot 3:819,630,549,621,756,
Shot 4:990,954,972,963,999,
Shot 5:1107,1035,1062,1080,1044,1071,1134,1026,1098,
Shot 6:1332,1683,1197,1242,1539,1692,1287,1386,1458,1503,1368,1269,1152,1314,1350,1323,1161,
Shot 7:1701,
Shot 8:1710,
Shot 9:1728,1872,1764,1746,1719,1755,1737,
Shot 10:1998,2025,
Shot 11:2133,2169,2034,2151,
Shot 12:2403,2304,2448,2349,2376,2223,2322,2367,2439,2385,2358,2457,2394,2340,2430,2421,
Shot 13:3600,2970,3141,2466,2781,3573,3528,
