Shot 0:9,
Shot 1:81,
Shot 2:243,270,99,261,198,216,252,207,
Shot 3:279,
Shot 4:306,
Shot 5:315,
Shot 6:648,
Shot 7:945,
Shot 8:1062,972,954,963,
Shot 9:1125,
Shot 10:1737,1161,1575,
Shot 11:1980,3861,2196,4158,2457,2187,3978,2205,2223,3834,2844,3843,3879,3816,2214,4113,3951,2169,3906,2268,2160,2754,4014,3897,3996,3294,3924,4059,3807,2250,3933,3780,3681,2124,1746,3987,4077,3735,1863,3969,2826,4041,4023,4068,2358,2232,4086,2880,2142,3762,4104,2493,3798,1800,2412,4122,3114,1755,3888,2916,1881,1899,1836,3285,3240,2133,
Shot 12:4221,4185,4167,4212,4230,
Shot 13:4257,4302,4239,4293,4284,4311,4266,4248,
Shot 14:4338,4329,4320,
Shot 15:4428,4662,4590,4356,4518,4608,4545,4752,4482,4392,4581,4464,4563,4536,4455,4401,4374,4500,4734,4365,4698,4509,4446,4347,4491,4716,4419,
