Shot 0:18,45,27,9,36,
Shot 1:72,108,90,54,99,81,63,
Shot 2:135,117,153,126,144,
Shot 3:162,171,
Shot 4:180,189,
Shot 5:198,207,
Shot 6:216,225,
Shot 7:234,243,
Shot 8:270,261,279,
Shot 9:297,387,432,414,369,396,378,324,351,405,360,423,342,306,315,288,
Shot 10:495,450,558,531,468,540,441,459,522,549,477,504,486,
Shot 11:630,567,585,576,603,594,612,648,639,
Shot 12:693,666,702,684,
Shot 13:711,720,
Shot 14:864,1008,945,765,1053,729,837,792,990,819,900,1026,918,963,1017,738,954,756,783,891,855,909,999,846,1035,882,747,972,873,774,936,828,981,810,
Shot 15:1188,1116,1062,1071,1089,1143,1224,1170,1125,1206,1080,1134,1107,1152,1098,1179,1197,
Shot 16:1341,1278,1323,1359,1350,1332,
Shot 17:1476,1620,1377,1665,1548,1368,1512,1584,1647,1575,1449,1413,1656,1602,1386,1530,1566,1440,1494,1395,1503,1638,1422,1458,1557,1485,1467,1629,1404,
Shot 18:1674,
Shot 19:1701,1683,1719,1692,1710,
Shot 20:1728,1737,
Shot 21:1746,1755,
Shot 22:1764,
Shot 23:1809,1899,1773,1845,1863,1926,1827,1782,1908,1872,1854,1881,1917,1836,1818,1800,
Shot 24:1935,
Shot 25:1944,1953,
Shot 26:1962,
Shot 27:2007,1971,1980,1989,2025,1998,2016,
Shot 28:2043,2052,2034,
Shot 29:2061,2070,
Shot 30:2079,
Shot 31:2115,2142,2088,2133,2097,2124,2106,
Shot 32:2151,2160,
Shot 33:2169,2178,
Shot 34:2187,
Shot 35:2196,
Shot 36:2223,2205,2250,2214,2232,
Shot 37:2268,2286,2277,2259,
Shot 38:2322,2340,2295,2304,2331,2313,
Shot 39:2403,2367,2385,2412,
Shot 40:2421,
Shot 41:2439,2430,2448,
Shot 42:2457,
Shot 43:2466,
Shot 44:2565,2475,2619,2601,2511,2538,2493,2547,2592,2484,2529,2610,2502,2556,2583,2520,2574,
Shot 45:2637,2628,2646,
Shot 46:2970,2682,2736,2844,2664,3015,2673,2898,2709,2655,2808,2691,2718,2871,2997,2700,2943,2790,2826,3006,2925,2907,2754,2745,2952,2727,2763,2988,2862,2880,2934,2961,2979,2772,
Shot 47:3051,3087,3069,3033,3060,3042,3078,
Shot 48:3114,3096,3123,3105,
Shot 49:3132,
Shot 50:3141,
Shot 51:3195,3150,3168,3159,3222,3186,3204,3213,
Shot 52:3249,3285,3267,3258,3276,3240,
Shot 53:3294,
Shot 54:3303,
Shot 55:3312,
Shot 56:3357,3321,3330,3339,3348,3366,
Shot 57:3384,3402,3375,3393,
Shot 58:3465,3411,3420,3438,3501,3483,3492,3474,3456,3429,
Shot 59:3528,3546,3537,3519,
Shot 60:3573,3609,3591,3600,3582,3564,
Shot 61:3618,3636,3627,
Shot 62:3654,3645,3663,
Shot 63:3672,3681,
Shot 64:3717,3690,3726,3699,3708,
Shot 65:3753,3735,3771,3744,3762,
Shot 66:3789,3816,3807,3798,3780,
Shot 67:3924,3825,3852,3870,3834,3888,3906,3951,3879,3933,3915,3897,
Shot 68:4122,3960,4176,4068,4158,3996,3969,4140,4041,4104,3978,4149,3987,4023,4113,
Shot 69:4302,4230,4338,4266,4320,4284,4248,
Shot 70:4446,4347,4401,4491,4383,4410,4356,4419,4473,4374,4365,4392,4428,4464,
