Shot 0:207,117,153,9,648,540,594,468,90,513,297,567,135,126,180,54,603,639,531,261,279,27,108,162,225,189,63,18,
Shot 1:783,1017,1026,675,909,747,711,864,810,
Shot 2:1053,1035,1044,
Shot 3:1107,1062,1089,1080,1098,1116,1125,
Shot 4:1134,1143,
Shot 5:1152,1161,
Shot 6:1170,1179,
Shot 7:1233,1188,1269,1251,1197,1215,1242,1260,1224,
Shot 8:1296,1575,1278,1539,1521,1557,1287,1503,1593,1566,1305,
Shot 9:2979,2358,3474,2466,1971,2592,2538,2502,3240,2547,2646,2511,2574,3114,2781,2493,2475,2565,2682,2916,2610,3339,2484,2007,2628,2844,3033,2583,2457,2520,3141,2736,3015,3429,3078,2223,2556,3051,3276,2619,2799,2664,1791,2421,2907,3096,2889,3384,2934,2601,2754,2529,2925,3060,2718,2997,2295,2862,1989,3447,2637,3483,2952,2700,3258,3069,2898,2772,3321,1782,3357,1800,2880,3465,3438,2016,3456,
Shot 10:3492,
