Shot 0:351,9,171,153,270,216,180,378,162,198,369,279,261,243,306,324,225,315,288,342,
Shot 1:423,396,387,441,414,432,
Shot 2:459,558,513,486,540,531,468,450,
Shot 3:585,621,603,594,576,
Shot 4:657,630,639,648,
Shot 5:675,684,666,
Shot 6:693,702,
Shot 7:711,729,720,
Shot 8:765,738,747,774,756,
Shot 9:873,783,837,801,819,846,864,882,
Shot 10:936,954,891,909,900,945,927,
Shot 11:963,1188,
Shot 12:1530,1755,1584,1656,1818,1728,1611,1287,1440,1737,1251,1800,1323,1782,1377,1350,1701,1332,1422,1575,1359,1485,1647,1629,1548,1341,1593,1674,1395,1413,1512,1557,
Shot 13:1863,
Shot 14:2043,2061,
Shot 15:2079,2070,2088,
