Shot 0:9,18,
Shot 1:36,
Shot 2:99,207,153,45,
Shot 3:342,351,
Shot 4:2223,2439,2421,648,2403,2430,792,2412,828,2385,2358,1917,1737,2313,1971,1278,2160,1863,2178,2115,2061,1071,2133,2088,1494,1062,2052,2169,1107,2034,2106,2016,2196,2070,2142,2232,2151,2187,1143,2097,2043,1980,2214,2007,1989,801,2205,1998,2025,2079,1125,1098,855,1116,657,1485,
Shot 5:2457,2466,2448,
Shot 6:2484,2502,2493,2475,
Shot 7:2547,2520,2709,2511,2574,2637,2700,2529,2727,2718,2565,2610,2538,2556,
Shot 8:2871,2934,2736,2754,2898,2763,2808,
Shot 9:2997,3006,
Shot 10:3186,3366,3213,3087,3150,3285,3222,3231,3240,3159,3132,3168,3204,3177,3195,
Shot 11:3753,3942,3528,3501,3807,3645,3519,3897,3465,3690,3870,3933,3906,3681,3915,3924,3699,3663,3798,3735,3717,
Shot 12:3951,3978,
Shot 13:4005,
Shot 14:5085,4041,4059,4050,4068,4509,4113,4185,6426,4158,4140,5769,4527,5508,5832,4590,4167,5274,5607,4086,4626,4635,4149,5904,4194,4365,4815,4275,6066,5409,4617,4221,5211,6174,4779,4203,4680,4095,4833,4257,5382,5490,6120,5166,5202,5094,5391,4599,6417,5139,4743,5895,4824,5121,5184,4581,5886,4950,4797,5175,5130,4266,5013,5193,5400,5148,
