Shot 0:414,9,954,468,927,945,423,405,432,936,
Shot 1:1152,1089,1053,1197,1107,1071,1170,1116,1062,1125,1206,
Shot 2:1251,1278,1305,1287,1296,1269,1233,1260,1242,
Shot 3:1323,1332,1314,
Shot 4:1404,1368,1341,1431,1359,1377,1422,1350,1386,1413,
Shot 5:1476,1503,1494,1440,1458,1485,1467,
Shot 6:1719,1899,1575,1827,1800,1512,1917,1656,1872,1782,1683,1818,1530,1674,1845,1863,1755,1638,1701,1836,1548,1737,1620,1593,
Shot 7:1944,1926,1935,
Shot 8:1953,
Shot 9:1962,1971,
Shot 10:1980,1989,
Shot 11:1998,2007,
Shot 12:2043,2052,2034,2025,2016,
Shot 13:2412,2124,2241,2070,2106,2160,2313,2286,2358,2115,2142,2457,2268,2295,2196,2331,2439,2376,2394,2079,2151,2421,
Shot 14:2601,2484,2520,2565,2502,2628,2592,2610,
Shot 15:2664,2754,2736,2772,2673,2727,2691,2646,2709,2745,2655,2763,
Shot 16:2880,2961,2808,2790,2934,2844,2898,2835,2799,2862,2916,2889,2970,2817,2907,2943,2871,2853,2925,
Shot 17:2979,2988,
Shot 18:3015,2997,3006,
Shot 19:3033,3024,3042,
Shot 20:3060,3078,3051,3069,
Shot 21:3123,3087,3096,3105,3114,3132,
