Shot 0:135,9,99,216,117,81,171,
Shot 1:819,315,360,1116,387,351,1026,369,909,1098,981,1053,864,882,900,414,810,837,891,990,828,1017,1035,
Shot 2:1143,1251,
Shot 3:1530,1386,1647,
Shot 4:2592,1656,2925,2709,2988,2133,2763,2790,3051,2646,2673,2700,2628,2160,2781,2106,3087,2745,2682,2871,2142,2943,2835,2664,3015,3033,2124,2907,3069,2214,2232,2439,
Shot 5:4248,3105,3780,3492,3330,3861,3600,4329,3222,4014,4104,3483,3267,4149,3690,3807,4095,4041,4059,4122,4194,3753,3942,3654,3555,3708,4302,3186,4284,3636,3411,3582,3564,3204,4221,3150,
Shot 6:4437,4509,4455,4365,4473,4401,4383,4410,4446,
Shot 7:4617,4842,4518,4662,4779,
Shot 8:5805,4896,6021,6219,5229,5184,6084,5967,5445,5310,5391,6318,6345,5985,6012,6057,5940,5382,5454,6372,5994,6102,6255,5139,5508,6399,5220,5949,6300,6183,5436,6147,6336,6381,5346,6408,6237,5193,5166,5283,6390,5211,5247,5292,
Shot 9:6534,6417,6642,6588,6723,6498,6570,6525,6768,
Shot 10:6804,
Shot 11:6867,
