Shot 0:315,27,774,612,558,216,585,540,243,765,9,1224,225,549,36,
Shot 1:1422,1611,1602,1620,1557,1584,1629,1440,1575,1305,1386,1233,1359,1566,1395,1377,1413,1404,
Shot 2:1656,1638,1683,1647,1665,
Shot 3:1701,
Shot 4:1746,1782,1719,1773,1737,1710,1764,1728,1755,
Shot 5:1836,1809,1881,1800,1872,1863,1818,1854,1827,
Shot 6:1890,1953,1935,1917,1926,1908,1899,
Shot 7:1962,1971,
Shot 8:2034,1998,2043,2007,1980,1989,2016,
Shot 9:3303,4356,3042,2286,2349,2385,2061,2367,2529,2673,2088,2322,2421,2133,2097,3429,2556,2277,2250,2052,2079,3060,2205,2412,2196,2142,2520,2223,2070,2565,2619,2547,2232,3240,2187,2214,2664,3051,2268,2574,3222,2241,2646,3168,2538,3258,2583,2259,3105,3069,3213,3420,3249,3267,3195,3276,
