Shot 0:9,
Shot 1:126,18,45,36,27,54,72,90,108,153,63,99,144,81,117,135,
Shot 2:288,387,306,351,198,162,225,342,405,360,180,252,297,
Shot 3:972,576,639,1017,693,621,657,450,630,792,549,765,729,513,414,846,675,927,747,819,1008,486,882,423,945,711,774,828,567,540,756,810,585,468,891,864,954,999,837,432,783,918,981,963,
Shot 4:1080,1044,1026,1098,1062,1053,1089,1071,1035,
Shot 5:1323,1512,1494,1134,1485,1107,1170,1440,1188,1233,1260,1359,1179,
Shot 6:1548,1521,1530,1620,1539,1557,
Shot 7:1719,1638,1863,1908,1629,1683,1800,1755,1890,1854,1701,1665,
Shot 8:2043,1917,2142,1962,2079,2133,
Shot 9:2232,2349,2421,2151,2394,2196,2214,2259,
Shot 10:2466,2574,2556,2565,2538,2583,2439,2529,2430,2457,
Shot 11:2601,2610,
Shot 12:2673,2619,2637,2664,2646,2628,2691,
Shot 13:2799,2754,2700,
Shot 14:2943,2862,2997,
Shot 15:3006,3141,3159,3150,3123,3042,3060,3015,
Shot 16:3303,3177,3231,3240,3249,3339,3186,3267,3330,3276,3285,3321,3168,3312,
Shot 17:3357,
