Shot 0:36,81,9,72,18,63,27,45,
Shot 1:90,
Shot 2:99,
Shot 3:108,117,
Shot 4:126,
Shot 5:135,144,
Shot 6:171,153,162,
Shot 7:180,252,198,
Shot 8:432,279,459,486,441,
Shot 9:540,567,549,522,
Shot 10:648,594,612,819,756,621,846,783,738,702,801,630,774,720,666,639,
Shot 11:981,918,972,
Shot 12:990,
Shot 13:999,1008,
Shot 14:1017,1026,
Shot 15:1053,1035,1044,
Shot 16:1134,1080,1116,1071,1152,1125,1143,1107,
Shot 17:1161,1179,
Shot 18:1188,
Shot 19:1197,1206,
Shot 20:1215,1224,
Shot 21:1395,1242,1260,1332,1314,1422,1377,1440,1431,1386,
Shot 22:1503,1458,1476,1485,
Shot 23:1548,1566,1521,
Shot 24:1575,
Shot 25:1584,
Shot 26:1593,
Shot 27:1602,
Shot 28:1611,1620,
Shot 29:1629,1656,1638,
Shot 30:2133,2295,1854,2268,1665,1719,1980,2250,1773,2277,2052,1674,1926,1692,2259,1746,2196,1881,2097,1701,2070,1683,1944,2160,1863,1764,1737,1836,1755,2286,1899,1728,1971,1917,2115,2340,1845,2241,2142,2169,2151,2322,2124,2304,2313,
Shot 31:2367,2466,2439,2457,2421,2430,2448,2412,2403,
Shot 32:2700,2907,2484,2808,2556,2592,2529,2844,2574,2646,2916,2610,2565,2880,2583,2781,2817,2799,2673,2736,2628,2826,2601,2754,2853,2619,2709,2835,2691,2763,
Shot 33:2988,3132,2925,3069,2934,3024,2943,3105,3051,3087,2997,2979,3123,3042,
