Shot 0:36,9,198,144,99,171,153,117,27,126,54,81,135,180,
Shot 1:315,477,468,216,594,234,207,540,252,576,585,558,486,495,279,567,369,522,414,396,387,441,261,297,360,531,333,
Shot 2:693,864,837,648,738,846,819,756,783,711,855,720,801,747,792,612,810,828,774,729,675,666,639,630,621,603,684,
Shot 3:873,
Shot 4:882,1773,
Shot 5:2025,2079,1926,1953,2070,2106,
Shot 6:2700,2520,2448,2754,
Shot 7:2979,3285,3078,3150,3141,2772,3465,3105,2799,3123,3258,3114,3213,3069,3060,3132,2790,3087,2781,3276,3294,3231,3249,3267,3051,2808,3042,2907,3168,2835,2916,2871,2925,2880,2934,2943,2898,2817,3015,3195,3240,2844,2889,3222,2970,2862,3006,2961,3204,3033,2952,2997,2988,
Shot 8:3474,
Shot 9:3591,4023,3582,4014,3600,
