Shot 0:9,
Shot 1:360,342,351,
Shot 2:369,
Shot 3:414,459,378,450,423,
Shot 4:468,
Shot 5:513,585,
Shot 6:711,819,990,972,882,657,918,1017,765,945,873,891,747,720,
Shot 7:1404,1035,1710,1134,1161,1413,1197,1647,1089,1656,1368,1386,1305,1260,1395,1377,1692,1170,1719,
Shot 8:1755,1728,1764,
Shot 9:1818,
Shot 10:1854,
Shot 11:1881,
Shot 12:1962,
Shot 13:2475,3645,3231,3285,3897,3105,3159,2502,2367,3411,2583,2664,3672,3591,3528,2133,2538,3618,3447,3033,2223,2808,3555,2556,2322,2745,3024,3150,2376,3087,2655,2619,2412,3816,2646,3123,2484,2466,3474,3240,3222,
