Shot 0:9,
Shot 1:315,27,666,414,432,495,405,567,36,711,612,738,423,477,684,369,81,441,117,243,342,333,216,225,144,45,54,252,198,360,108,324,279,
Shot 2:936,783,1107,1008,801,792,846,774,873,819,999,972,909,963,
Shot 3:1143,1197,1134,
Shot 4:1206,1224,1242,1215,
Shot 5:1251,1260,
Shot 6:1314,1269,1323,1305,
Shot 7:1350,1332,
Shot 8:1386,1440,1404,1395,
Shot 9:1791,1449,1647,1845,1701,1917,1656,1566,1827,1872,1809,1755,1710,1674,1764,1854,
Shot 10:2151,1953,2205,1971,2187,2088,2169,1980,2160,2142,
Shot 11:2772,2277,2880,2385,2628,2817,2493,2826,2565,2448,2709,2682,2727,2799,2808,2439,2790,2871,2736,2700,2619,2349,2781,
Shot 12:3069,2988,3132,2916,3357,3213,2997,2961,3105,3267,3222,3042,3195,3240,3114,3123,3150,3033,3051,3087,
Shot 13:4149,3744,
Shot 14:5112,4689,4806,5040,4887,5166,5085,5139,5103,4878,
Shot 15:5310,5328,5373,5247,
Shot 16:5436,5580,5607,5544,5490,
Shot 17:6021,6183,5814,5616,6102,
