Shot 0:36,9,18,72,54,27,45,
Shot 1:144,108,162,117,126,99,153,
Shot 2:270,207,171,216,279,
Shot 3:288,
Shot 4:360,369,
Shot 5:387,405,396,378,
Shot 6:432,459,414,441,423,450,
Shot 7:477,468,486,
Shot 8:531,504,540,522,
Shot 9:801,693,558,612,585,648,630,603,675,576,567,720,765,774,783,828,
Shot 10:963,918,990,900,945,891,936,909,954,
Shot 11:1053,1017,1035,1062,
Shot 12:1170,1278,1251,1260,1242,1233,1269,1116,1152,
Shot 13:1359,1404,
Shot 14:1458,1566,1530,1503,1431,1476,1449,
Shot 15:1638,1674,1584,
Shot 16:1998,1737,1890,2034,1962,1755,
Shot 17:2169,2061,2079,2106,2142,2196,2070,2160,2241,2187,2151,
