Shot 0:72,207,9,144,45,180,18,162,171,117,54,36,27,90,63,
Shot 1:225,243,
Shot 2:324,
Shot 3:432,540,
Shot 4:675,576,621,801,666,
Shot 5:828,855,819,
Shot 6:891,
Shot 7:1053,1161,972,1071,1008,1026,900,
Shot 8:1395,1278,1638,1197,1503,1224,1629,
Shot 9:1773,2322,2016,1926,2295,2421,2106,2115,1980,1872,2079,1899,1827,
Shot 10:2736,2520,2628,2745,
Shot 11:3006,2898,2934,2979,
Shot 12:3024,3078,3042,3015,
Shot 13:3096,
Shot 14:3429,3159,3105,3132,3177,3195,3168,3150,3141,3114,3474,3321,3294,3456,3267,3465,3384,
