Shot 0:9,
Shot 1:18,
Shot 2:27,
Shot 3:54,36,63,45,
Shot 4:72,
Shot 5:81,90,
Shot 6:108,135,117,126,99,
Shot 7:171,207,144,153,198,189,162,180,
Shot 8:225,252,243,234,216,
Shot 9:261,270,
Shot 10:306,279,315,297,
Shot 11:342,351,
Shot 12:360,621,549,495,405,522,486,612,450,531,576,387,423,468,441,558,378,513,585,396,414,477,540,504,432,459,369,
Shot 13:639,702,711,693,675,666,729,648,657,720,684,630,
Shot 14:747,756,738,
Shot 15:783,765,792,774,
Shot 16:801,
Shot 17:918,927,909,
Shot 18:1116,1368,1278,1269,1350,1287,1341,1251,1359,1305,1296,1323,1260,1242,1314,1332,1044,1224,1215,1197,1143,1233,1098,1125,1134,1089,1062,1152,
Shot 19:1413,1386,1377,1395,1440,1449,1458,1404,1422,
Shot 20:1854,1485,1566,1638,1917,1881,1836,1629,
