Shot 0:243,9,792,783,774,729,612,585,351,405,711,360,648,531,747,765,576,603,495,378,666,720,675,270,180,297,216,108,702,
Shot 1:918,801,1080,837,1125,1026,1071,819,873,891,1089,972,1116,1053,999,981,909,1098,990,1107,927,1044,
Shot 2:1134,
Shot 3:2052,1287,1431,2205,1359,1494,1386,1161,1647,1242,2007,1368,1269,1881,1773,2178,1323,1503,1143,1854,1962,1350,1404,1710,1233,2187,1530,1557,1341,1260,1152,2142,1764,1809,1908,1728,1818,1989,1611,1890,1836,2034,2115,1521,2016,2169,2088,2196,1980,1944,2070,2043,1827,2124,2151,
Shot 4:2214,2232,
Shot 5:2250,
Shot 6:2259,2268,
Shot 7:2277,2286,
Shot 8:2385,
Shot 9:2394,
