Shot 0:261,135,9,81,207,297,
Shot 1:360,306,432,
Shot 2:549,441,612,702,567,450,531,504,594,558,
Shot 3:2187,3186,3429,3222,1719,2907,729,3600,1872,1161,1818,810,2934,2871,2529,1251,2817,1611,2700,1971,3042,945,3087,1458,2088,1278,1494,1926,2475,1341,1656,2124,2466,2250,2331,1197,1413,837,3348,2736,1764,2511,1071,1566,2646,2295,765,3051,1854,2547,2862,3006,1332,3762,2106,2052,2097,1305,2916,1188,2565,1701,2970,1791,2223,1368,2673,1809,1647,2952,1287,3780,3123,1935,1395,2241,2205,1224,
Shot 4:3798,3852,3834,3789,
Shot 5:3960,
Shot 6:4149,4716,4491,4590,4410,4005,4599,4365,4257,4158,4437,4077,4014,4185,4293,4446,4536,4509,3969,4050,3996,4338,4023,4608,4581,
Shot 7:4824,4914,4878,4860,4842,
Shot 8:4968,4923,4932,4986,4950,4977,
Shot 9:5013,
Shot 10:5022,
Shot 11:5589,5742,5382,5481,5679,
Shot 12:6174,6075,5940,6120,6228,6066,6048,6057,5949,6021,6192,6156,6210,
Shot 13:6480,6444,6345,6435,
