Shot 0:108,36,9,81,63,117,
Shot 1:126,171,
Shot 2:387,270,495,423,351,297,315,378,288,477,432,441,243,486,459,306,414,450,396,324,
Shot 3:504,
Shot 4:594,531,684,513,648,558,657,621,549,603,639,585,675,567,
Shot 5:747,702,729,783,738,693,720,774,756,
Shot 6:882,1035,972,1053,801,936,828,909,1071,954,990,873,891,846,
Shot 7:1089,1080,1098,
Shot 8:1107,1116,
Shot 9:1134,1143,
Shot 10:1161,1206,1188,1152,
Shot 11:1233,1269,1305,1287,1251,1215,
Shot 12:1341,1323,1332,1350,
Shot 13:1395,1530,1467,1431,1449,1512,1368,1413,1386,1404,
Shot 14:1692,1827,1728,1800,1863,1557,1764,1818,1791,1647,1845,1593,
Shot 15:1890,2007,2043,1926,1953,1998,1881,1917,1872,1899,1962,1935,1908,
Shot 16:2070,2133,2115,2097,2088,2106,
Shot 17:2142,2151,
Shot 18:2160,
Shot 19:2169,2178,
Shot 20:2187,2196,
Shot 21:2241,2205,2223,2232,
Shot 22:2259,
Shot 23:2304,2376,2340,2268,2322,2286,2367,
Shot 24:2421,2385,2493,
Shot 25:2538,2628,2583,2502,2556,2520,
Shot 26:2700,2673,2655,2736,2772,2718,2691,
Shot 27:2934,2907,2817,2871,2943,
Shot 28:2979,3645,3681,3195,3510,3555,3402,4239,3897,3699,3105,4050,3339,3969,3492,4392,3573,3663,3375,3069,3672,4329,3177,3123,3735,4158,4293,4374,3546,4338,3321,3150,4410,4005,3258,3771,3465,3285,3987,3420,3528,4266,4401,3051,3096,3951,3213,3798,3240,3132,3933,3600,4212,3690,3717,4059,2952,3366,3429,3870,3807,3168,3294,3924,3159,3042,2970,3762,3780,3618,
Shot 29:4419,
Shot 30:4428,
Shot 31:4437,
Shot 32:4446,
Shot 33:4554,4455,4509,4482,4527,4563,
Shot 34:4599,4680,4572,
