Shot 0:54,279,315,261,297,9,135,72,
Shot 1:387,360,378,
Shot 2:432,396,459,414,423,441,
Shot 3:513,558,
Shot 4:585,594,621,603,612,576,
Shot 5:675,639,630,702,648,657,684,666,
Shot 6:720,711,738,
Shot 7:765,756,747,
Shot 8:801,828,774,837,819,792,783,810,
Shot 9:846,855,
Shot 10:873,900,864,882,891,
Shot 11:927,918,909,936,
Shot 12:1089,945,1242,1206,1134,1233,990,1224,963,1197,1026,999,1170,1179,1107,972,1035,954,981,1161,1062,1125,1071,1116,1008,1080,1053,
Shot 13:1386,1260,1377,1422,1467,1323,1341,1431,1350,1449,1359,1305,1413,1278,1458,1395,1314,1404,1332,1485,1476,
Shot 14:1494,
Shot 15:1575,1512,1503,1530,1539,1602,1557,1566,1593,
Shot 16:1629,1611,1656,1647,1620,
Shot 17:1665,
Shot 18:1809,1944,1899,1863,1890,1674,1926,1881,1854,1719,1836,1827,1791,
Shot 19:1980,2016,1998,2025,1953,
Shot 20:2088,2223,2142,2160,2070,2034,2169,2079,2205,2151,2124,2061,2043,2232,2133,2097,
Shot 21:2250,2259,2268,2241,
Shot 22:2277,
Shot 23:2286,2295,
Shot 24:2322,2304,2313,
Shot 25:2376,2367,2403,2331,2394,2412,
Shot 26:2448,2529,2484,2475,2511,2430,2502,2493,2457,2538,2439,
Shot 27:2556,2547,2565,
Shot 28:2646,2691,2583,2664,2574,2619,2592,2673,2682,2601,2655,2637,
Shot 29:2727,2709,2754,2736,
