Shot 0:54,9,45,63,
Shot 1:1710,711,342,639,963,423,909,1422,1251,1026,594,1341,981,1314,1062,1161,1278,396,945,1260,765,1215,1656,1701,1224,1665,
Shot 2:1800,1728,1791,1890,
Shot 3:1899,
Shot 4:1926,
Shot 5:3042,2565,2349,3123,3456,3240,3393,2520,3438,3069,3357,3222,2961,3258,3249,3447,3060,2862,3033,
Shot 6:3564,
Shot 7:3636,3753,
Shot 8:3771,3996,3762,3960,4005,
Shot 9:4635,5085,4752,4698,5058,4986,5013,5076,4887,4689,4194,4878,4851,4869,4590,4626,
Shot 10:5166,
Shot 11:5238,
Shot 12:5445,5382,5409,5454,
Shot 13:5463,5481,
