Shot 0:207,1341,747,1071,1251,1017,873,1314,18,621,477,783,720,1089,1143,9,657,1233,1332,36,1044,1305,738,540,1062,243,765,1107,981,1287,1008,603,1026,90,828,378,1080,432,414,576,1197,711,1323,675,1242,54,513,270,846,342,1116,162,612,45,63,918,693,288,360,648,225,198,135,522,216,117,261,126,864,
Shot 1:1359,1350,1368,
Shot 2:1377,1386,
Shot 3:1422,1431,1413,1404,1395,
Shot 4:1440,
Shot 5:1449,1458,
Shot 6:1467,
Shot 7:1476,1485,
Shot 8:1494,
Shot 9:1557,1503,1575,1512,1611,1521,1584,1620,1593,1566,1530,1602,1548,
Shot 10:1674,1719,1629,1701,1638,1656,1665,1683,1710,
Shot 11:1737,1809,1782,1800,1728,1746,
Shot 12:1935,1818,1881,2169,2106,1836,2142,1899,1854,2151,1872,2097,2115,1989,2025,2133,1962,2160,1890,1863,1917,1845,2178,2088,1827,1926,2016,2043,1944,1908,2070,
Shot 13:2187,
Shot 14:2250,2196,2268,2277,2214,2223,2232,2259,2205,2241,
Shot 15:2421,2772,2547,2322,2601,2754,2286,2727,2565,2493,2349,2367,2718,2745,2304,2457,2637,2682,2736,2511,2529,2709,2664,2574,2556,2583,2619,2700,2385,2592,2520,2502,2538,2763,2340,2673,2466,2691,2358,2655,2313,2331,2610,2439,2376,2295,2628,2394,2403,2430,2412,
Shot 16:2781,2790,
Shot 17:2799,
Shot 18:2808,
Shot 19:2817,
Shot 20:2826,2835,
Shot 21:2844,
Shot 22:2853,
Shot 23:2925,2898,2862,2880,2889,2907,2934,2961,2943,2952,2916,2871,
Shot 24:2970,
Shot 25:2979,2988,
Shot 26:2997,3006,
Shot 27:3033,3015,3024,
Shot 28:3060,3078,3087,3069,3042,3051,3096,
Shot 29:3105,
Shot 30:3609,3258,3519,5112,3132,3366,3780,4734,3339,4014,3384,4959,5571,3501,3213,3717,3114,3195,3420,3942,3681,4698,4482,3348,3222,3276,5976,4572,3726,3753,4680,3834,5445,3483,3447,4149,4923,5301,5346,5922,3303,5247,4311,4077,5715,4365,5049,3969,3582,3240,5229,5472,3123,4653,4284,3375,4869,4824,5949,3249,3735,4140,3159,3330,4590,4176,5688,4266,3357,5409,4158,5931,3465,4131,3231,3888,5886,5805,3915,5859,4329,3672,3186,3312,4761,3411,5220,3321,4806,4221,4518,5328,3492,4050,5202,3699,4842,5193,4932,5427,3951,5238,5157,5841,3168,4995,3267,3996,3510,4239,4635,3663,5292,5265,3528,4401,3627,3141,5436,5661,4788,3204,5643,4617,5814,3933,4716,4005,5373,4770,5967,3393,5211,3708,5454,4347,4914,4212,4851,5796,4491,4293,4302,3564,3897,5310,4545,5706,4905,5121,4113,4950,4167,5670,4446,3474,4833,5553,5139,4185,5337,3573,4059,4320,4977,5904,5751,3762,3645,5940,4554,3744,5391,4644,5724,4095,3618,4068,3807,5130,5418,5850,3960,4581,5382,5175,4023,5895,5742,5463,5256,4383,4500,4887,4725,5481,4968,5913,4356,5490,5184,4860,4797,4743,5085,4815,3825,5067,4662,4779,4707,4671,4689,
Shot 31:6012,5985,6030,5994,6003,6021,
Shot 32:6048,6057,6039,
Shot 33:6066,6075,
Shot 34:6084,
Shot 35:6102,6120,6111,6093,
Shot 36:6138,6147,6129,
Shot 37:6156,6165,
Shot 38:6174,
Shot 39:6210,6183,6192,6201,6219,
