Shot 0:846,27,486,1557,1008,90,54,1323,1827,2943,1629,1782,2673,207,2529,1890,1701,1602,1944,9,1080,648,2070,2259,2331,153,2880,1953,2007,1332,1584,1836,2763,36,243,63,2664,18,2241,1710,999,2079,2214,2520,747,1719,603,2133,2367,657,783,1737,1863,2088,2223,972,693,2196,2250,720,2655,81,819,765,666,2502,927,144,2106,990,945,2232,756,540,810,774,675,900,792,2205,684,954,738,72,729,981,801,891,711,936,2151,2016,882,702,918,342,963,909,
Shot 1:3168,3033,3123,3132,3150,3177,
Shot 2:3231,3186,3276,
Shot 3:3285,3375,
Shot 4:3411,
Shot 5:3582,3726,3672,3645,3609,
Shot 6:4230,4041,4104,4266,4473,4113,3780,4482,4455,4419,4428,4347,4446,4464,4437,4329,4275,4122,4302,4338,4149,3897,4365,3960,4320,4410,3870,4311,4167,4284,4383,4059,4293,4158,3924,4374,3996,4185,4131,4401,4356,4257,4392,3942,4221,4023,4176,4239,4212,4248,4203,
Shot 7:4518,4491,4590,4572,4509,
Shot 8:4599,4671,
Shot 9:5769,4698,5094,4932,5229,4833,5301,5031,5022,5787,5103,5265,4923,5247,4689,4752,5211,5166,5508,
