Shot 0:405,252,153,261,495,567,351,9,216,612,603,558,396,585,576,387,540,594,360,423,531,441,369,549,342,414,432,234,225,243,
Shot 1:621,
Shot 2:747,630,666,
Shot 3:756,
Shot 4:945,999,972,981,963,954,990,1017,927,
Shot 5:1107,1026,1233,1170,1062,1080,1224,1179,1089,1134,
Shot 6:1539,1242,1566,1557,1494,1575,1548,1521,
Shot 7:1584,
Shot 8:1710,1755,
Shot 9:1890,2016,
Shot 10:2718,2790,2745,
Shot 11:2898,2925,2889,2916,2907,2871,
Shot 12:3006,2970,2997,3051,3159,2934,3069,2988,3213,3078,3060,3105,2952,3186,3042,3195,2979,3168,3033,3123,3141,3096,3024,3177,3015,
Shot 13:3240,3258,3267,3231,3249,
