Shot 0:36,99,72,90,9,54,18,27,45,
Shot 1:144,108,189,180,117,126,171,135,
Shot 2:207,
Shot 3:225,216,306,324,261,234,297,
Shot 4:351,387,333,378,342,360,
Shot 5:423,396,405,441,414,432,
Shot 6:459,504,495,450,468,
Shot 7:738,513,1008,882,594,792,846,918,540,702,900,783,864,819,936,801,855,891,657,810,765,720,756,999,774,522,639,585,558,1017,531,648,549,747,963,
Shot 8:1098,1197,1062,1125,1107,1080,1170,1116,1089,
Shot 9:1206,
Shot 10:1251,1341,1215,1332,1224,1314,1242,1233,1287,1260,1323,
Shot 11:1386,1350,1854,1530,1656,1701,1539,1737,1602,1440,1827,1755,1503,1548,1638,1674,1710,1359,1692,1422,1404,1449,1647,1845,1368,1395,1377,
