Shot 0:81,198,180,9,171,207,45,189,234,117,144,27,99,54,72,
Shot 1:243,
Shot 2:486,
Shot 3:693,747,846,810,603,783,639,729,711,
Shot 4:855,981,972,
Shot 5:1107,
Shot 6:1197,1323,
Shot 7:1377,1431,1332,1350,1395,1368,
Shot 8:1890,1440,1701,1530,1935,1782,2070,2016,1863,2043,1962,2115,1764,1818,1908,2034,2124,1980,
Shot 9:2223,2403,2367,2547,2682,2133,2583,3141,2763,2727,2511,2529,2970,3060,2664,3258,2610,2619,2637,3114,3186,3123,2655,2988,3087,2979,3159,2628,2646,2673,2691,3132,3204,3096,2430,3285,2385,3024,3168,2475,3240,2898,3222,3177,3042,2295,2880,3195,2160,2421,2736,2466,2799,2925,2781,2322,
Shot 10:3294,
Shot 11:3483,3438,3492,3474,
Shot 12:3951,3564,3780,3852,4302,4077,4050,4221,4203,4275,3888,4176,3816,4005,3699,4248,4014,3501,3915,4257,4185,3546,3654,4068,3960,3735,3798,4239,3825,3996,3933,
Shot 13:4320,
Shot 14:4455,4383,4410,4428,4464,
