Shot 0:486,36,252,9,81,27,414,396,90,54,432,99,162,72,423,198,297,45,405,468,531,504,
Shot 1:540,549,
Shot 2:621,693,603,648,612,684,
Shot 3:738,
Shot 4:765,891,855,864,774,
Shot 5:1116,1260,1080,
Shot 6:1422,1548,
Shot 7:2169,2277,2394,2232,1665,1917,2079,2268,2115,2367,2088,2187,2142,
Shot 8:2439,
Shot 9:2565,2682,2745,2799,2628,2610,2646,2529,2493,2592,2547,2601,2574,2655,2502,2619,
Shot 10:2889,
Shot 11:3213,3033,3087,3159,3231,
Shot 12:3366,3807,3258,3303,3447,3240,3348,3249,3339,3438,3276,3429,3411,
Shot 13:3852,4275,3834,4266,3843,
