Shot 0:504,9,315,522,
Shot 1:720,765,639,666,612,756,648,747,603,684,738,630,675,702,657,711,729,621,
Shot 2:819,783,828,774,792,801,810,
Shot 3:990,846,1098,837,918,855,1044,1071,945,1053,936,1035,891,882,981,963,864,1080,909,1089,1026,873,972,927,1008,900,1062,954,1017,999,
Shot 4:1107,
Shot 5:1116,
Shot 6:1134,1125,1143,
Shot 7:1152,
Shot 8:1170,1161,1179,
Shot 9:1188,
Shot 10:1197,
Shot 11:1206,1215,
Shot 12:1233,1251,1242,1224,
Shot 13:1260,
Shot 14:1287,1269,1323,1278,1314,1296,1305,
Shot 15:1467,1332,1350,1404,1413,1341,1449,1359,1386,1431,1377,1395,1458,1440,1368,1485,1422,1476,
Shot 16:1503,1494,1512,
Shot 17:1521,
Shot 18:1530,1539,
Shot 19:1548,
Shot 20:1584,1620,1647,1611,1557,1593,1638,1575,1629,1566,1602,
Shot 21:1656,1665,
Shot 22:1755,1800,1728,1692,1710,1701,1782,1773,1737,1791,1719,1674,1764,1683,1746,
Shot 23:1836,1854,1818,1809,1845,
Shot 24:2520,1863,2673,1908,1917,2430,1872,1881,2196,1899,2007,2421,1989,1980,2466,2259,2610,2664,2529,
Shot 25:3375,3006,3546,3537,3276,3456,3114,3195,3465,2934,3357,3096,3186,3258,2997,3474,3267,3105,3366,3015,3177,3348,
Shot 26:3789,3555,3654,3735,3897,3780,3663,
Shot 27:4932,4761,4347,4833,4887,4140,4968,3924,4950,
Shot 28:5400,5634,5328,5445,5598,5625,5580,
Shot 29:6021,5904,6228,5967,6120,5985,5877,
Shot 30:6435,6750,6858,6678,6579,6831,6732,6588,6840,6570,6939,6597,6741,6885,6417,6894,6930,
Shot 31:7209,6975,6993,
