Shot 0:540,351,9,252,576,648,585,774,729,837,513,414,495,369,558,405,801,756,612,549,522,378,333,666,855,765,873,882,828,819,531,486,504,
Shot 1:891,
Shot 2:1152,1017,1035,1098,1170,909,1134,900,1161,1107,1089,1125,1116,1143,
Shot 3:1305,1431,1332,1179,1386,1260,1251,1341,1188,1206,1314,1287,1377,1422,1296,1404,1395,1368,1197,1242,1269,1350,1413,1278,
Shot 4:1575,1485,1665,1674,1611,1620,1647,1566,1440,1629,1530,1656,1638,1521,1476,1548,1494,1602,1593,1557,1503,1728,1584,1512,1458,1539,1467,1449,1737,1683,
Shot 5:1746,
Shot 6:1773,1764,1755,
Shot 7:1800,1827,1818,1791,1782,1809,
Shot 8:1836,
Shot 9:1926,2052,2034,1854,2079,1872,1845,2061,2124,1863,2070,1953,2043,1971,2097,1935,1881,1917,
