Shot 0:18,
Shot 1:54,99,126,36,144,90,135,108,72,45,63,117,
Shot 2:171,162,180,
Shot 3:189,198,
Shot 4:207,
Shot 5:261,216,225,270,
Shot 6:279,
Shot 7:423,441,360,450,432,414,
Shot 8:711,954,945,468,603,486,927,837,495,747,891,621,783,567,801,684,918,
Shot 9:1170,1008,1827,1026,1539,972,1332,1683,1746,990,1107,963,1053,981,1035,1071,1773,1134,1701,1197,1728,1647,1080,1287,1395,1188,1161,1359,
Shot 10:2169,2601,1872,1989,2340,2079,2376,2133,
Shot 11:2700,
Shot 12:2718,
Shot 13:2736,2871,2880,3024,2727,
Shot 14:3213,3051,3222,
Shot 15:3231,
