Shot 0:9,
Shot 1:585,387,252,423,558,504,666,432,414,324,279,315,360,441,594,
Shot 2:1044,765,1152,702,837,1332,846,747,774,1296,1116,882,828,1359,792,738,855,972,1242,1305,1062,1341,900,729,675,1269,1017,936,1134,1026,1071,1008,1035,
Shot 3:1386,1395,
Shot 4:1404,1413,
Shot 5:1422,1458,1431,1449,1440,
Shot 6:1557,1476,1467,1485,1566,1503,1512,1494,1530,1539,1548,
Shot 7:1584,1629,1620,1593,1611,1575,
Shot 8:1647,
Shot 9:1656,1665,
Shot 10:1674,
Shot 11:1683,
Shot 12:1692,2223,2061,
Shot 13:3672,2493,3645,3726,3627,3654,3708,
Shot 14:4203,3753,5031,3906,4473,4923,4113,4788,4212,4428,4104,4383,3951,4122,4068,3978,4824,3942,4131,3915,3960,4077,4176,4059,4050,4887,4014,3987,
Shot 15:5256,5193,5202,5049,5076,5211,5148,5274,5094,5040,5247,5238,5229,5265,
Shot 16:5373,5283,5292,5391,5382,5328,
Shot 17:5553,5409,5427,5490,5841,5652,5526,5616,5418,5751,5436,5535,5832,5571,5562,
Shot 18:5868,
Shot 19:5994,
