Shot 0:18,54,9,
Shot 1:108,135,153,90,117,99,144,
Shot 2:189,225,216,162,
Shot 3:234,
Shot 4:306,243,369,378,387,288,252,423,279,405,432,297,
Shot 5:819,504,648,846,855,792,711,549,693,774,837,513,567,702,864,801,657,522,576,666,810,558,720,828,
Shot 6:918,945,972,891,981,936,1017,1044,927,990,
Shot 7:1251,1071,1125,1080,1107,1197,1062,1116,1098,1188,1215,1206,1260,1242,1170,
Shot 8:1269,1314,
Shot 9:1404,1341,1350,1386,
Shot 10:2250,1593,1458,2385,2448,1836,2610,1737,1692,2547,1980,2178,1494,2412,2313,2034,2268,1548,1890,2124,1530,2475,1818,1674,2367,1755,2106,2394,1620,1449,2241,
