Shot 0:9,
Shot 1:36,18,54,45,27,
Shot 2:126,72,108,117,99,135,
Shot 3:306,405,162,198,360,441,378,342,270,423,243,432,180,333,351,387,369,153,288,414,324,396,297,279,
Shot 4:504,450,468,477,531,486,495,522,
Shot 5:585,594,
Shot 6:819,648,936,738,621,702,999,684,720,900,666,855,630,612,981,783,
Shot 7:1062,1008,1017,1080,1035,1053,1071,
Shot 8:1170,1287,1332,1224,1458,1251,1368,1305,1206,1116,1269,1188,1323,1134,1296,1242,1341,
Shot 9:1962,1620,1890,2268,1773,2178,2223,2043,2070,2304,2007,2133,2205,2097,1701,2250,2034,1953,
