Shot 0:162,9,342,585,144,576,324,306,333,315,
Shot 1:612,900,765,909,756,594,774,747,891,
Shot 2:936,1089,1179,1170,1071,918,1161,1080,1062,
Shot 3:1206,1368,1485,1341,1350,1188,1476,1332,
Shot 4:1737,1674,1494,1890,1656,1881,1647,1872,1665,1512,1710,
Shot 5:1944,2520,2574,2322,2124,2295,2106,2097,2502,2304,2286,2556,2115,2088,2313,2511,1926,2745,2277,2565,2493,2547,
Shot 6:3060,2754,3033,3087,
Shot 7:3177,3096,3159,3150,3222,3105,3168,3114,3213,
Shot 8:3294,3267,3276,3231,3285,3240,3330,
Shot 9:3420,3393,3465,3339,3402,3348,3456,3357,3411,
Shot 10:3483,3519,3510,
Shot 11:3672,3690,3528,3681,3537,
Shot 12:4050,4365,4338,4185,4194,4356,4203,4176,4347,4374,4212,4005,
