Shot 0:45,99,9,54,81,72,90,18,63,36,
Shot 1:108,
Shot 2:117,
Shot 3:162,126,135,153,144,171,
Shot 4:225,252,180,243,
Shot 5:315,288,297,324,
Shot 6:648,423,432,567,468,477,441,612,495,450,558,522,603,594,486,621,459,
Shot 7:837,1440,1809,1674,1314,1188,1683,1557,1431,1305,945,1692,954,657,936,774,702,810,855,999,711,1566,
Shot 8:1935,1818,2070,2061,1944,
Shot 9:2196,2313,2421,2187,2322,2259,
Shot 10:2952,3087,2439,3078,2556,3069,2988,2979,2763,2547,2889,2943,
Shot 11:3096,3105,
Shot 12:3276,3339,3114,3123,3168,3213,3204,3330,3240,3312,3177,3231,3294,
Shot 13:3537,3474,3600,3681,3438,3483,3447,3501,3465,3456,3384,3510,3492,3654,3519,3690,3411,3546,3420,3573,3402,3591,3555,
Shot 14:3735,
