Shot 0:270,9,387,531,477,612,225,396,405,288,
Shot 1:738,801,747,
Shot 2:1089,900,1134,
Shot 3:1224,1206,1188,1215,
Shot 4:1359,1368,1233,1305,1386,1422,1404,1314,1431,1332,1413,1287,1341,1296,
Shot 5:1503,
Shot 6:1548,1530,1521,1575,1512,1539,1557,
Shot 7:1602,1611,1584,
Shot 8:1728,1620,1764,1737,1647,1629,1638,1746,1719,1656,1665,1710,1683,1674,1692,1701,
Shot 9:1773,
Shot 10:1782,
Shot 11:2439,1899,1791,2502,1944,2619,2124,2007,2601,2583,2133,2691,2520,2142,1989,2430,1818,1809,1827,2736,2727,2493,2682,1872,2745,2592,1836,2511,1863,1800,2718,1935,2754,1980,
Shot 12:2799,
Shot 13:3663,3114,2835,3132,3654,3015,3123,3078,2997,3024,2916,3096,3681,3105,3672,2988,2826,2808,3087,2925,
Shot 14:3690,
Shot 15:3699,3708,
