Shot 0:9,
Shot 1:27,36,
Shot 2:54,306,45,
Shot 3:315,324,
Shot 4:333,
Shot 5:603,342,459,639,486,504,477,630,495,351,513,369,468,621,522,360,567,
Shot 6:657,747,648,
Shot 7:756,
Shot 8:765,
Shot 9:918,1080,972,945,1215,783,1062,1179,954,1053,1206,936,1071,1089,963,1197,1098,981,1107,927,
Shot 10:1341,1224,1233,1350,
Shot 11:1359,1368,
Shot 12:1548,1701,1584,1377,1575,1593,1395,1566,1692,1386,1557,
Shot 13:1827,1872,1863,1728,1854,1737,1845,1746,1836,
Shot 14:1953,1962,
Shot 15:1971,
Shot 16:1980,
Shot 17:2205,2106,2394,2421,2133,2286,2124,2142,2268,2412,2277,2295,2304,1989,2151,2115,2259,2403,2007,2250,2160,2385,
Shot 18:2529,2430,2538,
Shot 19:2547,
Shot 20:2754,2691,2970,2853,3006,2718,2835,2565,2997,2709,2844,2862,2727,2826,2700,2574,2736,2988,2871,2817,2583,
Shot 21:3042,
