Shot 0:18,72,63,45,9,
Shot 1:90,117,81,99,
Shot 2:126,
Shot 3:171,
Shot 4:180,
Shot 5:207,
Shot 6:279,252,216,297,270,243,
Shot 7:504,315,396,
Shot 8:576,603,513,594,
Shot 9:765,864,630,810,684,846,720,819,639,657,792,828,711,756,
Shot 10:873,882,
Shot 11:990,
Shot 12:1071,1035,999,
Shot 13:1179,1305,1314,1107,1224,1260,1206,1242,1332,1116,1197,1170,1188,
Shot 14:1359,1404,1377,1350,
Shot 15:1422,
Shot 16:1557,1818,1737,1863,1701,1782,1431,1665,1719,1503,1773,1638,1836,1467,1791,1755,1728,1449,1710,1593,1683,1620,1440,1539,1656,1809,1575,1494,1647,1548,1674,1512,1566,1476,
Shot 17:1908,1872,1890,1917,
Shot 18:1953,2007,1980,1926,1962,1944,1989,2016,
Shot 19:2034,
Shot 20:2070,2160,2043,2124,2178,2097,2142,2106,2052,2088,2169,2061,2079,
Shot 21:2196,2205,2187,
Shot 22:2268,2232,2214,2223,2304,
Shot 23:2466,2565,2367,2547,2394,2340,2313,2511,2538,2385,2376,2403,2322,2331,2493,2439,2520,2475,2358,2457,
Shot 24:2574,
