Shot 0:36,81,216,171,126,54,144,198,63,9,153,18,72,27,
Shot 1:270,261,279,
Shot 2:675,549,405,351,495,747,630,441,333,720,603,657,522,738,756,648,576,639,666,684,621,
Shot 3:774,819,801,765,783,792,
Shot 4:927,864,981,837,891,954,945,936,963,999,882,846,900,873,918,855,
Shot 5:1089,1035,1170,1197,1017,1053,1143,1179,1188,1062,1026,1161,1116,1044,1152,1080,1098,1071,1107,
Shot 6:1215,1242,1206,1233,1224,
Shot 7:1260,1269,1251,
Shot 8:1314,1287,1278,1296,1350,1332,1305,1323,
Shot 9:4410,1359,4437,4230,4158,4383,4149,
Shot 10:5040,5112,5175,5157,5103,4932,5148,5166,5139,5076,5121,4860,5004,5022,5085,4968,5094,5130,5031,5058,5013,5049,5067,
Shot 11:5184,5193,
Shot 12:5202,
Shot 13:5220,5229,5211,
Shot 14:5247,5238,5256,
Shot 15:5265,5274,
Shot 16:5301,5319,5283,5310,5292,
Shot 17:5337,5382,5364,5373,5328,5346,
Shot 18:5616,5436,5562,5400,5535,5508,5418,5517,5526,5391,5589,5472,5643,5580,5634,5454,5427,5544,5499,5481,5409,5598,5625,5490,5607,
Shot 19:5760,5661,5733,5886,5706,5868,5688,5877,5859,5814,5652,5751,5742,5769,5670,
Shot 20:5958,5940,5922,5949,5904,5967,
