Shot 0:45,180,108,9,
Shot 1:387,504,477,567,405,522,432,549,
Shot 2:711,666,648,621,693,
Shot 3:729,792,747,
Shot 4:864,846,828,873,
Shot 5:900,972,999,954,981,918,1008,936,909,
Shot 6:1017,1062,
Shot 7:1206,1125,1152,1089,1107,1170,1143,1161,1098,1116,1134,1188,1179,1224,1197,1215,
Shot 8:1503,1233,1314,1350,1413,1629,1287,1368,1557,1467,1530,
Shot 9:1755,
Shot 10:2025,1989,1818,1953,1944,1998,1971,1962,2061,2007,1845,2043,1872,2016,
Shot 11:2079,
Shot 12:2268,2223,2367,
Shot 13:2466,2493,2448,2502,2439,2484,2475,2457,
Shot 14:2520,2538,2511,
Shot 15:2691,2556,2655,2592,2610,2637,2673,2601,2646,2700,
Shot 16:2736,2709,2745,2781,2727,
Shot 17:2871,
Shot 18:3384,3474,
Shot 19:3618,3591,3573,3645,3600,3582,3627,3636,3609,
Shot 20:4050,3735,3825,3672,3654,3888,3744,3834,3699,4041,
Shot 21:4518,4338,4473,4419,4491,4500,4536,4554,
Shot 22:4707,4608,4572,4815,4824,4797,4653,4635,4626,4644,4662,4725,4752,4671,4770,4680,4698,4779,4806,4716,4590,4734,4788,4563,
Shot 23:4833,
Shot 24:4842,
