Shot 0:9,
Shot 1:81,36,90,
Shot 2:99,117,
Shot 3:1170,207,1494,1458,144,1341,153,864,162,441,1359,594,1017,261,567,891,1467,171,1044,738,414,1323,288,729,1440,1188,
Shot 4:1611,1539,1593,1548,1512,1521,1647,
Shot 5:1683,1899,1935,1818,1944,1854,1827,1800,1791,1728,1908,1692,1665,1746,
Shot 6:1962,1980,
Shot 7:2025,2070,2052,2043,2016,
Shot 8:2277,2376,2241,2097,2232,2205,2223,2214,2250,2367,2151,2187,2358,2304,2196,2259,2268,2295,
Shot 9:2619,2826,2385,2970,3015,2520,3024,2547,2394,3042,2844,2673,2817,2997,2709,2934,2682,2691,2664,3006,3051,2493,2592,2781,2952,2907,2529,2655,
Shot 10:3375,3132,3186,3591,3285,4023,3564,3123,3996,3897,3663,4149,3816,3726,3276,3582,3294,3303,4041,3717,3465,3213,3420,3438,3933,3744,3429,4167,4122,4032,3861,3447,3654,3492,3501,3987,4086,3222,3483,3762,4050,3699,3411,3528,3456,4005,4158,3708,3312,3339,3357,4068,3177,3168,3510,3690,3906,3204,3780,3141,
Shot 11:4671,4347,4770,4590,4428,4176,4266,4626,4320,4491,4509,4464,4392,4284,4194,4239,4212,4338,4635,4599,4680,4374,4527,4302,4707,4185,4500,4473,4653,4608,4752,4743,4617,4698,
Shot 12:5355,5976,5094,5688,4923,6120,5067,5220,5526,5607,6039,5193,4932,4797,5868,5472,5004,5247,5787,4842,5823,5391,5337,5553,4896,6102,5076,5544,5517,5670,6084,5256,5301,5949,5121,5445,5796,5436,4941,6147,5994,6021,6075,5841,5346,6093,5382,5373,
Shot 13:6183,6264,6255,6156,
Shot 14:6300,6759,6741,6597,6732,6570,6498,6705,6435,6750,6273,6336,6669,6282,6291,6453,6354,6534,6678,6687,6309,6444,6345,6372,6543,
