Shot 0:1404,819,873,1683,639,1026,1881,747,1206,9,846,1521,918,1944,1773,837,306,486,981,1152,1269,1827,1629,1917,864,1296,1737,576,1962,1854,1332,1467,1809,1170,603,1512,225,1350,1197,1323,1413,1440,1845,1746,1458,270,585,243,567,
Shot 1:1998,2016,2034,2052,2070,2025,2061,2043,2007,1989,
Shot 2:2079,
Shot 3:2097,2088,2106,
Shot 4:2115,2124,
Shot 5:2133,
Shot 6:2340,2448,2169,2160,2178,2439,2196,2142,2151,2205,2430,2214,2412,2286,2394,2295,2232,2331,
Shot 7:2943,2646,3456,2466,2754,3195,3564,2610,2682,2853,3393,3096,2637,2655,3024,3420,3501,3276,2808,2736,2763,2664,3060,2970,3321,2880,3249,2925,3510,
Shot 8:3780,4122,4842,3645,4500,4995,3717,4716,3807,3681,4212,4887,3753,4167,4932,3924,4869,4149,3771,3789,
Shot 9:5913,5211,6246,5697,5337,6075,5499,5778,6201,5814,6003,5112,5751,5967,5859,5445,6264,5643,5760,5256,5796,5940,5742,6237,5184,5985,5886,5841,5787,5805,5958,5904,5931,5976,5895,5922,5229,5193,5949,5868,5202,
Shot 10:6372,6300,6318,6354,6345,6390,6381,6363,
