Shot 0:9,180,
Shot 1:198,252,225,189,
Shot 2:333,270,450,369,297,315,405,324,
Shot 3:945,549,495,729,1017,639,801,504,999,513,873,1071,576,963,990,1026,783,981,909,864,882,1008,972,927,531,1062,
Shot 4:1080,1215,1152,
Shot 5:1350,1323,1260,1359,1368,1332,
Shot 6:1440,1395,1458,
Shot 7:1521,
Shot 8:1647,1755,1566,1602,1710,1584,1557,1665,1629,1683,
Shot 9:1899,1791,1962,1890,
Shot 10:2052,2169,2025,2124,2079,2097,2034,
Shot 11:2214,2187,2196,2232,
Shot 12:2304,2277,2340,
Shot 13:2484,2601,2358,2556,2394,2448,
Shot 14:2646,
Shot 15:2655,
Shot 16:2790,2763,2835,2772,
Shot 17:3231,3420,3267,3096,2952,3141,3168,3006,3195,2880,3519,3069,3258,
Shot 18:3528,3537,
