Shot 0:18,108,54,
Shot 1:135,144,
Shot 2:171,261,414,153,270,405,252,387,396,279,162,
Shot 3:423,432,
Shot 4:477,594,459,585,
Shot 5:675,909,1026,810,603,765,846,1017,828,864,792,747,1008,882,612,729,621,711,
Shot 6:1269,1035,1152,1296,1143,1170,1134,1287,1179,1278,1260,1044,
Shot 7:1359,1539,1341,1530,
Shot 8:1593,1746,1557,1566,1575,1737,1728,
Shot 9:1935,1953,2646,3168,3456,2655,2466,2196,2871,3429,2421,3420,2907,2619,3384,2151,1989,
Shot 10:3681,3915,3465,3573,3906,3618,3861,3492,3888,3879,3897,3474,3825,3528,3870,3636,3852,3483,3510,3654,3627,3843,3501,3546,3609,3834,3519,
Shot 11:3942,3924,4041,
Shot 12:4572,4662,4617,
Shot 13:4689,
Shot 14:4716,4815,4968,4824,4707,4806,4959,4941,4833,4950,4725,
Shot 15:4977,4986,
Shot 16:5013,5130,5112,5058,
Shot 17:5139,
Shot 18:5166,5265,5256,5157,
Shot 19:5283,5427,5418,5274,5409,5400,5391,
Shot 20:5445,
