Shot 0:1071,279,1773,9,270,1467,1026,1125,
Shot 1:1926,3321,3375,2574,1899,3123,3366,3042,2214,3348,3087,3384,1818,2430,3393,3186,1836,2250,3303,1872,1989,2097,2313,3204,1944,3177,
Shot 2:3438,
Shot 3:3492,3501,
Shot 4:3618,3636,3510,
Shot 5:3735,3672,3753,3726,
Shot 6:3780,
Shot 7:3825,
Shot 8:4257,4482,3861,4473,
Shot 9:4509,4518,
Shot 10:4527,
Shot 11:4707,
Shot 12:5148,5346,4833,4950,5112,5004,5265,4815,5364,5022,4896,5382,5301,5058,4851,5013,4959,5130,4824,4977,5040,5238,5202,4842,4932,5328,5031,5337,5049,5184,5139,5166,5211,5193,4806,4914,4986,
