Shot 0:9,
Shot 1:171,63,234,162,180,153,
Shot 2:252,243,261,
Shot 3:603,720,459,792,351,576,360,702,783,468,315,585,774,369,693,711,567,324,765,378,
Shot 4:927,873,963,855,981,954,945,900,864,909,936,918,882,
Shot 5:1008,990,1044,999,
Shot 6:1062,1152,1143,1053,
Shot 7:1233,1188,1161,1251,1197,1206,1242,1170,1215,
Shot 8:1269,1287,1260,1278,
Shot 9:1314,1296,1341,1305,
Shot 10:1404,1593,1629,1566,1494,1386,1602,1422,1395,1458,1512,
Shot 11:1647,1656,1638,
Shot 12:1692,
Shot 13:1764,1917,1710,1719,1818,1926,1827,1836,1728,1809,
Shot 14:1944,2061,1935,
Shot 15:2097,
Shot 16:2340,2106,2223,2394,2313,2160,2259,2304,2124,2385,2187,2322,2142,2115,2331,
Shot 17:2610,2484,2529,2439,2682,2502,2565,2520,2538,2655,2403,2673,2628,2556,2601,2412,2619,
Shot 18:2907,2970,2871,2691,2835,2799,2763,2961,2880,2952,2889,2979,2727,2844,2943,2898,
Shot 19:3285,2988,3312,2997,3303,3294,3276,
Shot 20:3555,
Shot 21:3564,3573,
