Shot 0:243,162,225,198,414,9,189,405,207,360,171,396,324,180,234,
Shot 1:549,603,639,531,
Shot 2:738,747,792,765,774,729,783,
Shot 3:837,891,
Shot 4:1107,1035,1080,1116,
Shot 5:1143,1161,1179,1125,1197,1170,1152,
Shot 6:1224,1206,1242,1215,1233,
Shot 7:1269,1377,1296,1332,1314,1341,1287,1278,1251,1260,1350,
Shot 8:1431,1512,1386,1485,1395,1413,1503,1422,1449,
Shot 9:1521,1530,
Shot 10:1584,1773,1611,1737,1656,1692,1539,1638,1719,1665,1755,1674,1557,1620,1593,1566,
Shot 11:1809,1836,1782,
Shot 12:1863,1944,1962,1917,1953,1845,1890,1854,1872,
Shot 13:2187,2034,1998,2061,1989,2043,2007,2124,2097,2142,2160,2214,2178,2196,2151,2205,2169,
Shot 14:2376,
Shot 15:2385,
Shot 16:2394,
Shot 17:2403,
Shot 18:2529,2412,2421,2601,2448,2484,2439,2511,2574,2457,2430,2592,2520,2556,
Shot 19:2610,2619,
Shot 20:2628,
Shot 21:2637,
Shot 22:2682,2772,2646,2718,2655,2664,2700,2691,
Shot 23:2880,2844,2799,2781,2826,2835,2853,2916,
Shot 24:2952,2961,
Shot 25:2970,
Shot 26:3195,2988,3042,3069,2997,3060,3033,3078,3051,3006,2979,3105,3096,3177,3123,
Shot 27:3213,
