Shot 0:18,45,36,54,27,9,
Shot 1:270,225,414,81,135,252,378,342,108,171,396,441,63,360,207,459,387,153,99,288,189,306,126,423,333,351,72,450,279,261,
Shot 2:468,477,
Shot 3:513,486,531,495,522,504,
Shot 4:594,549,540,576,558,603,
Shot 5:711,729,621,693,702,720,
Shot 6:792,765,747,828,738,810,756,774,819,783,801,
Shot 7:837,846,
Shot 8:873,855,891,864,
Shot 9:900,909,
Shot 10:918,
Shot 11:945,927,936,999,1044,954,
Shot 12:1107,1125,1080,
Shot 13:1188,1278,1134,1152,1269,1143,1260,1161,1233,1215,1251,1170,1179,1242,1197,1224,
Shot 14:1341,1287,1296,1314,1323,1305,1368,1332,
Shot 15:1413,1476,1377,1449,
Shot 16:1539,1620,1494,1512,1485,1548,1530,1593,
