Shot 0:225,99,45,351,9,333,189,423,297,81,306,387,342,54,369,72,252,144,396,360,198,90,261,108,207,180,243,117,216,
Shot 1:432,
Shot 2:450,477,468,441,459,
Shot 3:495,504,486,
Shot 4:531,621,585,603,558,576,549,540,594,612,567,522,513,
Shot 5:675,630,648,657,693,666,684,
Shot 6:720,738,702,729,711,
Shot 7:1017,891,801,1089,927,864,846,747,945,909,855,810,765,972,1062,1152,954,873,918,828,792,936,1080,756,981,882,1143,999,900,1071,1170,1116,1134,1053,1026,963,1035,1008,990,1161,
Shot 8:1179,1188,
Shot 9:1224,1197,1215,1206,
Shot 10:1251,1233,1242,
Shot 11:1260,
Shot 12:1269,1278,
Shot 13:1287,1296,
Shot 14:1332,1377,1305,1368,1350,1314,1359,1323,1341,
Shot 15:1386,
Shot 16:1404,1413,1395,
Shot 17:1431,1458,1467,1422,1449,1440,
Shot 18:1476,1485,
Shot 19:1494,
Shot 20:1584,1656,1647,1692,1503,1539,1665,1521,1710,1674,1638,1602,1530,1683,1611,1575,1548,1512,1593,1629,
Shot 21:1728,1737,1719,
Shot 22:1764,1746,1773,1755,1791,
Shot 23:1989,2088,1935,2016,1809,1971,1953,2115,2070,1998,2025,1980,2007,1962,1818,
Shot 24:2169,2178,
Shot 25:2223,2232,2196,2205,
Shot 26:2259,2322,2331,2304,2241,2286,2313,2250,2295,
Shot 27:2340,2349,
Shot 28:2538,2916,2817,2853,2466,2799,2358,2367,2448,2412,2790,2475,2655,2835,2898,2592,2457,2376,2520,2565,2808,2502,2763,2484,2862,2529,2547,2664,
Shot 29:3177,3015,3258,2997,3429,3096,3051,3321,3393,3195,3339,3222,3150,3033,3366,3312,3411,3087,3267,3168,3402,
Shot 30:3645,3501,3474,3519,3564,3492,3510,3483,3465,3546,3834,3591,3735,3609,3789,3600,3654,
Shot 31:3888,4104,4122,4041,3843,3924,4113,3852,3897,3879,
