Shot 0:36,9,18,81,27,45,
Shot 1:108,225,90,198,261,207,243,234,252,216,189,99,
Shot 2:288,270,279,297,
Shot 3:306,324,
Shot 4:333,360,342,351,
Shot 5:369,
Shot 6:378,
Shot 7:387,
Shot 8:396,405,
Shot 9:459,495,423,477,432,486,441,468,414,
Shot 10:729,576,504,621,693,756,
Shot 11:765,
Shot 12:774,792,783,
Shot 13:1377,801,2016,1233,1035,1206,1890,1701,909,1359,1674,1845,1368,2286,1215,1953,1854,1683,
Shot 14:2376,2799,2718,2295,
Shot 15:4644,2808,4932,4896,4977,6588,4959,4923,6444,4950,4968,5121,4986,4059,3636,5688,3177,6516,4194,5193,5841,5094,6453,5319,4788,5760,6507,4473,6345,5139,4122,5247,5400,6282,4005,4149,4824,3654,4581,4536,3222,5130,3087,5445,3681,4707,4095,4185,3717,6228,3546,6120,3789,2898,6462,6489,5076,4104,2997,3924,3879,3645,5805,3258,3573,2862,4014,5859,4698,4131,4671,4995,2961,4140,
Shot 16:7605,6678,6750,6903,6633,6696,6705,6615,6930,6651,6660,7200,6687,7623,6669,7272,7128,7236,6624,6939,6714,6642,7407,7344,6804,6723,7578,7614,
