Shot 0:9,
Shot 1:1152,468,747,909,657,1116,576,1062,396,837,981,1044,531,855,1089,963,1035,1053,1071,846,621,1125,1098,873,936,612,1134,495,1080,603,1170,
Shot 2:1197,1251,1296,
Shot 3:1476,1503,1404,1440,1539,1512,1485,
Shot 4:1548,
Shot 5:1791,1800,
Shot 6:2367,2376,
Shot 7:2637,2997,3357,3096,2727,2583,3294,3186,2880,2610,2844,2682,
Shot 8:3636,4563,4320,4374,4140,3969,3474,4041,4257,4167,3942,4482,4014,3861,3933,3672,3897,4068,3663,3681,3762,4032,3915,3429,3879,3654,3618,3798,3600,3645,3780,3843,
Shot 9:4662,5112,4572,
Shot 10:5976,6102,6129,6174,6156,6237,5301,6183,6219,5445,5292,5697,5859,5553,5427,5787,6192,5337,5886,6201,6228,6066,5391,6039,
Shot 11:6246,
Shot 12:6300,
Shot 13:6579,
Shot 14:7146,6615,6858,6705,6984,6876,6768,6930,6957,6795,6939,6921,6975,6948,6804,
