Shot 0:216,675,639,99,558,468,585,666,36,549,261,567,81,180,630,396,504,9,360,486,162,126,198,144,153,324,522,243,90,207,576,108,477,
Shot 1:693,729,720,711,702,684,
Shot 2:873,765,792,747,810,855,900,891,
Shot 3:990,1098,1161,918,1062,1053,954,1134,1026,1152,1116,981,
Shot 4:1206,1233,
Shot 5:1287,
Shot 6:1296,
Shot 7:1359,1305,1314,1332,1341,
Shot 8:1368,1377,
Shot 9:1404,1386,1413,1395,
Shot 10:1755,1647,1710,1620,1692,1431,1665,1566,1467,1656,1719,1503,1575,1674,1737,1458,1728,1746,
Shot 11:1845,1791,1827,1809,1854,1836,
Shot 12:1863,
Shot 13:1926,1872,1881,1890,1899,1953,1917,1935,1944,
Shot 14:1980,2070,2097,2034,2088,2079,2016,1989,1971,
Shot 15:2106,
Shot 16:2115,
Shot 17:2142,2133,2151,
Shot 18:2160,
Shot 19:2169,2178,
Shot 20:2187,
Shot 21:2196,
Shot 22:2511,2457,2340,2268,2448,2466,2295,2484,2439,2205,2322,2331,2529,2520,
Shot 23:2826,2907,2619,2889,2565,2700,2538,2601,2727,2583,2781,2898,2628,2709,2556,2547,2844,
Shot 24:2943,2925,2961,2952,2934,
Shot 25:3105,3015,3033,2988,3006,3213,3051,2997,2970,3087,3132,3096,3123,
