Shot 0:9,
Shot 1:99,27,45,36,54,72,63,126,117,
Shot 2:234,216,180,162,198,315,369,135,
Shot 3:486,405,432,468,
Shot 4:639,522,585,693,549,495,567,603,666,
Shot 5:855,729,792,720,810,747,837,
Shot 6:1044,1350,1278,1323,1152,882,1359,1098,1071,1314,1125,936,1332,1224,1089,981,1017,1035,
Shot 7:1566,1368,1413,1692,1377,1665,1449,1728,1404,1656,1701,1521,
Shot 8:1809,1791,1827,1800,1818,1782,
Shot 9:1890,1845,1872,
Shot 10:2241,2151,2538,1998,1899,2187,1989,2025,2439,2061,1971,2142,2358,2124,2394,2520,2268,1935,1953,2331,2502,
Shot 11:2583,
Shot 12:2601,
Shot 13:2646,2610,2619,2628,2700,2637,2655,
