Shot 0:198,18,63,9,135,108,207,
Shot 1:1386,405,468,234,981,288,612,531,630,576,495,585,1251,837,1323,1206,927,1314,1143,1350,891,1377,1368,1089,909,1332,990,1404,
Shot 2:1521,1629,1611,1458,1575,1602,1503,1548,1485,1512,1530,
Shot 3:1638,1647,
Shot 4:1917,1656,1782,2016,
Shot 5:2106,2025,2034,2070,2043,2133,2052,2088,
Shot 6:2169,2196,2277,2358,2151,2223,2349,2259,2304,2187,2160,
Shot 7:2457,2466,
Shot 8:2484,
Shot 9:2520,2538,2529,2547,2511,
Shot 10:2691,2709,2574,2610,2664,2628,2601,2583,2646,2682,2700,
Shot 11:2934,3150,3042,3195,3204,3258,3123,2970,3141,3087,3024,2826,3177,3006,3132,3105,2880,3276,3240,3114,2844,2961,2898,2835,2916,2943,2925,2952,
Shot 12:3537,3393,3303,3501,3564,
Shot 13:3654,3600,3636,
Shot 14:3708,
