Shot 0:180,333,315,279,36,306,288,198,99,270,324,9,
Shot 1:1026,756,774,1269,747,765,846,792,1071,981,
Shot 2:1359,1395,
Shot 3:1440,1863,1917,1827,1854,1611,1881,1746,1701,1656,1548,1719,1773,1836,1629,1683,1512,1458,1431,1602,1809,1872,
Shot 4:2403,2052,2151,2025,2565,1944,2232,2520,2133,1935,2331,2277,2493,2637,2466,2214,2556,2619,2304,2070,2439,2592,2367,2340,2322,
Shot 5:2826,2691,2655,2799,2709,2736,2700,2781,
Shot 6:2835,2862,
Shot 7:2880,2871,2889,
Shot 8:2898,2943,2952,2907,2916,2934,2970,2925,2961,
Shot 9:2988,3006,2997,2979,
Shot 10:3060,3105,3015,3024,
Shot 11:3123,3132,3114,3141,
Shot 12:3159,3222,3249,3150,3186,
Shot 13:3258,
Shot 14:3357,3393,3438,3447,3339,3303,3375,3321,3384,3429,3348,3366,
Shot 15:3501,3456,3555,3591,3564,3528,3573,3483,3465,3510,3492,3582,
Shot 16:3609,3618,3627,3600,
Shot 17:3672,3645,3636,3663,
Shot 18:3717,3690,3753,3735,3699,3681,3708,
Shot 19:3798,3771,3780,
Shot 20:3834,3816,3825,3843,
Shot 21:3906,3942,3861,3960,3969,3852,3870,3879,3897,3924,3915,3951,
Shot 22:3978,3987,
Shot 23:4131,4032,4014,3996,4068,4077,4023,4050,4176,4149,4086,4104,4158,
Shot 24:4194,
Shot 25:4203,
Shot 26:4320,4248,4212,4221,
Shot 27:4518,4437,4419,4698,4563,4608,4446,
Shot 28:4932,4725,4914,4905,5067,4878,5004,4779,4923,5076,4941,
Shot 29:5211,5121,5184,5220,
Shot 30:5229,
Shot 31:5463,5265,5508,5400,5328,5427,5283,5256,5445,5490,5364,5238,5310,5409,5472,5517,5454,5346,
Shot 32:5589,5535,5616,5562,5544,5607,5580,5598,
Shot 33:5625,
Shot 34:5634,5643,
Shot 35:5670,5697,5652,5661,5679,
Shot 36:5733,5769,5706,5760,5751,5778,5742,5715,5724,
Shot 37:5787,5796,
Shot 38:5904,5859,5967,5805,5814,5832,6003,
Shot 39:6048,6057,
Shot 40:6084,6138,6129,6111,6120,6066,6093,6075,
Shot 41:6147,6183,6165,
Shot 42:6192,6219,6201,
Shot 43:6228,6264,6246,
Shot 44:6309,6291,6282,6327,6318,
Shot 45:6336,6345,
Shot 46:6363,6372,
Shot 47:6381,
Shot 48:6408,6390,6426,
Shot 49:6435,6444,
Shot 50:6561,6453,6480,6525,6471,6489,6462,6516,6615,6579,6606,6543,
Shot 51:6732,6759,6642,6687,
Shot 52:6840,
Shot 53:7056,7074,7038,
Shot 54:7209,7272,7128,7227,7155,7191,7245,7173,
Shot 55:7353,7461,7335,7515,7281,7551,7308,7425,7479,7398,7434,7326,7371,
