Shot 0:9,
Shot 1:36,90,
Shot 2:126,
Shot 3:432,252,279,369,387,396,198,414,405,423,441,
Shot 4:531,450,477,495,459,549,513,468,486,540,522,
Shot 5:558,
Shot 6:747,873,810,945,900,711,666,792,909,846,864,855,936,801,648,882,729,783,837,918,927,891,639,765,
Shot 7:954,
Shot 8:1476,1458,1521,1431,
Shot 9:1539,1620,1584,1566,1602,1530,
Shot 10:1638,
Shot 11:1899,1755,1836,
Shot 12:1989,
Shot 13:2475,2385,2628,2529,2457,2493,2439,
Shot 14:2790,2754,2700,2763,2664,2745,2646,2673,2727,2808,2772,2799,2781,
Shot 15:3231,3186,3024,2907,3339,2961,3285,2835,2979,2943,2997,3276,3015,3312,2925,3267,3330,3195,2862,2889,3042,3321,2934,3249,3258,3240,
Shot 16:3438,3357,3393,3474,3420,3456,3366,
Shot 17:3573,3501,3555,3591,
Shot 18:3600,
Shot 19:3636,3690,3663,3609,3681,3654,3618,3645,3627,
Shot 20:3825,3699,3807,
Shot 21:4113,3942,4068,4023,4014,4086,4077,4122,4104,4059,3915,
Shot 22:4131,
Shot 23:4761,4788,4779,4752,
Shot 24:4806,4833,4842,4797,4824,
Shot 25:4869,4878,4851,4860,
Shot 26:4896,4923,4932,4914,4887,
Shot 27:4941,
Shot 28:5067,
