Shot 0:801,81,648,9,288,720,1008,45,612,261,126,297,972,666,108,846,450,
Shot 1:1080,1053,1071,1044,1089,1062,
Shot 2:1098,1125,1116,1107,
Shot 3:1179,1134,1269,1224,1296,1305,1251,1161,1215,1143,1242,1278,1152,1206,1170,1233,1188,
Shot 4:1377,1431,1314,1323,1467,1404,1332,1359,1449,1422,1386,1341,1350,
Shot 5:1476,1539,1521,1530,1512,1485,
Shot 6:1872,1548,1683,1737,1917,1764,1674,1728,1899,1611,1791,1710,1584,1773,1692,1638,1809,1908,1557,1890,1647,1854,1629,1881,
Shot 7:1962,1980,1971,1944,
Shot 8:2097,1989,2061,2007,2052,2070,2043,1998,2160,2034,2079,2088,2115,2016,2151,
Shot 9:2205,2232,2214,2223,2187,
Shot 10:2322,2268,2241,2277,2340,2295,2250,2313,2331,
Shot 11:2403,2772,2754,2556,2691,2682,2700,2493,2709,2664,2637,2520,2727,2736,2358,2763,2619,2718,2592,2781,2385,2574,2538,2673,2466,2439,2412,2421,2565,
Shot 12:2790,2799,
Shot 13:2898,2817,2826,2862,2853,2844,2835,2880,2889,2907,2808,
Shot 14:2934,2916,2925,
Shot 15:2961,2988,2970,2979,2952,2943,
Shot 16:3006,3015,3051,3024,3060,2997,3033,3042,3078,3069,
Shot 17:3087,
Shot 18:3096,
Shot 19:3168,
Shot 20:3240,
Shot 21:3312,
Shot 22:3384,3456,
Shot 23:3672,3600,3528,
Shot 24:3771,3816,3888,3798,3996,4059,3915,3789,4032,3753,4050,4041,3780,
Shot 25:4131,4077,4104,4122,
Shot 26:4140,4158,4149,
Shot 27:4329,4167,4185,4383,4239,4284,4194,4446,4365,4338,
Shot 28:4545,4662,
