Shot 0:108,9,18,27,135,36,126,117,81,
Shot 1:144,
Shot 2:162,153,180,
Shot 3:225,252,207,234,216,
Shot 4:405,621,567,378,576,549,711,477,387,558,414,396,585,
Shot 5:1161,1242,783,1404,900,720,1053,1377,1233,891,918,1224,1386,1062,1071,1368,729,882,1044,909,1215,1395,1413,1251,1080,738,1206,873,
Shot 6:1620,1908,1764,1584,1773,1782,1755,1746,1593,1791,1845,1602,1611,
Shot 7:1944,2115,1917,2097,2088,1926,2106,2079,1935,
Shot 8:2313,2493,2160,
Shot 9:2709,
Shot 10:2880,2961,2853,
Shot 11:3069,
Shot 12:3492,3276,3348,3519,
Shot 13:3699,3717,
Shot 14:3906,4158,
Shot 15:4230,
