Shot 0:261,540,450,729,891,945,612,18,675,1161,1008,828,504,810,1053,567,963,1116,468,864,432,702,486,765,531,1080,1062,54,333,1134,639,162,954,792,594,1035,45,1017,513,918,360,666,837,1152,1026,1143,603,1071,558,522,549,81,27,9,576,441,693,999,1089,747,684,1098,135,405,216,477,459,801,495,819,144,306,396,738,990,90,882,153,171,63,855,297,1107,657,783,1125,900,873,648,72,423,243,117,720,927,630,621,774,414,36,909,324,126,369,270,225,846,189,207,711,279,342,252,981,756,378,198,351,234,99,108,972,315,387,180,288,
Shot 1:1323,1224,1395,1269,1287,1179,1242,1233,1206,1215,1386,1188,1260,1377,1278,1197,1368,1314,1296,1251,1332,1359,1341,1170,1305,
Shot 2:1548,1674,1629,1620,1458,1647,1656,1683,1467,1611,1413,1476,1593,1638,1503,1431,1665,1404,1575,1485,1539,1440,1512,1494,1602,1566,1584,1530,1422,1449,1521,1557,
Shot 3:1692,1701,
Shot 4:1818,2403,1935,2097,2322,2376,1881,1962,2052,2295,2304,2142,1728,2358,2079,2340,2385,2070,1908,2205,2178,2025,1719,1899,2115,1944,1989,2313,2088,2331,1998,2151,1917,2394,1863,1953,2016,2106,1890,2043,2277,2268,2124,1971,2367,1926,1800,2169,2349,2034,2133,1836,1710,2160,1737,2223,1809,1827,1782,
Shot 5:2682,2430,2565,2754,2601,2511,2781,2628,2466,2727,2583,2412,2709,2610,2439,2448,2502,2718,2547,2619,2655,2700,2763,2421,2574,2637,2475,2646,2691,2484,2529,2862,2664,2493,2520,2673,2556,2538,
Shot 6:2925,2889,2898,2952,2907,2943,2934,2916,
Shot 7:2970,2979,2961,
Shot 8:3060,2997,3087,3024,3042,2988,3051,3006,3015,3078,3033,3069,
Shot 9:3312,3375,3519,3483,3222,3096,3195,3510,3339,3177,3231,3474,3330,3150,3348,3204,3465,3429,3492,3213,3249,3276,3123,3357,3159,3384,3501,3402,3438,3456,3186,3168,3240,3258,3447,3132,3105,3393,3321,3114,3294,3141,3285,3303,
Shot 10:3528,
Shot 11:3537,3546,
Shot 12:3573,3555,3582,3564,
Shot 13:3591,3600,
Shot 14:3627,3609,3618,
Shot 15:3636,3645,
Shot 16:3654,
Shot 17:3672,3663,3681,
Shot 18:3690,
Shot 19:3699,
Shot 20:3708,3717,
Shot 21:3726,3735,
Shot 22:3780,3753,3789,3771,3744,3762,
Shot 23:3798,
Shot 24:3807,3816,
Shot 25:3906,3852,4095,3951,3825,3870,3942,4068,3843,3924,3888,3987,4086,3861,3915,3960,4059,3897,3834,
Shot 26:4608,4419,4104,4113,4167,4185,4401,4194,4626,4320,4131,4437,4392,4176,4671,4455,4482,4428,4275,4293,4356,4221,4122,4383,4536,4617,4140,4563,4653,4284,4212,4446,4203,4635,4473,4230,
Shot 27:4707,4734,4716,4680,4689,4698,4725,
Shot 28:4770,4815,4806,4743,4788,4752,4761,4797,4779,
Shot 29:4860,5112,4932,4824,4968,5085,4977,4833,5130,5076,4878,4914,4950,4842,4941,4851,5121,4869,5094,
