Shot 0:180,513,9,
Shot 1:576,666,
Shot 2:1008,783,828,747,
Shot 3:1017,
Shot 4:1125,
Shot 5:1413,1521,1665,1215,1485,1566,1782,1764,1260,1377,1395,1440,1494,1719,1332,1467,1476,1359,1530,1683,1773,1746,1800,1458,1701,1386,1314,1791,1593,1755,1503,1449,1404,1368,1431,1350,1341,1422,
Shot 6:2286,1980,1890,2583,2160,2538,2070,2448,2556,2466,2547,2403,2529,2457,2430,2475,2385,2331,2520,2412,2511,2394,2340,2439,2574,2565,2313,2277,2322,2484,2358,2349,2259,2295,2376,2502,
Shot 7:2727,2862,2943,2772,2673,
Shot 8:3258,3132,3168,3204,3267,3060,3231,
Shot 9:3312,3321,3294,
Shot 10:3357,3339,3366,
Shot 11:3393,
