Shot 0:9,144,
Shot 1:162,
Shot 2:171,
Shot 3:234,180,189,198,243,207,216,225,
Shot 4:306,252,360,279,270,261,288,342,297,324,315,
Shot 5:369,378,
Shot 6:414,612,594,603,549,567,585,576,531,387,504,396,
Shot 7:621,
Shot 8:648,630,657,639,
Shot 9:666,
Shot 10:684,675,702,
Shot 11:963,729,765,909,819,873,747,1197,927,837,900,774,1260,936,1035,
Shot 12:1467,1548,1341,1287,1539,1377,1296,1323,1359,1521,1413,1530,1449,1431,1503,1494,1458,1476,
Shot 13:1557,
Shot 14:1566,
Shot 15:1584,1575,1593,
Shot 16:1638,1674,1602,1647,1620,
Shot 17:1683,
Shot 18:1692,1701,
Shot 19:1737,1710,1719,1728,1746,
Shot 20:1836,1818,1827,1845,
Shot 21:1917,2124,1962,1989,2007,1998,1935,1971,1980,2016,2052,1953,1926,1890,1863,1854,2034,
Shot 22:2205,2340,2349,2151,2196,2331,2358,2169,2304,2187,2250,
Shot 23:2367,
Shot 24:2466,2376,2394,2592,2448,2385,2610,2493,2412,2565,
Shot 25:3042,3150,3114,2727,3168,3177,3213,3123,3195,2709,3159,2925,3186,3204,3132,2970,2988,3087,3006,2952,
Shot 26:3681,3780,3348,3249,3627,3258,3222,3771,3294,3231,3609,3339,3564,3510,3366,3483,3267,3330,3573,3645,3546,3663,3726,3465,3708,
Shot 27:3816,3789,3906,3798,3861,3897,3807,3834,
Shot 28:4221,3951,4266,
