Shot 0:432,936,693,882,171,576,1017,774,306,918,801,234,135,603,864,216,990,657,945,873,9,387,45,198,927,756,99,477,495,684,126,891,621,837,513,954,117,450,765,414,459,666,369,333,441,423,
Shot 1:1026,
Shot 2:1269,1215,1044,1251,1035,1287,1107,1260,1179,1233,1314,
Shot 3:1350,1386,1332,
Shot 4:1422,1404,1413,1431,
Shot 5:1440,1449,
Shot 6:1458,
Shot 7:1467,
Shot 8:1476,
Shot 9:1548,1503,1485,1512,1494,1521,1566,
Shot 10:1584,
Shot 11:1620,1593,1647,1602,1638,1629,1611,
Shot 12:1818,1665,1683,1872,1701,1692,1674,1746,1782,1737,1845,1719,1764,1710,1800,1809,
Shot 13:1926,2304,2322,2124,2061,2169,2313,2151,2133,2142,2007,2277,2115,2295,2160,2025,1908,2088,2340,2178,2250,2079,2106,2097,1989,2043,1917,1998,1971,2070,2034,2232,1935,1962,
Shot 14:2358,2376,2367,
Shot 15:2439,2394,2421,2412,2457,2385,2403,2430,2448,
Shot 16:2484,2466,2502,2475,2493,
Shot 17:2538,2574,2511,2520,2556,2529,2565,2583,2547,
Shot 18:2673,2610,2637,2727,2709,2655,2691,2700,2646,2718,2628,2664,2682,
Shot 19:2817,2745,2781,2763,2772,2835,2754,2790,2808,2826,
Shot 20:2997,2853,2925,3051,2871,3042,2961,2907,2943,2988,3024,2979,3015,2862,3006,2889,
Shot 21:3060,
Shot 22:3069,
Shot 23:3123,3096,3078,3150,3087,3141,3105,3114,3132,
Shot 24:3159,3168,
Shot 25:3177,3186,
Shot 26:3195,
Shot 27:3204,
Shot 28:3672,3213,3276,3321,3240,3375,3555,3501,3294,3618,3591,3699,3636,3222,3420,3339,3690,3645,3285,3537,3402,3681,3663,
Shot 29:3708,
Shot 30:3726,3717,3735,
Shot 31:3744,3753,
Shot 32:3762,3771,
Shot 33:3780,3789,
Shot 34:3807,3798,3816,
Shot 35:3834,3843,3825,
Shot 36:3852,
Shot 37:3861,3870,
Shot 38:3933,3906,3879,3897,3888,3969,3951,3942,3924,
Shot 39:3978,
Shot 40:4005,3987,4014,3996,
Shot 41:4023,4032,
Shot 42:4041,
Shot 43:4050,4059,
Shot 44:4068,4077,
Shot 45:4104,4086,4122,4095,4113,
Shot 46:4158,4140,4149,4167,
Shot 47:4230,4293,4275,4203,4194,4185,4248,4212,4176,4257,4284,4266,4221,4239,
Shot 48:4329,4302,4311,4347,4320,
