Shot 0:9,540,522,315,378,270,261,279,144,513,504,360,288,423,252,342,90,531,243,162,72,558,171,117,36,468,63,126,
Shot 1:936,774,783,639,792,594,765,1053,
Shot 2:1125,1107,1116,1134,
Shot 3:1188,1206,1143,1197,1179,1152,
Shot 4:1215,1224,
Shot 5:1242,1233,1251,
Shot 6:1566,1332,1449,1278,1260,1530,1296,1476,1602,1269,1548,1584,
Shot 7:1611,1665,1746,
Shot 8:1809,1791,1764,1800,1827,1773,1818,
Shot 9:2034,3114,3132,2682,2808,1836,1953,2772,2799,2448,2673,2187,3123,2664,3096,2952,2160,2394,2988,2835,2169,1863,2709,2115,1881,2700,3141,2412,2745,2052,2565,3033,2385,2934,2079,2943,1998,2898,3069,2466,3078,2826,2178,2043,3105,2070,
