Shot 0:297,90,45,153,18,279,207,9,351,63,396,333,369,72,180,243,360,27,342,387,108,81,261,288,306,270,315,216,144,162,99,
Shot 1:1647,1917,1314,576,1080,423,1188,1368,1899,720,1872,1503,1197,882,1764,702,1278,1566,954,1242,1854,909,1449,441,1296,1791,585,1062,1719,1404,414,1332,1890,837,711,1530,1287,1692,1053,900,729,1350,1305,936,1863,1611,864,945,1089,891,1485,1746,1584,1845,1386,1233,981,1773,1881,1422,1629,1593,1665,1557,1755,1512,972,1575,1440,1782,1521,1395,1359,1656,1602,1458,1494,1638,873,1413,1377,
Shot 2:1980,2034,1926,1998,1953,2016,2025,2007,1935,1989,1962,1971,2043,
Shot 3:2052,
Shot 4:2061,
Shot 5:2142,2277,2223,2088,2205,2169,2124,2232,2187,2250,2268,2070,2160,2115,2214,2097,2196,2133,2178,2079,2151,
Shot 6:2286,2295,
Shot 7:2304,
Shot 8:2322,2367,2376,2358,2340,2385,2313,2331,2349,
Shot 9:2394,2430,
Shot 10:2448,2439,2457,
Shot 11:2502,2682,2466,2556,2475,2610,
Shot 12:2718,2745,2736,2709,2727,
Shot 13:2763,2772,2781,2754,
Shot 14:2790,2799,
Shot 15:2853,2844,2835,2817,
Shot 16:2925,2862,2880,2943,
Shot 17:3195,3366,3330,3213,3348,3357,3384,3114,3429,3258,3420,3231,3285,3132,3321,3087,3222,3150,
Shot 18:3438,
Shot 19:3474,3447,3465,3483,
Shot 20:3501,3519,3492,
Shot 21:3564,3528,3537,3573,
Shot 22:3645,
Shot 23:3654,3663,
Shot 24:3933,3753,3996,3681,3735,3744,3852,3771,3699,3906,3960,
Shot 25:4014,4032,4086,4005,4050,
Shot 26:4149,4185,
Shot 27:4464,4293,4401,4518,4221,4356,4383,4284,4311,4203,4428,4329,4491,4257,4446,4410,4239,4392,4500,4230,4338,4212,4527,4374,4482,
Shot 28:4608,4689,4725,4545,4653,4761,4698,4662,4635,4671,4572,4644,4590,4680,4626,4617,
Shot 29:4788,4851,4887,4779,4833,
Shot 30:4905,5085,5022,4896,5049,4977,
Shot 31:5193,5211,5256,5112,5238,5166,5220,
Shot 32:5265,
Shot 33:5274,
Shot 34:5283,
