Shot 0:18,72,45,36,27,9,
Shot 1:324,144,90,270,306,342,
Shot 2:477,567,396,540,558,513,414,522,504,387,531,405,423,495,
Shot 3:630,576,594,666,
Shot 4:801,675,819,729,738,720,810,747,774,756,684,711,
Shot 5:828,
Shot 6:981,1080,837,873,846,1035,1116,864,936,1071,891,918,855,954,1053,999,
Shot 7:1179,1233,
Shot 8:1296,1251,1305,
Shot 9:1359,1323,1332,1350,1368,
Shot 10:1386,1395,1377,
Shot 11:1440,1521,1404,1485,
Shot 12:1710,1620,1674,1719,
Shot 13:1827,1737,1764,1773,1782,1800,
Shot 14:1881,1845,1917,
Shot 15:1962,1926,1989,
Shot 16:2061,2196,
Shot 17:2403,2475,2250,2565,2232,2304,2538,2493,2277,2358,2421,2502,2448,2286,2520,2331,2547,2268,2511,2340,2529,2439,2385,2484,2457,2367,2349,2295,2313,2430,2412,
Shot 18:2799,2709,2628,2682,2592,2664,2574,2727,2646,2691,2754,2700,2583,2790,2817,
Shot 19:2925,2871,2961,2943,
Shot 20:2988,
