Shot 0:90,405,351,360,27,243,153,216,378,198,288,135,9,207,369,126,387,54,81,99,45,234,396,
Shot 1:432,441,
Shot 2:459,468,450,
Shot 3:486,504,495,
Shot 4:513,
Shot 5:558,531,639,522,603,621,657,576,540,648,630,594,612,549,
Shot 6:711,747,675,729,684,666,738,720,693,702,
Shot 7:756,765,
Shot 8:810,792,774,783,819,801,
Shot 9:837,846,828,
Shot 10:855,864,
Shot 11:882,891,873,
Shot 12:900,
Shot 13:927,909,918,936,
Shot 14:1008,954,1053,999,1044,963,981,945,1026,972,1035,990,1017,
Shot 15:1062,1071,
Shot 16:1089,1080,1098,
Shot 17:1161,1125,1134,1107,1143,1116,1152,1170,
Shot 18:1224,1206,1179,1215,
Shot 19:1260,1278,1269,1233,1242,1251,1287,
Shot 20:1296,
Shot 21:1305,1314,
Shot 22:1341,1323,1332,
Shot 23:1395,1458,1485,1359,1413,1422,1368,1350,1440,1467,1386,1476,1377,
Shot 24:1539,1611,1575,1503,1629,1620,1512,1566,1494,1584,1638,1548,1521,1602,1530,
Shot 25:1674,1647,1710,1656,1692,1665,
Shot 26:1782,1944,1935,1899,1827,1890,1917,1926,1854,1863,1737,1872,1845,1719,1800,1881,1818,1836,1791,
Shot 27:1953,1962,
Shot 28:1971,
