Shot 0:225,9,270,
Shot 1:828,783,846,819,810,837,
Shot 2:855,
Shot 3:900,873,936,864,918,891,909,882,927,
Shot 4:1125,999,972,1287,1062,1026,990,945,963,1314,1044,1008,981,1260,1395,954,1359,1071,1170,1017,1323,1269,1035,1053,1098,1215,1089,1377,1143,1188,1332,1206,1296,1152,1224,
Shot 5:1782,1404,1557,1458,1656,1593,1674,1494,1521,1575,1647,1737,1719,1728,1746,1791,1755,
Shot 6:1800,
Shot 7:1935,1998,1854,1980,1881,1971,2097,2133,1872,1890,
Shot 8:2376,2223,2259,2304,2277,2340,2250,2196,2358,2331,2394,2286,
Shot 9:2430,2412,2529,
Shot 10:2556,
Shot 11:2664,2682,2646,2655,2673,
Shot 12:2844,2691,2709,2700,2727,
Shot 13:3258,4113,2943,3159,4149,2871,3168,3096,4131,3366,3222,3204,4140,3024,3150,3087,3528,3231,3303,2961,3240,3276,2988,3249,
Shot 14:4221,4167,4275,4257,4185,4176,4248,4239,4194,4230,
Shot 15:4392,4302,4320,4401,4365,
Shot 16:4410,
Shot 17:4446,5319,
