Shot 0:648,450,9,243,387,
Shot 1:747,783,
Shot 2:792,
Shot 3:801,810,
Shot 4:828,819,882,846,837,
Shot 5:909,891,945,936,900,918,
Shot 6:972,1134,1116,1098,1143,1008,1044,954,1089,990,1125,1062,981,963,
Shot 7:1170,1224,1152,1188,1161,1179,
Shot 8:1242,1233,1251,
Shot 9:1305,1332,1260,1368,1323,1269,1287,1350,1341,1296,1278,1314,
Shot 10:1395,1386,1404,
Shot 11:1458,1494,1422,1431,1413,1476,1485,1440,1449,1467,
Shot 12:1503,
Shot 13:1539,1512,1521,1530,1548,
Shot 14:1557,
Shot 15:5031,4941,4995,4896,4968,5058,5004,4950,4977,4986,4914,5040,5013,5022,5049,
Shot 16:5463,5067,5652,5157,5778,5283,5085,5580,5247,5418,5499,5616,5859,5301,5724,5112,5220,5346,5688,5274,5130,5256,5481,5751,5382,5832,5535,5103,5445,5436,5634,5598,5292,5184,5472,5796,5238,5202,5121,5076,5094,5625,5490,5310,5643,5787,5454,5679,5868,
Shot 17:6165,5877,5931,6210,6102,6471,5922,6390,6381,5958,6183,6273,6129,5913,6399,6147,6192,5985,6363,6408,6426,6174,6228,6291,6156,
