Shot 0:81,243,9,
Shot 1:261,720,
Shot 2:1413,1818,1674,1611,1161,1314,1242,1521,1368,1233,1296,1575,1197,1386,1215,1467,1494,1431,1404,
Shot 3:1917,2016,1872,1962,1944,1989,1890,1971,1935,1998,1881,1908,
Shot 4:2034,2097,2178,2070,2052,
Shot 5:2484,2340,2547,2511,2466,
Shot 6:2592,2610,2619,2556,2574,2601,2565,
Shot 7:2628,2718,2691,2646,
Shot 8:2736,2781,2763,2754,2772,2745,
Shot 9:2817,2916,2862,2790,2970,2889,2799,2853,2871,2835,2826,2808,2925,2880,
Shot 10:3222,3384,2988,3492,3096,3465,3114,3132,3429,3168,3312,3006,3150,3294,3366,3186,3033,3060,3357,3042,3105,3348,3195,3375,3177,3141,3303,3087,3321,3249,3204,
Shot 11:3978,3564,4176,3699,3537,4401,4860,4518,3753,3573,3735,4563,4239,4059,4437,4608,4905,4743,4644,4293,4419,4689,4383,4104,4770,4725,4707,3987,4410,3816,3762,
Shot 12:4968,
Shot 13:5022,4986,5076,4995,5049,5013,5031,5004,
Shot 14:5121,5184,
Shot 15:5193,
Shot 16:5337,
Shot 17:5346,
Shot 18:5355,
Shot 19:5364,
Shot 20:5382,5391,5373,
Shot 21:5400,
Shot 22:5409,
Shot 23:5418,
Shot 24:5481,5445,5427,5436,5454,5463,5490,5499,5472,
Shot 25:5508,5517,
Shot 26:5526,5535,
Shot 27:5562,5571,5544,5553,
Shot 28:5589,5634,5616,5607,5625,5598,5580,5643,
Shot 29:5670,
Shot 30:5679,5814,
Shot 31:6426,6147,6714,6192,6759,5994,6777,6012,6678,6795,6282,6669,6723,6696,6705,6687,6615,6741,6552,6525,6480,6597,6390,6633,6435,
Shot 32:6804,
Shot 33:6930,
Shot 34:7677,
Shot 35:7686,7695,
Shot 36:7983,8334,7722,8271,7875,7974,
