Shot 0:18,9,27,
Shot 1:72,180,45,216,198,153,36,207,225,108,
Shot 2:234,324,270,306,243,288,
Shot 3:414,360,387,342,432,441,405,423,
Shot 4:450,459,
Shot 5:477,504,495,468,
Shot 6:603,585,549,522,540,621,576,
Shot 7:684,648,675,657,666,630,702,
Shot 8:720,
Shot 9:729,
Shot 10:738,756,
Shot 11:765,774,
Shot 12:927,810,837,792,900,873,828,855,801,819,936,
Shot 13:945,954,
Shot 14:963,
Shot 15:972,981,
Shot 16:990,1017,1008,1026,999,
Shot 17:1035,
Shot 18:1071,1107,1089,1053,1116,1062,1044,
Shot 19:1161,1278,1305,1233,1188,1170,1296,1206,1287,1269,1314,1152,1251,1134,1125,
Shot 20:1323,1332,
Shot 21:1368,1359,1350,1341,
Shot 22:1422,1485,1476,1404,1395,1440,1431,1413,1458,
Shot 23:1512,1521,1494,
Shot 24:1548,1530,1539,
Shot 25:1557,
Shot 26:1575,
Shot 27:1584,
Shot 28:1611,1593,1683,1602,1638,1665,
Shot 29:1719,1737,1701,
Shot 30:1800,1746,1782,1755,1818,1845,
Shot 31:1863,
Shot 32:1872,
Shot 33:2322,1935,1881,1998,2088,2664,1899,2709,1890,2106,2169,2097,2412,2079,2223,2493,2628,2250,2394,2268,2520,2376,2646,2286,2610,2277,2574,
Shot 34:3762,2727,3942,2763,2862,3492,3924,2781,3519,3474,3069,2952,3546,3915,3933,3033,3114,3573,3501,2790,3438,3267,3150,3348,3195,3078,3645,3384,3312,3906,3870,3663,3897,3411,3177,3213,3681,3798,3825,3402,3843,3780,3393,3888,3852,
Shot 35:4014,3960,4059,3969,3951,4041,3996,
Shot 36:4104,4077,4068,4113,
Shot 37:4131,4149,4140,4122,
Shot 38:4176,4212,4419,4356,4302,4482,4383,4158,4257,4437,4473,4284,4320,4410,4239,4185,4167,
Shot 39:4491,4500,
Shot 40:4509,
Shot 41:4518,
Shot 42:4725,4590,4779,4536,4554,4572,4698,4608,4527,4680,4644,4626,4752,
Shot 43:4851,4842,4806,4896,4833,4815,4860,
Shot 44:4905,
Shot 45:4914,
Shot 46:5121,5130,5184,5076,5148,5166,4986,4923,5175,5013,5139,5157,5067,
Shot 47:5247,5418,5193,5400,5409,5292,5391,5265,5373,5319,5382,5337,5256,5301,5211,5229,
Shot 48:5490,5463,5553,5445,5427,5499,5472,5508,5481,
Shot 49:5562,5607,5625,5598,5589,5571,
Shot 50:5670,5733,5688,5742,5724,5652,5697,5661,5679,
Shot 51:5751,5769,
Shot 52:5778,
Shot 53:5787,
Shot 54:5886,6030,5796,5823,5985,5859,5868,5994,5877,5895,
Shot 55:6066,
Shot 56:6075,
Shot 57:6084,
Shot 58:6093,6102,
Shot 59:6129,6147,6156,6111,6165,6174,6138,6120,
Shot 60:6183,6192,
Shot 61:6201,6228,6219,6210,
Shot 62:6237,
Shot 63:6291,6273,6246,6309,6300,
Shot 64:6327,6345,6336,
Shot 65:6417,6372,6399,
Shot 66:6768,6426,6822,6948,6687,6705,6849,6552,6966,6930,6471,6957,6696,6435,6939,6669,7002,6678,6921,6444,6831,6876,6615,6813,6903,6498,6516,6795,6912,6660,6714,6543,6480,6462,6534,6597,6741,6651,6507,6759,6777,6723,
Shot 67:7110,7056,7038,7083,7101,
