Shot 0:18,9,27,
Shot 1:135,90,144,
Shot 2:162,153,171,
Shot 3:315,396,288,198,450,252,279,180,432,225,351,297,423,378,306,387,333,261,405,189,
Shot 4:459,
Shot 5:531,774,765,702,603,666,729,747,684,477,567,621,738,585,486,675,711,504,657,540,522,
Shot 6:801,864,846,990,1026,909,954,828,927,819,873,972,945,1008,783,981,900,837,1017,792,855,810,
Shot 7:1179,1053,1035,1116,1206,1080,1062,1098,1170,1188,1107,1125,1197,1161,1071,
Shot 8:1251,1215,1269,1233,
Shot 9:1620,1350,1296,1386,1323,1656,1449,1638,1629,1467,1476,1485,1647,1530,1314,1611,
Shot 10:1737,1692,1782,1953,1935,1854,1719,
