Shot 0:81,9,225,108,180,171,207,63,117,99,135,27,144,243,18,162,153,45,54,72,90,36,
Shot 1:297,252,342,288,270,306,324,279,333,315,
Shot 2:351,
Shot 3:414,378,387,432,441,360,405,423,396,369,
Shot 4:495,540,531,549,477,486,468,459,522,504,450,513,
Shot 5:621,567,594,675,648,558,630,639,612,
Shot 6:693,801,819,846,792,765,
Shot 7:873,909,900,864,
Shot 8:1026,927,1008,1044,972,945,1017,1035,999,1053,
Shot 9:1071,1062,1080,
Shot 10:1089,
Shot 11:1098,1107,
Shot 12:1116,1161,1143,1125,
Shot 13:1179,1197,1188,1170,
Shot 14:1206,
Shot 15:1242,1287,1323,1278,1269,1296,1224,1233,1251,1305,1314,
Shot 16:1341,1359,1350,1332,
Shot 17:1512,1476,1440,1485,1467,1494,1521,1503,
Shot 18:1548,1593,1530,1557,1539,1566,
Shot 19:1611,1620,
