Shot 0:27,54,45,9,36,
Shot 1:63,
Shot 2:72,81,
Shot 3:108,90,99,
Shot 4:144,171,135,126,162,117,153,
Shot 5:189,207,180,
Shot 6:216,
Shot 7:531,252,360,612,297,603,594,324,441,468,621,576,288,405,504,225,351,522,387,486,423,279,477,459,513,495,549,234,540,
Shot 8:792,729,1044,711,666,1008,1062,738,630,693,927,891,765,846,675,1053,1035,819,774,756,954,909,801,747,882,
Shot 9:1206,1080,1071,1152,1107,1089,1179,1134,1116,1188,1170,1224,
Shot 10:1962,1404,1242,1476,1323,1305,1692,1530,1782,1422,1359,1458,1287,1602,1386,1494,2007,1827,1764,1314,1431,1674,1854,2034,1377,1413,1341,2025,1881,1656,1575,1980,1485,1755,1917,1539,1899,1971,
Shot 11:2349,2592,2196,3033,2142,2556,2493,2619,2097,2259,2772,2295,2655,2835,2241,2511,2124,2061,2313,2970,2457,2574,2565,2871,2709,2403,2169,2745,2610,2637,2250,2934,2889,2421,2817,2277,2304,2079,2547,2043,3015,2178,2286,2385,2367,2268,2916,2808,2340,2736,
Shot 12:3645,3798,3393,3195,3069,3312,3447,3825,3105,3699,3249,3762,3168,3510,3051,3483,3366,3429,3564,3807,3087,3375,3402,3537,3672,3213,3816,3474,3330,3267,3555,3519,3186,3573,3636,3528,3591,3690,3123,3294,3492,3546,
Shot 13:3852,3942,3834,3888,3879,3915,3843,
Shot 14:4536,4833,4392,4779,3960,4131,4707,4257,4374,4428,3987,4302,4734,4608,4464,4194,4680,3969,4815,4410,4050,4743,4158,4383,4284,4005,4401,4563,4590,4239,4446,4347,4635,4086,4311,4788,4725,4761,4275,4698,4824,4212,4140,4059,4842,3996,4014,4518,4554,4752,
Shot 15:5202,6660,6309,6507,6759,4905,6588,6705,5931,6642,6426,6543,6192,5643,5742,5841,4950,6561,6057,6786,6606,6741,6012,5526,6390,5067,4860,6084,6597,6039,6471,4986,5949,5976,5040,5796,5373,5571,6210,6624,5994,6687,6408,5499,6570,5130,6777,6723,6579,6336,6552,5553,6372,5463,6534,6021,5706,5229,5760,6453,6363,5679,5022,5166,6237,5346,6750,5481,5625,4932,5283,6768,5859,4977,6732,6003,6444,4878,6678,5112,5085,5058,6696,5364,5211,5661,6417,5184,5238,5139,4923,4941,4887,5121,6435,5193,5013,
Shot 16:6858,6993,6921,7029,6966,6813,6831,6957,7020,6894,6939,6822,6912,6849,6885,6840,6867,6903,6948,6930,6876,
Shot 17:7038,
Shot 18:7047,7056,
Shot 19:7065,
Shot 20:7074,
Shot 21:7137,7092,7083,7110,7155,7119,
