Shot 0:9,
Shot 1:513,621,396,576,558,585,639,567,549,603,540,
Shot 2:729,666,819,675,801,
Shot 3:954,828,882,891,873,855,900,1026,1008,909,918,990,981,963,927,945,972,
Shot 4:1053,1044,1071,
Shot 5:1179,1332,1260,1296,1098,1269,1251,1125,1143,1116,1134,1107,1152,1224,1161,1188,
Shot 6:1341,
Shot 7:1440,1350,1521,1386,1368,1503,1485,1512,1539,1395,1467,1476,1494,1530,1404,1422,1458,
Shot 8:1989,2700,1566,1611,2196,1782,1548,1629,1701,1593,1728,1575,2133,2061,1746,1854,2097,1557,1620,1899,1764,2169,1656,1809,2124,1737,1638,1602,2079,1755,1719,2052,2142,2106,2187,1908,
Shot 9:2709,2718,
