Shot 0:27,9,234,18,36,
Shot 1:729,2538,1611,1854,1098,1746,1431,603,459,1350,1593,1332,1512,1827,1260,963,468,1557,2898,1935,1530,1170,873,1836,486,846,630,1053,1233,810,1899,918,891,1269,774,1584,
Shot 2:2907,3483,
Shot 3:3564,3654,3573,3492,
Shot 4:3798,3762,3735,3816,
Shot 5:3933,3843,4068,3924,
Shot 6:4077,4383,4230,4374,4221,
Shot 7:4536,4671,4527,
Shot 8:4680,
Shot 9:4833,4905,4995,4824,4896,
Shot 10:5148,5067,5121,5085,5166,
Shot 11:5409,5175,5301,5310,
Shot 12:5535,5679,5670,5463,5616,5562,5481,5418,5508,
Shot 13:6075,6561,5760,6237,6264,6255,6228,6570,
Shot 14:6930,
Shot 15:7146,7182,7614,7596,6939,7605,6966,7038,7578,7002,7092,
