Shot 0:9,
Shot 1:324,288,360,252,378,297,
Shot 2:405,
Shot 3:423,450,414,441,
Shot 4:1170,657,864,972,819,594,513,900,684,666,747,576,1197,1116,990,522,1188,810,1008,918,729,1224,1053,639,882,1026,774,846,1134,459,1098,612,954,540,1242,702,558,909,
Shot 5:1278,1260,1269,1296,
Shot 6:1305,
Shot 7:1413,1368,1449,1647,1512,1674,1593,1314,1377,1566,1440,1746,1521,1755,1485,1701,1791,1539,1728,1629,1359,1467,1773,1395,1656,1548,
Shot 8:1899,2268,1809,2160,2043,2016,2331,2178,2115,1800,2295,1818,2034,2061,1962,1989,2142,2241,1926,1854,1836,1872,
Shot 9:3195,4743,2439,2835,3825,2538,2376,3087,3591,4401,2601,3492,4491,3375,3690,4104,2502,4464,4374,3978,3411,4653,4446,3312,4068,4032,3510,4194,4725,4149,3636,3168,4284,3924,3456,4554,2925,3249,3573,3843,2862,4608,2700,3348,2637,3015,2592,4509,3051,4383,2394,2790,2736,2988,3735,4689,4185,2763,2826,3789,4266,2565,4635,3150,4365,4005,3618,3933,3276,4230,2970,2610,2880,2520,4203,3222,2529,
