Shot 0:144,360,198,81,180,45,72,171,342,189,63,207,90,36,351,333,9,
Shot 1:621,486,540,513,630,504,576,522,549,
Shot 2:657,702,639,729,684,
Shot 3:909,846,783,828,864,801,
Shot 4:954,936,945,963,
Shot 5:1089,
Shot 6:1233,1350,
Shot 7:1440,1386,1404,1467,1395,1413,1458,1431,1449,
Shot 8:1674,1530,1521,1539,1782,1728,
Shot 9:1845,1818,1881,1836,1827,1854,1872,
Shot 10:2070,2178,2115,1971,2025,2133,1980,2151,2007,2034,2052,2187,2061,2106,2142,2043,2169,2160,
Shot 11:2277,2394,2322,2340,
Shot 12:2574,2466,2421,2430,2556,2439,2583,2565,
