Shot 0:36,126,144,153,117,90,108,63,72,45,135,99,54,9,
Shot 1:162,171,
Shot 2:180,189,
Shot 3:198,207,
Shot 4:216,
Shot 5:225,252,243,234,261,270,
Shot 6:279,297,306,288,
Shot 7:315,
Shot 8:324,
Shot 9:333,
Shot 10:342,
Shot 11:360,378,351,369,
Shot 12:2259,414,576,1440,387,396,441,684,405,558,540,1746,513,936,1152,1971,1188,1809,2178,2277,603,1008,450,585,819,1557,495,774,2250,594,2232,1683,1701,1773,2268,
Shot 13:2367,2529,2583,2448,2493,2511,2547,2565,2412,2538,2340,2592,2466,2520,2457,2430,2313,2556,2421,2502,2403,2394,2349,2376,2322,
Shot 14:2664,2601,2655,2610,2628,2637,2619,2682,2646,2673,2691,
Shot 15:2718,2754,2745,2736,2700,2709,
Shot 16:2799,2763,2853,2844,2817,2826,2835,2781,2772,2808,2790,
Shot 17:2862,
