Shot 0:153,270,63,288,252,279,108,243,225,90,9,126,72,207,36,144,
Shot 1:297,
Shot 2:306,
Shot 3:315,
Shot 4:333,342,324,
Shot 5:351,
Shot 6:360,369,
Shot 7:387,378,396,
Shot 8:405,
Shot 9:414,
Shot 10:459,423,450,468,477,
Shot 11:540,504,558,513,531,549,
Shot 12:567,576,
Shot 13:648,594,603,693,666,630,
Shot 14:729,738,702,
Shot 15:756,774,783,747,765,
Shot 16:792,
Shot 17:801,
Shot 18:810,
Shot 19:819,828,
Shot 20:837,
Shot 21:855,846,864,
Shot 22:909,954,873,891,927,945,918,900,882,
Shot 23:2718,2547,2043,1503,2619,2430,1044,981,2268,2106,2592,1629,1017,2205,1413,1116,2484,963,2583,2601,1071,1287,1557,2511,2502,2412,1665,1134,2610,2457,1467,2637,2439,972,2160,2250,990,1026,1602,1089,1359,2133,2331,2187,2565,2817,2295,2655,2529,1647,2088,2232,1773,1269,2493,1053,1683,2367,1314,2151,1674,2097,2556,2259,1485,2079,1854,2214,2169,2115,2664,2124,2178,2142,2277,1719,2196,1971,1296,2673,2763,2070,1881,2286,1755,1494,2691,2007,2061,1692,2736,2709,
