Shot 0:153,9,72,198,117,171,108,180,126,144,162,
Shot 1:225,216,234,
Shot 2:279,288,270,
Shot 3:297,306,
Shot 4:315,324,
Shot 5:990,477,1080,540,693,675,378,567,333,621,747,504,711,423,945,351,387,459,891,522,441,558,1008,972,756,999,909,1017,1026,
Shot 6:1368,1548,1215,1539,1287,1440,1557,1251,1503,1422,1395,
Shot 7:3213,2223,2043,2241,1863,2619,3384,1980,2988,2160,2304,1818,1881,2628,1746,1926,2664,2691,2259,2583,2961,3267,2007,2871,2646,2808,2088,2637,3096,1854,2943,2925,2601,2835,3024,1692,1872,2376,3132,2727,1773,2592,2034,2529,1845,2295,3186,1710,2466,2457,3159,3303,2016,1764,2655,2754,2700,2097,2862,2142,2880,2187,1656,2547,1719,2169,1665,2448,2934,3123,2475,3231,3312,3150,2439,2781,2493,1674,3339,
Shot 8:3510,3834,3717,3483,3501,3519,
Shot 9:4734,4545,4923,4608,3942,4563,4365,4428,4536,4491,4158,4590,4914,4815,4707,4779,4617,4581,4248,4410,4464,4482,4752,4698,4419,4626,4761,
Shot 10:5049,4950,5094,4941,4968,4986,4977,5076,5013,5031,4959,5067,
Shot 11:5112,5121,
