Shot 0:135,9,162,126,153,
Shot 1:333,342,
Shot 2:351,
Shot 3:504,387,360,468,369,603,549,477,513,495,531,396,486,378,450,
Shot 4:792,666,675,720,774,
Shot 5:846,828,837,
Shot 6:1575,1071,873,1395,1503,1179,1296,855,1080,1386,1404,1323,1485,1197,1512,1260,927,1602,1188,882,1422,1305,981,1242,1107,864,1134,918,1449,1287,1584,1206,1377,1413,1098,1476,999,1269,1494,1224,1431,1593,1152,1539,1251,1053,1314,1062,909,891,1557,1566,
Shot 7:1701,1611,1710,1629,1620,1683,
Shot 8:1737,1719,1809,1791,1755,1800,1728,1746,
Shot 9:1863,1818,1827,1836,1872,1854,
Shot 10:2151,2025,2106,1971,2133,1881,2052,1998,2070,2088,2205,2232,2142,2169,2187,2034,2016,2178,2160,2115,2097,1989,2007,
Shot 11:2250,2286,2241,2268,
