Shot 0:27,108,9,
Shot 1:135,
Shot 2:315,189,153,144,225,198,207,234,297,306,324,
Shot 3:351,342,360,
Shot 4:531,720,594,396,756,450,657,414,567,459,369,477,504,378,576,513,540,
Shot 5:1071,1665,1575,1728,1008,792,1413,972,1152,1710,828,1044,1503,864,900,1656,1323,1242,
Shot 6:1827,1998,1881,2034,1764,2025,2043,1791,1899,1953,1872,1800,1845,1989,1908,1836,
Shot 7:2061,
Shot 8:2601,2106,2178,2088,2070,2349,2502,2304,2250,2547,2448,2124,
Shot 9:2700,2997,2655,2853,2772,2925,
Shot 10:3114,3330,3159,3087,3096,3123,3132,3078,
Shot 11:3456,3519,3411,3510,3447,3429,3438,3465,
Shot 12:3546,3564,3582,3537,
Shot 13:4167,3888,4212,4014,3699,4194,3726,4203,3600,4122,4158,
Shot 14:4230,
Shot 15:4824,5085,4293,5544,4257,4338,5202,4698,5652,5337,5760,4950,5643,5130,5022,5688,5139,4239,5247,4266,5157,5436,5409,5121,5616,5103,4761,4500,4410,4725,4995,5013,4644,4932,4626,4959,4680,
Shot 16:5796,5895,5985,5832,5958,5787,5805,5814,
Shot 17:6120,6039,6021,6030,6210,6192,6201,
Shot 18:6237,6291,
