Shot 0:846,9,207,1323,117,1044,1134,1215,1305,1359,450,153,1017,90,1107,702,990,999,729,1080,963,1026,1062,792,828,99,225,
Shot 1:1665,2025,1998,1476,2016,1584,1809,1728,1647,1899,2007,1530,1494,1683,1980,1827,
Shot 2:2061,2043,2052,2034,2088,2079,2097,2070,
Shot 3:2115,
Shot 4:2124,
Shot 5:2151,2160,
Shot 6:2169,
Shot 7:2178,
Shot 8:2187,
Shot 9:2196,2205,
Shot 10:2223,2214,2232,
Shot 11:2241,
Shot 12:2250,
Shot 13:2259,
Shot 14:2268,
Shot 15:2277,
Shot 16:2286,
Shot 17:2295,2304,
Shot 18:2322,2313,2331,
Shot 19:2340,
Shot 20:2457,2358,2385,2655,2601,2403,2628,2583,2637,2565,2520,2610,2349,2394,2646,2412,2592,2430,2547,2502,2619,2439,2574,2511,2475,2556,2448,2466,
Shot 21:2664,
Shot 22:2700,2718,2682,2673,2709,2691,
Shot 23:2745,2727,2736,2754,
Shot 24:3231,2763,2781,3060,2862,3339,3429,2772,2835,3168,2790,3393,3267,3204,3447,3312,3213,3186,3285,3357,3411,3051,3375,3438,3330,3195,3222,3321,3258,3240,
