Shot 0:9,18,
Shot 1:36,
Shot 2:153,225,45,
Shot 3:234,
Shot 4:513,243,459,576,486,495,549,531,
Shot 5:837,1026,630,1539,1287,1125,1593,1476,828,936,693,981,
Shot 6:1620,
Shot 7:1818,1890,1629,1674,1710,1926,1764,1827,1899,
Shot 8:1944,
Shot 9:2223,1953,2169,2187,2196,2277,2205,2250,1962,2241,
Shot 10:3177,2736,2394,2835,2538,2997,3294,3258,3312,2529,2628,2340,2691,
Shot 11:3330,
Shot 12:3609,3339,3492,3537,3420,3627,3519,3645,3384,3600,
Shot 13:3924,3654,3879,3897,3987,3906,3942,3672,3960,3663,
Shot 14:4239,4437,4104,4698,4536,4347,4248,4050,4392,
Shot 15:4725,
Shot 16:4770,4743,4761,4734,4878,
