Shot 0:144,9,180,162,171,153,135,
Shot 1:657,927,801,522,684,918,198,441,945,270,855,891,576,900,873,612,909,540,828,621,639,603,675,
Shot 2:1035,954,1053,963,981,999,1008,1044,1017,
Shot 3:1152,1215,1062,1071,1188,1107,1116,1080,1134,1179,1125,1089,1143,1197,1161,1098,1206,1170,
Shot 4:1242,1269,1224,1233,
Shot 5:1350,1368,1287,1386,1395,1377,1305,1296,1332,1323,1314,1341,1359,
Shot 6:1494,1431,1404,1620,1647,1629,1422,1413,
Shot 7:2205,2061,2016,2097,1710,2034,2295,1737,1926,1836,2268,2043,2304,2088,2286,2232,2106,1665,2151,2052,1719,1998,1827,1683,2079,2187,1854,1899,1953,1692,1989,2196,2070,2115,2241,1935,2214,
Shot 8:2313,2322,
Shot 9:2331,
Shot 10:2358,2538,2547,2673,2385,2754,2664,2349,2367,2484,
Shot 11:2862,2808,2844,2799,2817,2853,2871,
Shot 12:2970,2916,2952,3015,2961,2898,2934,2997,2988,2943,2979,3006,
Shot 13:3708,3411,3024,3267,3240,3555,3258,3807,3402,3321,3249,3429,3798,3276,3420,3789,3564,3546,3474,3780,3285,3492,3510,3483,3537,3456,3366,3573,3438,
Shot 14:3816,
