Shot 0:18,144,261,90,63,117,27,54,207,126,36,135,9,279,243,45,225,99,
Shot 1:288,
Shot 2:387,297,450,324,351,306,414,378,396,360,
Shot 3:540,639,873,459,495,846,477,774,756,522,486,531,549,
Shot 4:891,882,954,
Shot 5:1017,1035,1008,999,981,
Shot 6:1071,1152,1089,1080,1062,
Shot 7:1350,1395,1314,1368,1242,1233,1305,1260,1359,1296,1377,1341,
Shot 8:1422,1458,1404,1449,1413,
Shot 9:1467,1485,
Shot 10:1629,1611,1575,1638,1521,
Shot 11:1647,1656,
Shot 12:1746,
Shot 13:1935,1953,1944,1755,1854,2061,1827,1881,2223,1845,1764,1962,
Shot 14:2268,2358,2367,2340,2349,2313,2331,2322,2286,2259,2304,
Shot 15:2457,2385,2376,2430,2466,
Shot 16:2511,2592,2538,2484,
Shot 17:2628,2637,
