Shot 0:126,18,9,72,36,189,
Shot 1:207,
Shot 2:234,216,252,225,243,
Shot 3:360,630,657,405,306,639,297,648,261,414,324,612,270,315,585,288,621,423,432,333,576,603,279,531,468,387,342,450,351,369,
Shot 4:666,
Shot 5:720,693,675,702,684,711,
Shot 6:738,747,729,
Shot 7:1125,774,810,954,1152,909,981,864,1143,837,792,945,882,1008,972,1080,1134,1107,
Shot 8:1170,1188,1161,
Shot 9:1323,1395,1215,1287,1305,1350,1197,1314,1224,1341,1251,1386,
Shot 10:1440,1449,
Shot 11:2007,2412,3150,1485,2565,3816,3105,3285,2700,2916,3078,2088,3555,2871,3096,2214,1755,2448,3402,3627,3195,1620,2034,1962,3537,1881,1665,3546,2322,3231,3006,1458,2502,1692,3375,1647,3834,3420,2061,3573,2466,1701,2394,3960,3654,2592,1557,2538,1530,1512,1467,1926,1998,1773,1539,2016,1980,
