Shot 0:63,81,9,36,54,72,
Shot 1:162,306,99,117,90,108,189,126,288,135,252,180,243,144,171,153,270,
Shot 2:369,
Shot 3:612,648,432,621,549,486,594,603,
Shot 4:1503,1737,729,1323,1107,1197,1341,900,1674,792,666,1026,1620,1161,1404,1224,1728,972,1611,846,1215,1629,1206,1602,909,720,1566,1017,1521,1458,1539,1584,1530,1548,1359,1467,1287,1350,
Shot 5:2016,2079,2277,1791,2268,1962,1881,1845,1908,2250,2034,1863,2025,1899,2169,2259,2043,2007,
Shot 6:3105,3609,2322,2475,2421,3591,2709,2952,2682,2376,2826,3438,2439,3006,2772,2583,2898,2664,3375,2853,3024,2448,2745,2943,2655,3303,2646,3060,3204,3564,2520,3285,2925,2385,2727,2889,2574,3573,2763,2610,2907,3231,3429,2628,3042,2934,3582,3132,3600,2997,2916,2637,3069,3177,3015,3294,3483,3249,3087,3114,3195,2430,
Shot 7:3690,3762,3708,3699,3645,
Shot 8:3996,4158,4095,3888,3942,4014,3825,3879,4149,3987,4005,
Shot 9:4329,4275,4410,4266,4401,
Shot 10:4734,4932,4482,5058,4779,4995,5121,4599,4815,4545,4878,4419,4869,4626,4689,4761,4860,4635,4743,4509,4536,4725,4572,4752,
Shot 11:5175,5292,5193,5283,5184,5166,
Shot 12:5463,5346,5409,5472,
Shot 13:5571,5607,5742,5526,5751,5598,5634,5589,5580,5697,
Shot 14:6507,5850,6066,6192,6570,6237,6318,6057,6399,5994,5814,6498,6444,6219,6039,6264,6372,6147,6462,6525,6030,6327,6201,6381,6363,6165,5877,6534,6516,6048,5895,
Shot 15:6957,7317,7398,6615,6660,7047,7380,7164,6696,7281,7254,6705,6966,6678,6651,6633,6669,7335,7272,7290,6939,7263,7353,6948,6687,
Shot 16:7497,7524,7461,7515,
Shot 17:8019,7587,7650,7722,7758,7704,7947,7839,7767,8136,7749,8073,7776,7956,8154,7713,7893,7821,8055,
Shot 18:8226,8253,8163,8190,8199,8217,8181,8235,
