Shot 0:117,153,72,45,9,63,99,144,27,108,
Shot 1:468,495,486,477,459,
Shot 2:585,558,504,549,567,531,513,522,540,639,594,576,
Shot 3:792,684,891,846,738,720,702,819,783,
Shot 4:999,
Shot 5:2475,1179,1971,3195,1386,1890,1422,3033,3402,3420,2781,3411,1953,2889,1674,2943,2988,1863,2853,1629,1485,3393,1944,1710,2979,2826,1935,1791,
Shot 6:3465,3429,3447,3438,3456,3474,
Shot 7:3600,3726,3483,3501,3717,3564,3654,3708,3519,3636,3492,
Shot 8:3834,4014,
Shot 9:4302,4221,4374,
Shot 10:5274,4788,4554,4455,4851,5139,5103,
Shot 11:5499,5490,5535,5670,
Shot 12:6111,6003,6273,5976,6282,
Shot 13:6858,6597,6606,6579,
