Shot 0:9,27,
Shot 1:36,
Shot 2:45,
Shot 3:54,
Shot 4:585,81,405,1458,423,180,90,63,72,207,1431,1341,252,369,1422,702,99,342,1188,288,414,396,1404,171,486,1377,882,216,108,675,522,234,1413,351,432,477,189,360,765,1053,612,1440,810,225,1359,198,783,693,135,1314,558,774,936,1386,504,243,378,162,306,1125,801,594,819,1449,1350,540,279,1080,1467,387,1395,603,
Shot 5:1476,
Shot 6:1485,
Shot 7:1539,1935,1755,1926,1908,1512,1764,1494,1791,1773,1566,1593,1827,1503,1647,1737,1800,1818,1899,1557,1881,1836,1917,1521,1701,1548,1620,1863,1782,1683,1809,1728,1530,1845,
Shot 8:1944,1953,
Shot 9:1962,
Shot 10:1971,1980,
Shot 11:1989,
Shot 12:1998,
Shot 13:2034,2043,2016,2025,2007,
Shot 14:2052,
Shot 15:2079,2124,2070,2097,2061,2088,2106,
Shot 16:2133,
Shot 17:2142,
Shot 18:2178,2169,2196,2187,2151,2160,
Shot 19:2376,2322,2205,2394,2295,2223,2268,2313,2250,2286,2340,2331,2448,2403,2214,2385,2232,2358,2349,2259,2304,2241,2430,2277,
