Shot 0:1737,2079,36,900,738,2043,1539,1260,405,1314,1890,882,2025,243,2106,612,1170,1818,2061,2034,945,1368,1449,684,1557,9,1503,1422,1926,135,369,765,1026,198,540,909,1215,837,1611,1287,1341,1863,1107,2088,657,1530,972,1395,1764,2052,1485,702,81,630,432,1674,180,1305,1971,567,720,936,1638,270,1332,747,1710,1584,1350,54,2070,387,27,954,261,693,1728,360,63,711,1566,1827,1899,729,1917,45,1881,981,1854,1989,1746,1629,
Shot 1:2151,2313,2331,2277,2322,2340,2286,2223,2115,2133,2178,2196,2268,2232,
Shot 2:2367,2430,2349,2403,2385,2421,2376,2412,2358,
Shot 3:2502,2439,2457,2547,2448,2475,2466,2529,2484,2520,2493,
Shot 4:2565,2619,2583,2556,
Shot 5:2691,2646,2655,2664,2673,2700,
Shot 6:2718,2727,
Shot 7:2736,
Shot 8:2745,
Shot 9:2754,
Shot 10:2763,
Shot 11:2781,2790,2772,
Shot 12:2799,
Shot 13:2808,2826,2817,
Shot 14:2853,2835,2871,2844,2862,
Shot 15:2898,2880,2916,2889,2907,
Shot 16:2925,
Shot 17:2970,2934,2988,2943,3006,2952,2979,2997,2961,
Shot 18:3024,3015,3033,
Shot 19:3060,3042,3078,3051,3069,
Shot 20:3096,
Shot 21:3510,5175,4221,4743,3798,5607,3105,3357,
Shot 22:6228,6129,6048,6201,5994,5850,5967,6003,6066,5985,6588,5949,6210,5877,6327,5913,6471,6057,6282,6030,6093,5895,5976,6345,5931,5868,6219,6264,5886,6246,
Shot 23:6597,
Shot 24:6642,6606,6624,6615,6633,6651,
Shot 25:6660,
Shot 26:6669,
Shot 27:6741,6804,6759,
