Shot 0:9,
Shot 1:846,477,198,522,783,486,756,495,864,1035,891,801,810,963,999,990,837,981,945,1017,765,819,855,1026,873,792,882,972,954,936,1008,243,918,900,774,828,432,747,
Shot 2:1314,1062,1044,1215,1386,1053,1305,
Shot 3:1404,
Shot 4:1890,1701,1656,1557,1818,1746,1710,1620,1836,1962,1584,1773,1827,1944,1692,1854,1809,1539,1728,1935,1953,1971,1845,
Shot 5:2034,
Shot 6:2043,
Shot 7:2106,2052,2061,2124,2079,2070,2088,2115,2097,
Shot 8:2133,
Shot 9:2160,2142,2178,2187,2169,2151,
Shot 10:2196,
Shot 11:2223,2205,2232,
Shot 12:2259,2268,2250,
Shot 13:2304,2520,2511,2502,2331,2277,2295,
Shot 14:2610,2763,2727,2655,2673,2556,
Shot 15:2979,
