Shot 0:90,117,
Shot 1:126,
Shot 2:135,
Shot 3:333,243,459,252,396,207,432,495,387,261,549,513,423,450,153,477,144,441,576,180,369,405,234,297,504,189,468,315,270,351,
Shot 4:639,612,648,
Shot 5:675,900,1008,981,909,1071,810,1053,927,864,954,774,801,684,1017,963,1035,711,1044,1026,999,756,1062,657,990,828,819,729,783,846,666,
Shot 6:1098,1080,1089,
Shot 7:1413,1440,1170,1368,1296,1341,1242,1377,1332,1134,1278,1305,1287,1269,1206,1107,1179,1143,1404,1116,1431,1386,1224,
Shot 8:1449,1476,1494,1467,1458,
Shot 9:1548,1503,1521,1557,
Shot 10:1647,1593,1566,1629,1701,1611,1692,
Shot 11:1719,1755,1737,1764,1710,
Shot 12:1773,1863,1890,1908,1836,1845,1854,1809,1872,1899,1944,1962,1791,1935,1917,1953,1926,
Shot 13:2016,1971,1998,
Shot 14:2115,2079,2088,2052,2070,2034,2124,2106,2097,
Shot 15:2187,2196,2133,2169,2160,2178,
Shot 16:2367,2331,2277,2412,2259,2304,2394,2223,2295,2349,2241,2385,2358,2322,
Shot 17:2421,2439,
Shot 18:2466,2457,2475,
Shot 19:2484,
Shot 20:2493,2502,
Shot 21:2529,2538,2520,
Shot 22:2574,2619,2556,2592,2610,2628,
Shot 23:2655,2700,2682,2673,
Shot 24:2718,2745,
Shot 25:2754,2817,2799,2763,
Shot 26:2835,2871,2862,2853,2826,2844,
Shot 27:2934,2880,2988,3006,2979,2943,2961,2907,2925,
Shot 28:3015,3051,
Shot 29:3267,3168,3150,3330,3303,3087,3204,3276,3312,3222,3114,3078,3321,3285,3159,3240,3258,3177,3213,
Shot 30:3348,3366,
Shot 31:4104,4041,3429,3384,3771,4131,3618,3582,3816,3942,3879,3465,3726,4203,3402,3474,3780,3708,4185,3744,3546,4167,3978,3996,4068,3717,3906,3375,3447,3915,3870,4059,4176,3636,3411,3798,4095,3762,3591,3825,4050,4023,3645,3735,3888,3924,3960,3969,3573,3492,3807,3420,3753,3528,3690,3789,3609,3510,3852,3834,3672,4005,
Shot 32:4212,4221,
Shot 33:4356,4329,4374,4428,4248,4410,4266,4401,4293,4383,4284,4275,4338,4302,4230,4311,4365,4347,
Shot 34:4464,4437,4446,
Shot 35:4545,4518,4473,4509,4563,4500,4536,4482,4554,
Shot 36:4572,
Shot 37:4608,4599,4617,
Shot 38:4671,4653,4635,4680,4662,
Shot 39:4689,4707,
Shot 40:4734,4779,4761,4788,4797,4743,4725,
Shot 41:4824,4842,
Shot 42:4950,4878,4887,4923,4941,4977,4914,4932,4959,4860,4905,
Shot 43:4995,5013,4986,
Shot 44:5031,5076,5049,5040,5058,5067,5022,
Shot 45:5085,5112,5094,5103,
Shot 46:5121,5139,
Shot 47:5229,5148,5292,5166,5283,5184,5265,5310,5274,5202,5247,5301,5319,5220,
Shot 48:5337,
Shot 49:5355,5373,5364,
Shot 50:5382,
