Shot 0:360,9,153,423,378,342,396,
Shot 1:765,963,855,648,837,567,702,936,693,819,666,783,720,846,747,711,909,594,792,954,828,729,
Shot 2:1044,972,1017,981,1206,1089,990,1161,1080,1116,999,1026,
Shot 3:1233,1215,1224,1242,
Shot 4:1305,1251,1260,1269,1341,1287,1314,1296,1278,
Shot 5:1368,1431,1485,1449,1476,1404,1359,1377,
Shot 6:1494,
Shot 7:1503,
Shot 8:1692,1791,1530,1566,1800,1719,1557,1593,1710,1701,1782,1602,1638,1737,1512,1656,1728,1611,1575,1647,1746,1683,1665,
Shot 9:1809,1818,
Shot 10:2133,1845,1899,2394,2403,2502,2016,1881,2421,2529,2484,1827,2511,1917,2493,2520,2106,2043,1953,2367,1872,2088,2304,2196,2331,2160,1980,2412,2232,1944,2115,2268,2457,1998,2439,
Shot 11:2538,
Shot 12:2547,
Shot 13:2682,2619,2565,2574,2628,2556,2610,2718,2772,2727,2583,2826,2637,2592,2601,2763,2709,2664,2736,2700,2790,2835,2673,
