Shot 0:9,
Shot 1:657,909,
Shot 2:1395,1278,1494,1314,1080,1476,1296,1143,1377,1431,1233,1332,1449,1188,1053,1260,1467,1161,1269,1359,1305,1458,1134,1440,1413,1287,1368,1341,1179,1035,1350,1422,1485,1323,1224,1404,1242,1251,1386,1044,
Shot 3:1503,
Shot 4:1530,1512,1521,
Shot 5:1557,1539,1584,1548,1566,
Shot 6:1809,1773,1710,1647,1665,1818,1755,1611,1827,1791,1728,1692,1782,1602,1656,1683,1800,1620,
Shot 7:1836,1845,
Shot 8:1854,1863,
Shot 9:1872,
Shot 10:1908,1980,1971,1935,1953,1890,1962,1881,1917,
Shot 11:1998,2007,2016,1989,
Shot 12:2043,2070,2025,2052,2034,
Shot 13:2178,2241,2079,2223,2232,2097,2124,2187,
Shot 14:2295,2259,2277,2286,
Shot 15:2394,2466,2421,2376,2403,
Shot 16:2547,2493,2574,2529,2556,2565,2538,
Shot 17:2889,3339,2592,2691,2781,2880,3213,
