Shot 0:9,
Shot 1:45,18,27,36,
Shot 2:72,90,81,63,
Shot 3:126,108,135,
Shot 4:216,999,513,549,171,1170,414,342,1071,900,153,774,162,450,297,189,378,261,180,315,234,225,207,324,441,243,
Shot 5:1242,1557,1494,1620,1431,1593,1530,1215,1287,1377,1314,1476,1233,1206,1485,1251,
Shot 6:2367,1674,2844,1782,2754,2628,2187,2259,2061,2466,2394,2808,2520,1647,2349,
Shot 7:2889,2898,2880,
Shot 8:2907,
Shot 9:2997,2925,2970,2943,2916,2988,
Shot 10:3006,3015,
Shot 11:3024,
Shot 12:3186,3051,3222,3294,3033,3195,3204,3303,3042,3069,3330,3240,3078,3087,3366,3357,3375,3492,3096,3114,
