Shot 0:9,18,
Shot 1:27,
Shot 2:36,
Shot 3:45,
Shot 4:54,63,
Shot 5:108,90,72,135,126,81,117,99,
Shot 6:189,144,306,234,288,270,153,225,162,207,252,180,
Shot 7:360,342,369,351,
Shot 8:459,477,387,396,468,450,405,
Shot 9:486,
Shot 10:513,792,711,963,756,873,666,936,747,495,801,720,909,558,765,504,531,522,
Shot 11:1080,981,999,1134,1098,1116,1008,1125,1143,1044,1107,1089,1062,
Shot 12:1377,1161,1404,1269,1152,1224,1431,1350,1215,1170,1467,1323,1395,1251,1197,1539,1287,1188,1440,1341,1449,1278,1413,1260,1386,
