Shot 0:261,9,81,36,27,18,135,45,54,90,117,243,63,72,144,99,108,198,252,153,279,207,270,
Shot 1:297,432,423,
Shot 2:450,576,
Shot 3:585,
Shot 4:621,927,774,729,819,693,594,657,702,639,792,909,837,747,720,675,630,603,648,711,666,846,828,684,738,783,756,855,765,
Shot 5:936,
Shot 6:1143,
Shot 7:1368,1287,1350,1206,1476,1359,1440,1197,1215,
Shot 8:1485,
Shot 9:1863,2169,2034,2484,2637,2403,1917,1719,2205,2331,2466,1539,1962,2007,1647,2250,1800,1494,1881,1575,1944,1665,1638,1989,1683,1827,1782,2376,2178,1503,2457,1656,2439,1845,1899,2160,1674,1818,1791,2187,2223,2304,1701,1854,2358,1836,1926,2016,1809,2151,2628,2475,2592,
Shot 10:2655,2880,2853,2817,2736,2799,2646,
Shot 11:3024,2898,2934,2952,2979,2961,2943,2916,2970,2988,2907,2925,2997,3006,3123,3069,
Shot 12:3141,
Shot 13:3168,3402,3492,3384,3294,3447,3339,3483,3393,3195,3429,3411,3258,3330,3375,3438,3222,3465,3348,3186,3240,3456,3357,3204,3150,3177,3159,
Shot 14:3501,
Shot 15:3519,
Shot 16:3636,3618,3627,3663,
