Shot 0:153,198,9,180,99,144,
Shot 1:261,342,225,
Shot 2:531,810,801,387,774,639,792,477,405,819,459,675,657,576,504,720,702,738,396,684,
Shot 3:963,1125,873,1116,1107,900,846,864,828,882,1134,837,1017,891,918,972,1071,990,999,936,
Shot 4:1305,1161,1143,1224,1197,1269,1278,1179,1350,1260,1287,1323,1242,1188,1314,1152,
Shot 5:1359,1368,
Shot 6:1431,1458,1386,1449,1404,1395,1440,
Shot 7:1467,1557,1530,1521,1512,1548,1485,1503,1476,
Shot 8:1584,1593,1566,1575,
Shot 9:1674,1602,1728,1611,1719,1620,1710,1629,1692,1638,1665,1656,
Shot 10:1827,1809,1773,1737,1845,1800,1764,1836,1818,1746,1782,1755,1791,
Shot 11:1854,
Shot 12:1872,1881,1863,
Shot 13:1908,1890,1899,
Shot 14:1926,1917,1935,
Shot 15:2124,1980,2034,1944,2052,2007,2151,2097,2070,2079,1989,2088,2115,1953,2142,1998,2016,
Shot 16:2178,2187,2160,2169,
Shot 17:2196,
Shot 18:2214,
Shot 19:2277,2223,2322,2295,2232,2241,2304,2331,2250,2286,
Shot 20:2340,2349,
Shot 21:2385,2358,2412,2367,2403,2376,
Shot 22:2421,
Shot 23:2430,2439,
Shot 24:2448,2457,
Shot 25:2466,2493,2475,2520,2484,2502,2511,
Shot 26:2529,2538,
Shot 27:2565,2547,2556,2574,
Shot 28:2583,2592,2610,2601,
Shot 29:2637,2655,2646,2619,2628,
Shot 30:2664,2673,
Shot 31:2745,2682,2691,2700,2709,2754,2736,2718,
Shot 32:2844,2763,2808,2898,2790,2826,2871,2835,2880,
