Shot 0:27,36,45,9,18,
Shot 1:63,72,54,
Shot 2:81,
Shot 3:162,90,117,144,198,99,126,180,108,153,135,171,
Shot 4:216,
Shot 5:243,225,234,252,
Shot 6:279,261,270,288,
Shot 7:315,297,306,324,
Shot 8:333,
Shot 9:513,396,342,603,351,360,432,549,477,585,369,576,594,558,468,423,540,450,378,486,414,531,441,405,459,
Shot 10:675,2088,1701,1953,1404,1638,2502,1107,1251,2367,954,2196,2277,1449,927,864,2205,1494,1476,1899,2052,1674,774,2349,2187,2421,2376,1827,1323,2007,936,1440,2574,1854,2025,2178,1377,1665,1296,963,2331,1350,2124,909,1134,1521,1998,1836,1458,783,792,702,1152,846,765,2358,2034,1332,1926,1359,2061,1305,1485,2223,621,2169,2385,2601,1602,2511,891,1890,1980,1746,2241,1818,2043,1503,1386,2340,2304,711,2016,1431,1287,837,2565,693,1341,1863,1791,1368,2106,1215,2493,999,810,2151,1161,1593,873,2475,639,900,1143,2286,1908,1125,2268,1422,1755,1971,612,1935,1647,1413,972,2529,2619,1197,2097,2115,918,1566,1611,2250,1737,2430,729,1872,1512,1962,2448,1224,2133,2079,819,1719,2214,1179,2160,1944,1629,2259,1584,2547,2322,801,1269,648,2412,1071,1683,1809,2313,1233,2394,684,1782,1881,738,1800,2610,828,1575,2484,747,
Shot 11:2691,2727,2664,2646,2628,2637,2718,2682,2709,2700,2673,
Shot 12:2736,
Shot 13:2907,2853,2934,2871,2835,2844,2925,2880,2862,2916,2898,
Shot 14:2997,2952,3024,2943,2961,3015,2979,3033,3006,2988,
Shot 15:3069,3114,3096,3042,3132,3087,3060,3051,3078,3123,3105,
