Shot 0:9,
Shot 1:18,
Shot 2:171,180,162,
Shot 3:1269,189,621,288,693,207,225,234,252,216,351,198,504,558,684,675,1350,423,729,513,306,486,540,585,432,657,648,567,369,666,495,360,522,459,333,531,576,612,630,441,738,639,
Shot 4:1422,1665,1557,1629,1674,1647,1656,1620,1638,1548,1485,1476,1359,
Shot 5:1728,1989,
Shot 6:2934,2979,1998,2871,2709,3438,2817,3240,2673,3348,2808,3249,3042,3339,3429,2988,2790,3303,2952,3447,2943,2619,3213,3024,3375,2682,2610,2826,3231,2907,3357,2997,3267,2754,2961,3366,3204,3474,3051,3420,3285,3195,2646,3123,2727,2799,2970,3222,3177,3294,3465,3033,3159,3015,3402,3078,3186,3006,3411,2925,2007,3456,
Shot 7:3546,3690,3492,3654,3699,3510,3708,3537,3681,3618,3582,3672,3636,3519,3573,3564,3645,3528,3600,3501,3555,
Shot 8:3744,3807,3726,3717,3762,3834,3798,3753,3825,3843,3816,3735,
Shot 9:4059,3870,3852,4869,4815,3906,4752,4077,3960,4806,3924,4914,4410,4824,3933,4878,4860,3915,4833,3969,4923,4779,3888,4797,4005,3987,4887,3861,4500,4788,3942,3978,4932,4851,4905,4896,4050,4950,4428,4770,3879,4032,4995,4482,4455,4023,4941,3996,4383,4959,4041,5031,4437,4365,4014,4068,4977,
Shot 10:5049,
