Shot 0:9,27,
Shot 1:441,3726,1737,36,3339,189,3429,3843,1422,3600,3186,3609,3780,3573,63,3897,3690,3816,81,198,
Shot 2:3906,
Shot 3:4365,4797,3915,4095,4473,4230,4923,4437,4239,4212,4320,4410,4356,
Shot 4:4959,5733,6183,5184,6075,5589,5526,5904,5373,5931,5337,5418,5679,6282,6012,5229,5265,6129,5643,6237,5364,5859,5247,5391,5967,5544,5697,6345,5013,6102,5760,6048,5913,5454,6084,5220,5283,5355,5787,6147,5625,6093,5085,6255,5922,5985,5670,6111,6030,6327,5130,6165,5274,4986,4932,6201,5058,6174,4950,4968,
Shot 5:6642,6354,6462,6759,
Shot 6:6768,
Shot 7:6894,6903,
Shot 8:7299,7425,7605,7047,7326,7416,
Shot 9:7659,7614,7731,7623,
Shot 10:8433,
