Shot 0:9,
Shot 1:189,198,
Shot 2:243,207,306,324,216,
Shot 3:387,414,333,405,423,360,378,
Shot 4:459,486,441,
Shot 5:504,513,495,
Shot 6:549,522,531,567,
Shot 7:927,774,621,828,954,639,729,648,684,666,855,711,936,900,738,792,765,918,
Shot 8:972,
Shot 9:990,981,999,
Shot 10:1008,
Shot 11:1701,1764,1143,1188,1215,1773,1755,1017,1080,1440,1629,1044,1233,1197,1530,1269,1071,1557,1107,1503,1314,1422,1206,1278,1746,1332,1539,1179,1035,1638,1368,1647,1458,1737,1125,1575,1089,1521,1287,1548,1323,1350,
Shot 12:1800,1782,1791,1809,
Shot 13:1818,
Shot 14:2178,2025,2079,1917,2133,2043,2142,2124,1827,2052,2151,1962,1980,2097,1998,1953,1836,2115,2196,1989,2187,
Shot 15:2232,2250,
Shot 16:2295,2358,2565,2448,2394,2547,2340,2466,2349,2331,2277,2493,2412,2322,2286,2376,2511,2268,2304,
Shot 17:2628,2601,2673,2655,
Shot 18:2691,2700,
Shot 19:2709,
