Shot 0:9,
Shot 1:54,18,27,72,63,45,
Shot 2:81,90,
Shot 3:108,117,99,
Shot 4:126,135,
Shot 5:324,153,441,189,369,144,360,252,351,378,171,225,288,180,162,396,279,342,
Shot 6:495,513,522,504,486,
Shot 7:558,531,585,540,549,
Shot 8:765,594,612,639,630,774,
Shot 9:819,801,855,810,846,837,
Shot 10:882,873,891,
Shot 11:900,909,
Shot 12:999,945,918,927,963,1017,936,954,972,981,990,
Shot 13:1098,1152,1080,1134,1062,1089,1143,1125,1107,
Shot 14:1296,1197,1314,1161,1215,1251,1188,1269,1224,1170,1341,1260,1404,1233,1242,1332,1350,1305,1206,1287,1179,1323,1278,1359,
Shot 15:1512,1584,1449,1557,1530,1566,1593,1602,1467,1521,1494,
Shot 16:1620,1638,1611,
Shot 17:1674,1665,1656,1683,
Shot 18:1701,1818,1773,1800,1746,1692,1791,1809,1764,1782,1719,1755,1737,
Shot 19:1836,1845,
