Shot 0:90,
Shot 1:549,270,450,513,369,576,531,
Shot 2:963,603,774,1035,936,990,954,
Shot 3:1620,1143,1422,1359,1602,
Shot 4:1935,1656,1899,1872,1917,
Shot 5:2070,1980,1953,2043,2097,
Shot 6:2322,2277,2241,
Shot 7:2574,2763,
Shot 8:2889,2808,2979,
Shot 9:2988,
Shot 10:3402,3195,3420,3321,3384,3393,3249,3411,
Shot 11:3483,3438,3456,3474,3492,
Shot 12:3528,3618,3501,3510,3546,3573,3537,3519,
Shot 13:4716,4311,3681,5202,3879,4491,3717,4689,4653,4806,3789,3987,3825,4734,4680,4698,4329,4752,4725,
Shot 14:5256,
Shot 15:5634,5526,5670,
Shot 16:5787,5877,5823,5913,5796,5850,5697,5859,5805,
Shot 17:6102,5976,6147,6084,
Shot 18:6156,6309,
Shot 19:6480,6624,6318,6552,6426,6516,6687,6498,6597,6444,6570,6453,6354,6408,6525,6471,6327,
Shot 20:6867,7092,6966,6948,6840,7002,6804,6822,7029,6984,6831,6939,7074,6957,7056,7020,6993,7038,6975,6768,6849,7011,6885,
Shot 21:7263,7101,7110,7137,7164,7209,7218,7191,7416,7227,7335,7245,7443,
Shot 22:7488,7911,7713,7614,7524,7542,7506,7596,7776,7560,7533,7461,7623,7812,7551,
Shot 23:8037,
