Shot 0:45,459,387,288,117,234,513,153,9,171,
Shot 1:693,702,
Shot 2:747,711,783,729,765,720,738,792,774,756,
Shot 3:819,828,810,
Shot 4:837,846,
Shot 5:918,864,1638,882,1431,891,855,1449,900,1476,1440,909,
Shot 6:1647,
Shot 7:1683,
Shot 8:1737,1818,
Shot 9:1863,1845,1836,1908,
Shot 10:1989,1953,1971,1980,1998,
Shot 11:2016,2025,
Shot 12:2043,
Shot 13:2295,2259,2115,2286,
Shot 14:2358,2340,2313,2322,2349,
Shot 15:2385,2421,2412,2430,2376,
Shot 16:2448,2475,
Shot 17:2511,
Shot 18:2610,2646,2673,2637,2664,2628,2700,2655,2601,
Shot 19:2727,
Shot 20:2943,2772,2880,2934,2952,
Shot 21:2961,2970,
Shot 22:3114,3240,3015,3186,3222,3150,3087,3204,2997,3231,3249,3213,3132,
Shot 23:3357,3402,3267,3258,3276,3312,3384,3285,3303,3348,3321,
Shot 24:3528,3465,3510,3537,
Shot 25:3582,
Shot 26:3591,
Shot 27:3636,
Shot 28:3717,3744,3699,3726,3708,
Shot 29:3807,3771,3879,3843,3870,3762,3780,3816,3852,3888,3825,3798,
Shot 30:3915,3897,3978,3906,3942,
Shot 31:3987,
Shot 32:4005,3996,4014,
Shot 33:4059,4023,4041,4032,4050,4077,4095,
Shot 34:4131,4212,4104,4194,4158,4203,4113,4122,4140,
Shot 35:4239,4302,4221,4284,4230,4257,4293,
Shot 36:4545,4887,4914,5319,5112,4320,4959,5220,4401,4905,4599,4338,4797,4986,4752,5274,4932,5184,4311,4464,4833,4563,4698,5022,4626,4842,4347,4329,4923,4482,4968,4941,4896,4860,4536,4851,4869,
Shot 37:5760,5967,5814,5940,5625,5409,5949,5499,5895,5841,5958,5445,5598,5931,5472,5580,5805,5877,5733,5607,5985,5436,5751,5526,5562,5787,5832,5544,5481,5463,5589,5769,5742,5571,5616,
Shot 38:5994,
Shot 39:6039,6057,6003,6012,6048,6030,
Shot 40:6066,
Shot 41:6084,6093,6075,
Shot 42:6210,6147,6111,6120,6102,6228,6201,
Shot 43:6399,6597,6318,6579,6282,6615,6255,6570,6588,6606,6516,6372,6417,
Shot 44:6669,6624,6651,6849,6633,6714,6660,6642,6768,6678,
Shot 45:7632,6921,7668,7326,7209,6975,7290,7434,7542,7506,7038,7524,7128,7344,6957,7191,7245,7281,7308,7362,7659,7164,7092,7317,7605,6993,7065,7380,7614,7029,7047,7650,7641,
