Shot 0:396,63,765,225,459,540,549,684,630,774,756,693,495,360,252,324,9,738,315,432,711,378,792,576,468,279,675,531,117,342,747,351,306,729,783,369,405,594,333,387,
Shot 1:801,
Shot 2:864,
Shot 3:963,999,1098,1008,1044,1026,990,1071,1017,1053,981,1080,1035,1062,972,954,
Shot 4:1143,1197,1179,1125,1170,1152,1134,
Shot 5:1215,
Shot 6:2187,1674,1899,1782,1998,2016,1944,1737,1845,2250,2340,2061,2223,2277,2322,1836,2232,2052,2205,1701,2106,2034,2043,2025,2142,2079,1917,1764,2196,2259,2241,2286,2169,1890,2331,2268,2313,2160,2214,1953,1935,2349,2070,1791,
Shot 7:2394,2358,2421,
Shot 8:2493,2655,2601,2475,
Shot 9:2763,2943,2871,2808,2835,2718,2790,2916,2817,2745,2961,2772,2754,2880,2952,
Shot 10:2988,
Shot 11:3060,
Shot 12:3168,
Shot 13:3348,3312,3429,
Shot 14:3465,
Shot 15:3924,3717,3609,3807,3861,3888,3834,3951,
