Shot 0:351,9,279,90,450,189,378,198,153,81,387,288,
Shot 1:459,468,
Shot 2:504,
Shot 3:576,567,540,513,
Shot 4:594,
Shot 5:792,1899,1044,1413,1755,1665,819,1323,1152,684,972,1827,873,1224,1656,810,1746,1620,882,1134,1359,1197,936,747,1008,756,1125,1404,1233,1035,1143,1296,1836,774,801,1278,765,783,
Shot 6:1971,2007,1908,1935,
Shot 7:2115,2124,2016,
Shot 8:2448,2367,2970,2637,2340,2709,2799,2385,2754,2817,2610,2619,2718,2421,2376,2349,2466,2628,2511,2439,2394,2430,2457,
Shot 9:3141,
Shot 10:3195,3258,
Shot 11:3267,3375,
Shot 12:3474,4176,3393,3582,3573,4005,3465,3384,3456,3672,3483,
