Shot 0:9,
Shot 1:90,81,
Shot 2:396,783,630,216,612,594,702,225,576,765,234,504,603,774,648,666,729,333,513,756,540,711,459,621,585,684,270,720,306,441,243,351,423,369,324,468,387,315,414,450,432,279,
Shot 3:801,855,828,846,819,837,810,
Shot 4:864,
Shot 5:918,873,882,900,936,
Shot 6:972,1008,954,981,
Shot 7:1035,1053,1026,1062,1044,
Shot 8:1314,1719,1476,1071,1512,1692,1422,1656,1107,1386,1602,1755,1080,1215,1539,1503,1701,1458,1350,1161,1629,1683,1746,1575,1368,1251,1134,1287,1188,1728,1521,1116,1710,1242,1179,1098,1305,1323,1278,
Shot 9:1764,
Shot 10:1773,1782,
Shot 11:1809,1791,1818,1800,
Shot 12:1881,1836,1908,1827,1890,1899,1863,1845,1872,
Shot 13:2016,1935,1971,2160,1989,1926,1962,1998,1917,2133,2115,2178,2061,2079,1953,2142,1980,2169,2007,2097,2034,2151,
Shot 14:2214,2277,2268,2196,2223,2187,2205,2232,2259,
Shot 15:2286,
Shot 16:2322,2304,2340,2331,2295,2313,
Shot 17:2412,2367,2358,2439,2394,2421,2376,2430,2403,
Shot 18:2547,2466,2502,2448,2583,2520,2457,2475,2574,2538,2565,
Shot 19:2691,2619,2646,2718,2655,2673,2664,2709,2700,2601,2682,
Shot 20:2727,
Shot 21:2799,2763,2781,2817,2754,2835,2736,2826,2745,2772,2790,2808,
Shot 22:2952,3186,3015,3159,3069,3168,3033,3141,3132,2997,2844,3096,3006,2871,3024,3114,3051,3150,2988,3105,2907,3060,2979,2853,2889,2925,2862,
Shot 23:3222,3276,3321,3303,3204,3249,3258,3213,3267,3231,
Shot 24:3348,3366,3330,3339,3357,
Shot 25:3438,3375,3663,3618,3402,3384,3474,3654,3591,3555,3528,3411,3600,3627,3393,3492,3573,3456,3420,3609,3429,
Shot 26:3690,3708,3672,3681,3699,
Shot 27:3780,3870,3816,3744,3717,3834,3735,3762,3888,3807,3798,3726,3753,3771,3789,3843,3852,3861,3879,
Shot 28:3906,3897,3915,
Shot 29:4689,3996,4221,4788,3960,4104,4248,4023,3969,4698,4059,3951,4185,4716,4032,4266,4707,4482,3978,4779,4374,4347,4140,4815,4734,4446,4311,4284,4419,4014,4725,4590,4563,4401,4293,4275,4545,4824,4617,4464,4455,4527,4770,4671,4572,4806,4473,4599,4635,4797,4833,
Shot 30:4860,
Shot 31:4869,4878,
Shot 32:4896,4905,4887,
Shot 33:4968,4932,4914,4923,4950,4941,5004,4977,4995,4959,4986,
Shot 34:5013,5022,
Shot 35:5031,5040,
Shot 36:5067,5076,5049,5058,
Shot 37:5085,5094,
Shot 38:5103,
Shot 39:5112,5121,
Shot 40:5130,
Shot 41:5175,5148,5139,5229,5220,5202,5193,5157,
Shot 42:5256,5238,5247,
Shot 43:5301,5400,5283,5265,5337,5328,5292,5274,5427,5355,5319,5310,5391,
Shot 44:5967,5652,5733,5463,5508,5544,5931,5535,5445,5850,5814,5481,5679,6021,5634,5949,5787,5517,5589,5832,6012,5895,5859,5958,5985,5877,6039,5994,5553,5706,5976,6057,5490,5625,5841,5751,5724,5571,5580,5805,
Shot 45:6165,6192,6210,6093,6183,6201,6138,6129,6147,6111,6156,6174,
Shot 46:6237,6300,6327,6372,6345,6282,6219,6291,6273,6255,6228,6309,6363,
Shot 47:6390,
Shot 48:6399,
Shot 49:6993,6408,6417,6435,6831,7038,6696,6786,6471,6633,6948,6912,6750,6426,7011,6498,6660,6867,6768,6975,6453,6732,6678,6444,6822,6930,6480,6849,6804,7002,7020,6642,6939,
Shot 50:7056,
Shot 51:7065,
Shot 52:7074,7083,
Shot 53:7137,7290,7101,7263,7380,7227,7317,7362,7164,7182,7335,7281,7254,7371,7200,7191,7119,7155,7299,7272,7146,7128,7209,
Shot 54:7452,7542,7425,7506,7434,7488,7515,7470,7443,7461,
Shot 55:7551,7704,
