Shot 0:9,18,
Shot 1:225,351,387,162,423,108,54,459,27,36,378,189,414,279,396,135,63,450,144,360,45,261,441,405,369,306,252,126,171,198,432,153,243,234,207,72,90,324,270,315,342,99,216,
Shot 2:477,540,531,558,522,504,495,513,549,468,
Shot 3:792,576,684,594,648,567,666,756,621,639,612,720,630,603,675,747,693,657,585,774,702,711,855,783,729,765,837,819,801,
Shot 4:873,864,882,
Shot 5:900,936,918,891,927,909,
Shot 6:945,954,
Shot 7:981,1053,1116,963,1062,1035,1017,1044,1107,972,1125,1071,990,1008,
Shot 8:1215,1197,1179,1161,1143,1251,1170,1242,1206,1224,
Shot 9:1278,1260,1296,1269,1287,
Shot 10:1764,2160,2070,1809,2124,1944,1386,1854,1899,1305,1971,2007,1314,1998,2043,1980,1881,1485,1917,2088,2151,1683,1953,1989,2016,1593,1836,1926,2034,1800,1863,1890,1575,1935,2106,1323,2052,1692,1584,1872,2079,2025,2142,1782,1737,1827,1701,2133,
Shot 11:2178,2205,2232,2223,2214,2196,2169,2187,
Shot 12:2250,2277,2268,2241,
Shot 13:2286,2295,
Shot 14:2313,2322,2331,2304,
Shot 15:2358,2340,2376,2349,2367,
Shot 16:2520,2430,2385,2583,2565,2493,2574,2547,2403,2502,2394,2475,2412,2511,2529,2556,2421,2538,
Shot 17:2736,2925,2979,2943,2871,2916,2826,2637,2880,2709,2970,2790,2934,2853,2961,2817,2808,2664,2601,2889,2835,2988,2781,2619,2862,2727,2907,2952,2700,2745,2691,2997,
Shot 18:3006,3015,
Shot 19:3051,3069,3024,3060,3033,
Shot 20:3114,3078,3087,3105,3096,3123,
Shot 21:3141,3132,3150,
Shot 22:3159,3168,
Shot 23:3177,3186,3204,3213,3231,3195,3222,
Shot 24:3429,3393,3510,3582,3447,3366,3546,3249,3600,3555,3528,3492,3240,3339,3438,3618,3420,3276,3519,3411,3303,3483,3501,3267,3258,3564,3375,3591,3321,3609,3456,3348,3573,3384,
Shot 25:3663,3690,3681,3645,3672,3636,
Shot 26:3744,3780,3699,3798,3789,3717,3708,3762,3807,3753,3735,
Shot 27:3816,
Shot 28:3825,
Shot 29:3834,3843,
Shot 30:3996,4140,4059,4113,3933,3897,3852,3969,4131,4041,4086,3879,4077,3861,4005,3951,3987,3942,4023,4014,
Shot 31:4185,4176,4149,4194,
Shot 32:4482,4383,4365,4392,4293,4221,4329,4248,4401,4212,4437,4338,4284,4455,4257,4239,4518,4311,4464,4266,4500,
Shot 33:4545,4680,4716,4662,4653,4671,4698,4743,4635,4689,4581,4626,4644,4707,4725,4554,
Shot 34:4761,4779,
Shot 35:4905,4788,4806,4842,4950,4797,4932,4869,4833,4887,4815,4941,4923,4896,
Shot 36:5004,4977,4986,4995,5013,
Shot 37:5040,5058,5049,5031,
Shot 38:5076,5085,
Shot 39:5112,5094,5166,5130,5103,5121,
Shot 40:5220,5202,5184,5193,5211,
Shot 41:5382,5490,5409,5652,5463,5238,5364,5607,5445,5247,5526,5499,5292,5553,5418,5472,5400,5256,5310,5625,5427,5274,5454,5571,5535,5391,
Shot 42:5733,5868,5913,5688,5805,5778,5886,5796,5859,5760,5706,5661,5823,5814,5850,5715,5832,5670,5697,5877,
Shot 43:5958,5922,5940,5931,5967,
Shot 44:6219,6138,6156,6021,6003,6147,6183,5985,6093,6192,6165,6030,6111,6066,6201,6210,
