Shot 0:279,837,585,675,765,558,612,738,9,369,819,630,216,801,261,297,
Shot 1:891,
Shot 2:936,918,963,909,954,945,927,
Shot 3:972,990,
Shot 4:1062,1044,1053,1080,
Shot 5:1116,1152,1089,1098,1134,1143,1107,1125,
Shot 6:1197,1260,1242,1215,1179,
Shot 7:1323,1278,1269,1287,1305,
Shot 8:1431,1917,1791,1647,1575,1863,1521,1773,1557,1890,1809,1692,1827,1548,1593,1539,1611,1566,1755,1485,1782,1629,1719,1341,1359,1764,1377,1467,1395,1458,
Shot 9:1953,1926,2223,1935,2214,2061,1944,2079,
Shot 10:2232,
Shot 11:2241,2250,
Shot 12:2304,2367,2259,2340,2277,2358,2268,2295,2313,2349,2331,2286,
Shot 13:2574,2655,2637,2457,2385,2421,2475,2403,2529,2619,2439,2502,2466,2448,2547,2592,2601,2646,2565,2493,2430,2628,2412,2394,2520,2610,2538,2583,2511,2556,2484,
Shot 14:2673,2718,2691,2700,2682,2709,2664,
Shot 15:2988,3438,3069,3321,3105,2736,3258,2898,3150,2790,3312,3339,2907,3429,3447,2997,3114,
Shot 16:3618,3717,3537,3492,3681,3564,3600,3861,3555,3672,3573,3690,3591,3636,3546,3843,3645,3609,3582,3627,
Shot 17:4014,4293,4185,4230,4203,4167,4248,4005,4302,4023,
Shot 18:4374,4392,4410,4356,
Shot 19:4473,4428,4491,4446,4437,4482,4455,4464,
Shot 20:4581,4500,4617,4545,4572,4554,4536,4608,4590,4518,
Shot 21:4941,4806,4698,4761,4644,4878,4734,4779,4860,4842,4635,4662,5004,4788,4905,4869,4995,4743,4770,4887,4896,4923,4914,4725,4680,4986,4959,4932,4977,4950,
Shot 22:5013,
Shot 23:5022,5031,
Shot 24:5301,5049,5103,5157,5247,5274,5040,5445,5283,
