Shot 0:144,72,180,36,9,162,153,135,
Shot 1:216,243,189,234,198,
Shot 2:585,621,459,639,477,603,594,513,576,
Shot 3:702,738,837,756,693,675,720,
Shot 4:882,909,855,873,
Shot 5:1179,945,1017,1125,918,1143,1080,1242,927,1116,1260,1233,1098,954,1224,1206,
Shot 6:1341,1278,1395,1296,1368,1377,1404,1332,
Shot 7:1566,1413,1440,1539,
Shot 8:1710,
Shot 9:1827,1890,
Shot 10:2286,1953,2070,1926,2034,1971,1989,2178,1944,2268,2007,2295,1980,
Shot 11:2331,2304,2313,2340,2322,
Shot 12:2349,2403,2367,
Shot 13:2430,2475,2457,2466,2448,2439,2421,
Shot 14:2538,2520,2646,2493,2610,
Shot 15:2718,2754,2799,2745,2781,2808,2763,2709,
Shot 16:2862,2826,2835,2844,2871,2853,
Shot 17:2889,2907,2880,
Shot 18:2925,
Shot 19:2943,
