Shot 0:9,27,
Shot 1:54,81,72,63,45,
Shot 2:99,
Shot 3:171,117,153,135,162,225,126,180,
Shot 4:234,
Shot 5:243,
Shot 6:279,252,261,270,288,
Shot 7:315,
Shot 8:360,324,342,378,
Shot 9:459,414,432,441,450,477,
Shot 10:513,540,
Shot 11:657,747,567,864,675,648,
Shot 12:963,927,945,900,918,936,954,972,
Shot 13:981,990,
Shot 14:1080,
Shot 15:1143,1296,1215,1161,
Shot 16:1395,1422,1413,1332,1404,
Shot 17:1539,1674,1494,1431,1440,1476,1521,1458,1584,1656,1566,
Shot 18:1719,1683,1692,1701,
Shot 19:1755,1854,1809,1737,1827,1773,
Shot 20:1872,1890,1881,1863,
Shot 21:1917,1908,1926,1899,
Shot 22:1935,
Shot 23:2088,1944,1962,1953,1980,2160,2007,1971,1989,2133,2034,2097,2205,2052,2016,2043,2178,2232,2079,
Shot 24:2547,2736,2322,2682,2592,2484,2637,
Shot 25:2754,2745,2763,
Shot 26:2853,2772,2799,3096,3024,3186,2790,3177,2934,2808,2979,2781,3060,2826,2907,3006,3078,2889,2961,3123,2844,2871,2952,
Shot 27:3672,3204,3303,4149,4401,3240,4284,3357,3285,3699,3582,4203,3690,3825,3438,4365,4122,4230,3555,3483,3600,3627,3330,3681,
Shot 28:4437,4464,4419,4455,4428,
Shot 29:4482,
Shot 30:4518,4554,4527,4536,4509,
Shot 31:4572,4563,4590,
Shot 32:4761,4653,4707,4680,4599,4725,4743,
Shot 33:4842,4959,4896,4878,4941,4851,
Shot 34:5148,5031,5112,5184,5103,5130,
Shot 35:5283,5229,5292,5274,
Shot 36:5310,
Shot 37:5427,5391,5382,5418,5472,5373,5445,5400,5436,5409,
Shot 38:5652,5481,6030,5553,5490,5562,5868,5976,5832,5931,5805,5697,5517,5526,5886,5535,5850,5580,5904,5616,5544,5994,5949,5499,5733,5823,5787,5877,5508,6012,5688,5598,5706,5958,5634,6048,5841,5589,5571,
Shot 39:6192,6075,6057,6111,6210,6147,6201,6183,6066,
Shot 40:6246,6219,6228,6237,6255,
Shot 41:6264,
Shot 42:6273,6282,
Shot 43:6309,6300,6318,
Shot 44:6354,6345,6327,6363,
Shot 45:6444,6372,6408,6381,6453,6435,
Shot 46:6489,6507,6462,
