Shot 0:9,18,
Shot 1:45,27,54,36,
Shot 2:90,81,99,
Shot 3:126,108,144,117,
Shot 4:270,162,207,234,153,189,297,180,243,198,261,171,279,
Shot 5:387,360,414,324,369,396,423,378,
Shot 6:477,450,459,468,486,
Shot 7:576,504,558,540,585,
Shot 8:594,
Shot 9:666,603,702,612,693,639,684,621,
Shot 10:711,729,720,
Shot 11:756,891,810,828,864,801,873,855,819,846,738,783,747,
Shot 12:954,909,936,927,918,972,963,945,981,
Shot 13:999,
Shot 14:1008,
Shot 15:1071,1026,1170,1134,1197,1044,1116,1053,1017,1152,1089,1179,1035,1062,1143,1080,1188,1125,
Shot 16:1503,1395,1593,1719,1935,1872,1458,1908,1827,1620,1845,1305,1584,1782,1566,1422,1638,1602,1899,1224,1809,1746,1917,1485,1323,1611,1890,1368,1863,1350,1701,1836,1557,1476,1332,1728,1818,1926,1665,1251,1629,1548,1764,1413,1431,1377,1710,1737,1692,1530,1404,
Shot 17:1953,1944,1962,
Shot 18:1971,1980,
Shot 19:1989,
Shot 20:2007,2025,2016,1998,
Shot 21:2034,2043,
Shot 22:2061,2070,2052,
Shot 23:2079,
Shot 24:2088,
Shot 25:2133,2097,2151,2106,2115,2142,2124,
Shot 26:2277,2214,2340,2430,2241,2223,2295,2259,2313,2421,2286,2358,2250,2268,
Shot 27:2484,2448,2538,2529,2466,2520,2457,2493,2475,
Shot 28:2583,2556,2574,2592,
Shot 29:2610,
Shot 30:2619,2628,
Shot 31:2664,2637,2646,2655,2673,
Shot 32:2763,2700,2772,2709,2745,
Shot 33:2907,2781,2844,2817,3240,2808,3222,2826,2799,2871,2835,3231,2862,2790,2898,3213,2916,
Shot 34:3249,
Shot 35:3258,
Shot 36:3267,
Shot 37:3276,
Shot 38:3303,3285,3321,3294,
Shot 39:3357,
Shot 40:3375,3366,3402,3384,
Shot 41:3420,3429,3411,
Shot 42:3438,
Shot 43:3447,
Shot 44:3483,3537,3519,3456,3501,3510,3528,3465,
Shot 45:3564,3645,3609,3591,3618,3546,3627,3654,3636,3573,3555,
Shot 46:3906,4032,3672,3987,3699,3807,3762,3960,3843,3861,4014,3717,3942,3969,3825,3879,3996,3735,3924,3708,3798,3852,3915,3753,
Shot 47:4041,4050,4059,
Shot 48:4077,4086,4068,
Shot 49:4140,4104,4122,4113,4131,4149,
Shot 50:4482,4167,4185,4392,4536,4212,4455,4419,4257,4293,4500,4176,4401,4509,4473,4491,4518,4383,
Shot 51:4707,4572,4626,4599,4734,4689,4617,4671,4581,4716,4698,
