Shot 0:27,90,72,45,9,
Shot 1:108,
Shot 2:288,180,117,135,198,162,189,207,153,225,243,126,216,279,234,297,
Shot 3:333,
Shot 4:342,351,
Shot 5:369,
Shot 6:396,441,378,450,387,
Shot 7:522,612,549,558,513,567,531,
Shot 8:675,657,621,630,666,639,
Shot 9:855,720,1197,1134,981,1224,765,1161,729,1017,774,1125,954,891,1143,999,846,747,990,963,738,
Shot 10:2178,1278,1485,2313,2061,1269,1854,2115,1764,1530,1323,2124,1710,1305,1818,1944,1836,1953,1674,1845,2151,1611,2043,1917,2007,1899,1593,1782,1602,1512,1773,1962,1737,2025,1287,1449,1890,2034,2016,2133,1989,1296,1494,1998,1800,1755,1971,2304,2142,1683,1503,1728,2268,
