Shot 0:18,81,63,54,90,9,
Shot 1:117,99,108,135,
Shot 2:144,
Shot 3:162,
Shot 4:216,234,225,333,171,288,189,261,279,198,315,270,243,297,306,252,324,207,
Shot 5:360,351,378,
Shot 6:549,468,675,612,432,486,441,504,450,648,423,630,603,477,585,558,495,522,621,594,540,567,414,531,
Shot 7:720,684,702,
Shot 8:828,846,963,891,729,747,990,819,1008,774,765,864,1053,792,909,837,999,810,972,855,1044,1035,882,900,927,954,1026,738,873,
Shot 9:1062,
Shot 10:1071,1080,
Shot 11:1620,1350,1323,1368,1107,1296,1458,1422,1404,1692,1710,1386,1152,1431,1305,1377,1413,1359,1701,1134,1314,1143,1089,1683,1665,1629,1584,
Shot 12:1755,1836,1728,1773,1809,1782,1764,1746,1845,1737,
Shot 13:1872,1881,
Shot 14:1890,
