Shot 0:18,36,9,27,
Shot 1:207,54,108,90,63,216,198,
Shot 2:252,225,234,243,261,
Shot 3:333,621,711,468,603,576,495,648,585,594,567,612,423,531,666,450,549,630,522,441,639,558,540,459,405,504,486,414,432,387,477,
Shot 4:828,1008,1017,990,945,810,
Shot 5:1098,1161,1026,1179,1044,1053,1035,1116,
Shot 6:1233,1188,
Shot 7:1395,1431,1377,1305,1503,1278,1368,1359,1323,1386,1467,1314,1404,
Shot 8:1521,
Shot 9:1584,
Shot 10:1665,
Shot 11:1845,1746,1881,1809,
Shot 12:1899,
Shot 13:1908,
Shot 14:1944,2277,1935,1953,2052,
Shot 15:3186,3195,
Shot 16:3465,3213,4950,4491,3339,4977,3717,4887,4311,4257,4392,3852,4536,3321,4761,3447,4140,3582,4518,4644,3870,3699,4968,4959,3843,4770,4905,3330,4266,3573,3591,4149,4653,4896,3456,3708,4527,4779,4662,4158,4131,3438,3312,3690,4635,3861,4788,4509,4914,
Shot 17:4995,5013,4986,5004,
Shot 18:5040,5085,5031,5067,
