Shot 0:18,36,27,54,45,9,
Shot 1:144,99,252,225,72,189,261,117,90,207,162,63,153,108,234,81,216,180,135,
Shot 2:297,270,306,279,
Shot 3:324,333,315,
Shot 4:396,459,441,414,342,369,450,477,351,387,378,468,423,405,
Shot 5:522,486,558,495,540,531,513,504,549,
Shot 6:612,567,585,630,576,594,603,621,
Shot 7:756,810,684,648,792,693,783,720,639,666,801,774,675,747,657,765,
Shot 8:819,855,846,837,828,
Shot 9:882,891,864,873,
Shot 10:909,927,900,918,
Shot 11:936,945,
Shot 12:999,954,972,963,981,1017,1008,990,
Shot 13:1026,1035,
Shot 14:1098,1053,1125,1080,1044,1071,1116,1107,1089,1062,
Shot 15:1134,
Shot 16:1161,1188,1143,1179,1152,1170,
Shot 17:1278,1224,1323,1215,1197,1296,1251,1206,1233,1341,1260,1332,1269,1287,
