Shot 0:549,3330,3258,2844,3303,1629,3222,2124,1521,729,3285,783,2187,1215,2952,441,9,999,1467,2088,594,2799,3186,3240,1080,702,2826,1233,747,3249,3204,3267,2916,765,1647,720,567,1611,1539,1017,792,558,1089,
Shot 1:3393,3438,3375,3357,3429,3384,3402,
Shot 2:3456,
Shot 3:3969,3672,3735,4023,3942,3924,3654,3789,4005,3861,3681,3933,3951,4041,3915,3663,3762,3906,3708,4032,3690,3960,3753,3978,
Shot 4:4068,4077,
Shot 5:4086,
Shot 6:4113,4095,4131,4104,4122,
Shot 7:4374,4212,4284,5085,4968,4995,4905,4266,4527,4320,4644,4734,5022,4302,4410,4347,4275,4554,4356,4392,4293,4977,4500,4311,4536,
Shot 8:5139,
Shot 9:5175,5148,5157,5184,
