Shot 0:9,
Shot 1:36,
Shot 2:189,
Shot 3:1089,792,918,972,603,783,1080,1197,837,963,846,1098,
Shot 4:1206,1431,1512,1332,1323,1422,1287,
Shot 5:1539,1593,
Shot 6:1854,2142,1935,1881,2052,1746,2007,1899,1890,2043,2115,1872,2169,1971,2034,2151,2097,2061,1917,2088,1962,2079,1980,2070,2025,1926,1908,1953,2016,1863,1989,2160,2133,2106,1998,2124,1827,1836,1845,1818,
Shot 7:2187,2484,2178,
Shot 8:2808,3339,3312,3285,3420,2637,3375,3393,3231,3195,3321,3186,3402,3384,2844,3258,2943,3411,3303,3330,2871,3267,3366,2961,2835,3276,2754,3213,2862,3204,2772,3357,2763,3348,2790,
Shot 9:3924,3942,3933,
Shot 10:4968,4014,5202,4113,5193,4275,4680,4176,4572,4698,4149,4212,4374,4131,5148,4833,5022,4896,5076,4689,4995,
Shot 11:5265,
Shot 12:5643,5832,
