Shot 0:648,9,603,153,639,702,693,711,585,
Shot 1:756,828,729,774,
Shot 2:981,999,945,
Shot 3:1062,1152,1107,1053,1071,1143,
Shot 4:1251,1476,1170,1386,1440,1269,1206,1287,1296,1215,1260,1224,1458,1197,1323,
Shot 5:1557,1845,1737,1971,1629,1890,1521,1584,1818,1683,1548,
Shot 6:2196,2052,2115,2430,
Shot 7:2619,2466,2691,
Shot 8:2862,2952,2943,2781,2808,2871,2835,
Shot 9:3015,3069,3123,3087,3060,3042,3006,3024,
Shot 10:3204,3393,3717,3339,3699,3366,3708,3132,3726,
Shot 11:3924,4014,
Shot 12:4077,4149,4230,4095,4167,4203,4059,4086,
Shot 13:4248,4329,4311,4257,4293,
Shot 14:4365,4446,4401,
Shot 15:4455,
Shot 16:4590,4761,4707,4725,4689,4743,4770,4734,4716,4653,4626,4608,4572,
Shot 17:4779,
Shot 18:4833,4788,4806,
