Shot 0:9,
Shot 1:63,
Shot 2:522,540,243,729,711,531,342,702,513,
Shot 3:4572,3609,1287,4887,1809,4320,3069,4869,3033,981,4446,1305,4392,3051,2178,4311,3645,4680,2214,3087,4401,3042,4455,3636,4878,2142,4653,4860,3339,4644,4563,2007,2349,4329,
Shot 4:5022,4959,4968,
Shot 5:5121,5040,5238,5301,5103,5229,5112,5049,5265,5247,5130,
Shot 6:6363,5472,6129,5319,5652,6327,5985,5481,6705,6669,6336,6651,6345,6633,6138,
Shot 7:6858,6840,6984,6804,6867,6822,
Shot 8:7353,8046,7083,7677,6993,7299,7713,7056,7002,7668,7290,7308,7407,7686,7461,7137,7758,
Shot 9:8370,
