Shot 0:9,36,
Shot 1:639,603,333,585,612,855,864,315,324,594,783,576,621,459,711,306,846,
Shot 2:1143,1170,882,909,1161,1179,891,1089,1152,900,
Shot 3:1206,1368,1188,1359,1287,1197,
Shot 4:1377,1386,
Shot 5:1413,1611,1602,1395,1404,1449,
Shot 6:2286,1620,2016,2034,1638,2043,1827,2052,2025,1719,2331,1935,1629,1656,2061,1647,2079,2322,
Shot 7:2583,2340,2349,2610,2358,2601,2367,2376,
Shot 8:2907,2619,2970,2646,2628,2979,2637,2718,2952,2961,2772,2817,
Shot 9:3231,3384,2988,2997,3375,3006,
Shot 10:3393,
Shot 11:3879,4563,4959,4599,3726,4869,3987,4860,4554,3735,4005,5058,3708,3717,4878,4572,4284,4302,4536,3978,3402,3753,5049,3996,3591,4887,4293,4014,3699,4275,4851,4311,3411,4581,3744,4761,4392,3969,4905,3420,4023,4320,4266,4473,
Shot 12:5067,5076,
Shot 13:5103,5301,5292,5085,5094,
Shot 14:5346,5310,5724,5706,5328,5571,5715,5454,5670,5319,5337,
Shot 15:6561,6300,6318,6048,6660,6030,6309,6336,6291,6021,5742,5733,6039,6651,6273,6327,6408,6012,6057,5751,6642,5760,5967,6282,6066,6462,
Shot 16:6696,7083,7119,7074,7092,6669,7065,7272,6678,7101,7056,7110,
Shot 17:7605,7488,7479,7407,7416,7389,
