Shot 0:36,9,54,
Shot 1:117,
Shot 2:459,594,135,315,567,216,180,369,585,324,261,225,153,189,549,306,378,513,234,288,162,531,198,360,405,432,126,540,558,495,504,450,468,387,441,
Shot 3:657,
Shot 4:702,
Shot 5:765,
Shot 6:792,
Shot 7:900,1098,1044,1143,1026,972,918,999,945,954,909,936,882,864,1017,1035,873,963,891,
Shot 8:1827,1323,1368,1449,1575,2007,1179,1665,2025,1539,2178,1413,2106,1773,1881,2133,1467,2070,2016,2052,1863,1782,1845,2088,1917,1872,2043,1854,2079,1836,1791,2034,2097,
Shot 9:2232,2574,2457,2376,2502,2547,2340,2484,2295,2358,2439,2367,2331,2412,2268,2448,2511,2529,2304,2430,2286,2466,2493,2565,2556,2520,2349,2277,2385,2538,2250,2223,2214,2241,2259,
Shot 10:2673,2772,2709,2817,2592,2628,2736,2790,2583,2700,2808,2619,2727,2754,2799,2691,2781,2655,2763,2601,2718,2682,2745,2637,2664,2610,
Shot 11:2826,
Shot 12:3015,3609,3114,2952,
