Shot 0:783,81,45,126,9,63,189,27,90,1278,36,207,72,54,351,108,306,144,180,1017,729,
Shot 1:1368,1575,1296,1314,1539,1494,1332,1557,1341,1512,1440,1377,1350,1395,1584,1359,1593,
Shot 2:1737,1611,1899,1881,1620,1872,1692,1647,1719,
Shot 3:1908,1917,
Shot 4:1962,1953,1926,1944,1935,2043,2151,
Shot 5:2196,2169,2421,2511,2322,2178,2214,2223,2295,2187,2205,
Shot 6:2691,
Shot 7:3141,3321,3294,3303,3258,3114,3105,3159,
Shot 8:3330,3339,
Shot 9:3348,3357,
Shot 10:3537,3366,3375,3483,3519,3546,3465,
Shot 11:3636,3843,3780,3573,3735,3753,3807,3798,3600,3591,3672,3609,3852,3825,3618,
Shot 12:3861,3870,
Shot 13:3924,4347,4329,4311,4374,4365,4050,4356,4257,
Shot 14:4446,4617,4383,4491,4392,4410,4509,4428,4482,
