Shot 0:126,9,63,108,36,117,135,
Shot 1:351,423,
Shot 2:990,1134,1116,1170,1152,1026,1089,1107,1062,963,1008,1044,1071,1017,
Shot 3:1359,1188,1350,1332,1296,1368,
Shot 4:1629,1431,1530,1494,1548,1602,
Shot 5:2430,1926,2754,2169,1971,2538,2358,2250,2520,2673,2313,2016,2484,2151,1935,2394,2583,2286,2619,2340,2214,2124,2457,2565,2502,2367,1953,2637,2412,2556,2511,1980,2475,
Shot 6:2781,3303,3051,3060,2970,
Shot 7:3321,3402,3510,3366,3384,3312,
Shot 8:4257,4455,4329,4410,3636,3753,4293,4311,3627,4356,4284,4401,4338,
Shot 9:4518,
