Shot 0:18,36,27,9,
Shot 1:63,54,45,72,
Shot 2:189,117,261,81,153,99,243,216,144,279,162,171,90,207,225,126,108,180,198,270,
Shot 3:486,333,567,648,360,297,540,603,666,342,522,378,612,423,585,657,558,396,504,576,468,369,288,
Shot 4:693,729,720,738,684,
Shot 5:765,747,774,756,
Shot 6:819,792,783,801,810,828,
Shot 7:855,873,846,864,
Shot 8:900,936,927,918,882,
Shot 9:954,945,963,
Shot 10:981,1008,999,972,
Shot 11:1035,1089,1098,1044,1017,1062,1107,1080,1026,1053,
Shot 12:1116,
Shot 13:1125,
Shot 14:1134,
Shot 15:1143,
Shot 16:1170,1152,1161,
Shot 17:1269,1179,1341,1224,1188,1197,1332,1314,1350,1215,1206,1233,1323,1251,1296,1242,1287,1278,1260,
Shot 18:1638,1728,1755,1458,1602,1530,1485,1701,1476,1593,1746,1908,1413,1800,1791,1359,1863,1440,1845,1656,1377,1575,1827,1368,1935,1899,1620,1512,1809,1692,1836,1548,1611,1449,1926,1710,1386,1665,1818,1422,1584,1764,1782,1467,1881,1719,1431,1674,1494,1773,1521,1539,1395,1629,1503,1647,1854,1917,1404,1737,1872,1890,1683,
Shot 19:1989,1953,1944,1998,1962,2007,1971,2016,
Shot 20:2025,2043,2034,
Shot 21:2079,2070,2052,2088,2061,
Shot 22:2115,2097,2106,2124,
Shot 23:2187,2142,2151,2133,2160,2178,
Shot 24:2214,2205,2196,2223,
Shot 25:2232,
