Shot 0:45,9,27,36,54,
Shot 1:189,81,126,279,243,225,153,108,171,
Shot 2:387,306,324,333,342,405,351,360,378,396,
Shot 3:657,441,432,918,414,702,765,738,684,693,594,720,423,675,810,
Shot 4:1143,999,1197,1026,1053,1125,1098,
Shot 5:1503,1242,1881,1728,1899,1629,1854,1584,1773,1692,1917,1602,1413,1863,1368,1656,1845,1305,1890,1872,1530,1476,1494,
Shot 6:1971,1989,2016,1962,
Shot 7:2052,2025,2070,
Shot 8:2106,2160,2115,
Shot 9:2178,
Shot 10:2313,2277,2367,2250,2295,2349,
Shot 11:2466,2394,2430,2412,2457,2403,2475,
Shot 12:2511,2520,2493,
Shot 13:2538,
