Shot 0:225,261,9,243,
Shot 1:270,
Shot 2:306,279,378,288,369,342,324,351,297,333,315,360,
Shot 3:423,603,495,549,387,396,486,504,594,522,567,468,405,531,558,585,441,450,513,477,414,576,432,459,540,
Shot 4:621,630,612,639,657,675,684,666,648,
Shot 5:693,
Shot 6:828,783,810,792,846,
Shot 7:945,1017,918,855,909,981,927,882,954,936,990,
Shot 8:1080,1026,1125,1044,1035,1053,
Shot 9:1206,1233,1170,1143,1161,1179,1224,1152,1197,1215,
Shot 10:1323,1377,1260,1359,1242,1296,
Shot 11:1458,
Shot 12:1530,1539,
Shot 13:1548,
Shot 14:1584,1557,1566,1638,1602,1620,1611,1629,1593,1575,
Shot 15:1719,1755,1647,1746,1656,1674,1728,1665,1692,1737,1683,1710,1701,
Shot 16:1764,
Shot 17:1782,1863,1917,1890,1872,1908,1854,1827,1845,1773,1881,1809,1800,1836,1899,1791,1818,
