Shot 0:9,18,
Shot 1:162,72,54,36,27,135,
Shot 2:198,216,189,207,
Shot 3:252,261,234,
Shot 4:729,396,288,450,333,621,432,414,342,711,756,306,630,441,
Shot 5:900,765,774,927,918,882,891,
Shot 6:936,2187,2196,1089,
Shot 7:2898,3375,2205,3213,2592,3069,3294,2430,3384,2223,3195,2817,3321,3231,2439,2880,2412,2448,2538,3060,2610,3303,2601,2466,3078,2943,2232,2259,3204,2403,
Shot 8:3420,3546,3411,
Shot 9:3987,3609,4500,3933,4491,4446,3627,3951,4473,
Shot 10:5283,4518,5328,5292,5301,4545,5310,5274,
Shot 11:5544,5616,5337,5769,5391,5661,5355,5580,5751,5742,5625,5517,5697,5571,5670,5346,5688,5607,5778,5382,5589,5364,
Shot 12:6174,5877,6048,6120,6093,6147,6849,6129,6759,5886,6867,
Shot 13:7065,6894,7137,6876,6903,6885,7128,6912,
