Shot 0:207,261,135,9,63,45,306,333,279,162,234,270,27,81,216,
Shot 1:369,423,
Shot 2:540,468,603,576,504,513,585,477,567,549,531,
Shot 3:612,
Shot 4:999,846,792,927,1080,
Shot 5:1134,1161,1107,
Shot 6:1854,1188,1935,1674,1575,1908,1296,1971,1917,1872,1890,1800,1764,1629,
Shot 7:2016,1980,2034,
Shot 8:2124,2160,2061,2088,2142,2106,
Shot 9:2457,2214,2340,2538,2286,2493,2376,2394,2259,2511,2322,2430,
Shot 10:2601,2583,2808,
Shot 11:2862,2925,
Shot 12:2934,
Shot 13:2979,2943,3024,3069,2961,
Shot 14:3096,3141,3114,3078,
Shot 15:4014,3681,3852,3150,4230,3744,3573,4239,4140,3816,3654,4203,3717,3699,3636,4122,3780,3501,4077,3924,3888,3960,
Shot 16:4374,
