Shot 0:342,828,81,774,189,621,819,162,288,531,234,684,486,198,396,639,9,810,270,135,216,
Shot 1:846,837,855,
Shot 2:1143,1368,1449,882,1260,1107,1332,981,1386,1215,1422,1287,1440,909,1188,1233,1458,1350,1053,1413,1224,1341,1395,1431,1314,1377,1197,927,1296,1359,1269,954,1161,1251,1323,900,1179,1035,1125,1152,1134,
Shot 3:1503,1476,1485,1512,
Shot 4:1521,
Shot 5:1530,1539,
Shot 6:1557,1566,1548,
Shot 7:1602,1575,1620,1584,1593,1611,
Shot 8:1638,1647,
Shot 9:1665,1656,1674,
Shot 10:1710,1692,1701,1719,
Shot 11:1728,
Shot 12:1737,
Shot 13:1746,
Shot 14:1764,1755,1773,
Shot 15:1809,1782,1791,1800,1818,
