Shot 0:270,9,450,423,414,405,432,225,306,261,
Shot 1:477,459,486,468,
Shot 2:522,495,585,558,504,594,549,540,531,513,
Shot 3:612,603,621,
Shot 4:630,648,639,
Shot 5:666,657,684,
Shot 6:693,702,
Shot 7:720,738,729,711,
Shot 8:756,774,
Shot 9:810,846,828,792,
Shot 10:882,855,873,864,
Shot 11:891,900,
Shot 12:909,918,
Shot 13:927,
Shot 14:963,936,954,945,981,972,
Shot 15:1035,1287,1233,1341,1143,1269,1215,1386,1278,1305,1314,1332,1296,1323,999,1260,1170,1224,1368,1206,1062,1107,1188,1242,1008,1026,1179,1134,1152,1116,1080,1161,1017,1044,1053,1071,
Shot 16:1467,1422,1431,1440,1449,1485,1476,1458,
Shot 17:1521,1539,1530,1503,1512,
Shot 18:1629,1683,1674,1575,1584,1620,1611,1548,1656,
Shot 19:1710,1692,1701,1719,1728,
Shot 20:1854,1755,1800,1746,1773,1791,1836,1845,
Shot 21:1863,1872,
Shot 22:1944,1908,1917,2061,1926,1989,1971,1935,
