Shot 0:9,
Shot 1:153,243,225,216,198,252,117,180,261,207,189,108,234,270,81,126,171,90,162,144,
Shot 2:279,
Shot 3:297,306,288,
Shot 4:315,324,
Shot 5:333,
Shot 6:342,
Shot 7:414,351,360,387,369,459,396,441,450,405,432,423,
Shot 8:603,855,846,585,837,522,819,486,468,828,558,531,594,576,666,783,540,495,675,567,711,648,549,684,747,702,657,720,774,477,729,621,693,756,612,639,792,801,
Shot 9:936,945,864,900,891,909,918,873,927,
Shot 10:1035,990,1206,954,999,1170,972,1008,981,963,1179,1062,1017,1197,1188,1026,1053,1161,
Shot 11:1224,1242,1233,1215,
Shot 12:1260,1296,1305,1278,1287,1269,1251,
Shot 13:1314,1323,
Shot 14:1377,1359,1332,1395,1350,1404,1368,1386,1341,
Shot 15:1413,
Shot 16:1422,
Shot 17:1431,
Shot 18:1440,
Shot 19:1485,1512,1503,1449,1458,1494,1476,1467,
Shot 20:1521,
Shot 21:1530,
Shot 22:1566,1548,1584,1539,1557,1575,
Shot 23:1593,
Shot 24:1602,1611,
Shot 25:1620,
Shot 26:1665,1629,1701,1683,1710,1692,1674,1638,1647,1656,
Shot 27:1719,
Shot 28:1746,2007,1782,1728,1791,1962,1773,1809,1971,1872,1953,1755,1800,1764,1737,
Shot 29:2124,2304,2286,2169,2079,2088,2277,2052,2187,2160,2016,2223,2250,2268,2025,2196,2295,2259,2070,2106,2178,2034,2205,2097,2043,2151,2133,2115,
