Shot 0:99,27,243,189,234,225,9,54,36,162,180,144,126,
Shot 1:261,531,522,369,252,
Shot 2:576,558,783,594,567,
Shot 3:1467,1701,792,909,1098,1674,1215,954,855,1188,981,1134,927,999,1566,882,1287,1692,1647,1224,1080,918,
Shot 4:1953,1719,1710,1746,1755,1782,1890,1917,1980,1854,1899,2007,1872,1800,1809,1881,1908,1836,1971,1827,1998,2025,1926,1863,1935,2016,1962,1845,1989,1791,
Shot 5:2043,
Shot 6:2277,2565,2313,2457,2493,2520,2556,2529,2322,2430,2385,2358,2511,2232,2484,2502,2538,2340,2421,2394,2349,2331,2367,2439,2475,2268,2547,2376,2403,2304,2295,2466,2286,2250,
Shot 7:2763,2826,2727,2817,2889,2844,2862,2880,2736,2799,2898,2871,2745,2790,2754,2772,
Shot 8:3519,4410,4653,3114,4356,3888,4023,3807,3393,3789,3735,4482,3420,4158,3303,3816,3321,3870,3798,4635,3348,3195,3213,3312,3357,3834,3987,3150,3699,3762,3339,3744,3231,3330,3285,3726,3672,4383,3897,4275,3825,3942,4248,3654,3222,3852,3627,4194,3708,3267,3582,3753,4077,3645,3771,3240,3690,3681,3528,3492,3258,4392,4113,3465,3276,4185,3510,3501,3447,3609,3483,
Shot 9:4878,4797,4662,4950,4869,4905,
Shot 10:4959,
Shot 11:4968,
Shot 12:5139,
Shot 13:5193,5202,
