Shot 0:9,18,
Shot 1:27,36,
Shot 2:45,
Shot 3:54,
Shot 4:117,63,81,144,72,90,126,
Shot 5:279,198,162,243,297,216,180,288,
Shot 6:567,324,396,630,306,351,486,603,450,315,513,540,423,342,648,585,360,594,387,558,405,477,576,
Shot 7:945,702,828,765,1017,864,675,900,720,792,972,918,990,1044,810,855,891,873,954,909,927,936,1008,981,
Shot 8:1665,1107,2241,1359,2106,1989,1251,1440,1791,2484,1305,1179,2205,1530,1395,2313,2043,1206,1332,1602,1080,2133,1467,1269,2016,1719,2259,2061,1557,1377,2223,1764,1503,1971,1296,1188,1350,1314,1170,1341,1323,1431,1647,2034,1449,2232,2097,1512,1980,1998,1548,1773,1656,1566,2007,1800,1782,1674,
Shot 9:2880,3645,3465,3258,2628,3555,3591,3132,3384,3519,2673,3627,3024,2736,3321,3096,2952,2808,2691,3168,2988,2844,3213,2754,2925,2970,3240,3114,3006,3636,2826,2664,3195,3600,3339,3276,2817,2799,2889,3654,2997,3141,3159,3204,3267,
Shot 10:3879,3690,4068,3753,4005,3717,3807,3942,3843,3771,3906,3735,4032,3969,3789,3708,3861,3987,3825,3744,3726,3762,4059,3996,3852,3951,3960,4014,3798,3915,3870,3888,3834,
Shot 11:4410,4626,4824,4221,4788,4473,4716,4140,4545,4284,4338,4500,4689,4815,4581,4653,4446,4761,4518,4257,4203,4608,4311,4806,4365,4707,4635,4725,4509,4392,4482,4329,4194,4536,4455,4743,4599,4275,4239,4617,4779,4428,4374,4356,4293,4527,4698,4572,4464,4320,4419,4437,4491,4230,4752,4401,4644,4266,
Shot 12:4833,
Shot 13:4842,4851,
