Shot 0:9,18,
Shot 1:54,36,27,45,63,
Shot 2:108,162,135,81,144,99,90,72,117,
Shot 3:180,198,171,189,
Shot 4:216,270,252,279,234,261,243,225,
Shot 5:423,378,333,297,360,450,396,306,315,387,405,441,369,342,288,414,324,432,
Shot 6:459,468,
Shot 7:477,486,
Shot 8:513,531,495,522,504,
Shot 9:648,567,738,711,549,756,729,720,630,684,594,747,540,702,585,666,558,639,603,
Shot 10:846,792,765,819,810,774,801,855,828,864,783,837,
Shot 11:891,1053,999,1089,1026,927,1116,873,1071,972,882,1098,1080,900,
Shot 12:1125,
Shot 13:1143,1170,1152,1134,
Shot 14:1296,1206,1251,1341,1179,1215,1323,1224,1368,1197,1260,1314,1332,1359,1188,1242,1233,1269,1350,1278,1305,1287,
Shot 15:1386,1440,1458,1485,1467,1422,1404,1512,1476,1521,1413,1377,1395,1494,
Shot 16:1530,1557,1539,
Shot 17:1575,1566,1584,
Shot 18:1800,1593,1692,1629,1656,1611,1638,1674,1701,1602,1620,1728,1836,1755,1773,1764,1719,1818,1746,1782,
