Shot 0:18,135,36,72,144,126,54,63,90,45,117,9,27,
Shot 1:153,180,171,162,207,
Shot 2:216,
Shot 3:225,234,
Shot 4:279,315,243,261,270,
Shot 5:324,
Shot 6:369,405,333,342,360,351,
Shot 7:414,
Shot 8:558,603,513,684,450,522,495,432,504,423,540,549,648,630,639,459,657,666,594,477,612,
Shot 9:693,
Shot 10:738,702,711,720,729,747,
Shot 11:927,882,783,873,909,891,774,792,819,900,918,801,828,837,963,
Shot 12:972,
Shot 13:1188,1071,1026,1170,1062,1080,1008,1116,1179,1107,1053,1125,981,1017,1044,1098,
Shot 14:1224,1206,1233,
Shot 15:1629,1737,1296,1683,1638,1728,1746,1278,1413,1485,1818,1773,1566,1782,1458,1539,1647,1467,1341,1809,1548,1512,1800,1323,1656,1269,
Shot 16:3231,2079,3051,2205,2196,2619,1962,2349,2286,2133,2790,1935,2799,2637,1863,2421,2592,2340,2430,2511,3240,3249,2016,1881,3015,2034,2322,2808,2610,2529,3285,3267,2565,1872,3168,3087,3330,2007,1827,2241,3069,1845,2061,1926,2583,2223,3114,2484,2259,2403,3294,2772,2295,1989,2475,2106,2673,1917,3141,2493,2385,3213,3312,
Shot 17:3384,3447,3348,
Shot 18:3456,
Shot 19:3474,3564,3510,3465,
Shot 20:3690,3762,3627,3600,3663,3771,3636,3672,3618,3654,3780,3609,3573,3726,3645,3708,3582,
Shot 21:4275,3789,4437,3933,4140,3879,3942,4068,3897,4329,3807,3969,3915,4365,3843,4104,4005,4113,4194,3798,4158,4176,4248,3906,4167,4032,3825,4257,
Shot 22:6768,6273,4446,6579,4914,5166,4455,6444,5607,5103,6606,4527,5157,4905,6660,5706,4995,6075,5733,4968,5058,5220,6597,6093,4671,6363,6741,5499,6822,6696,6786,4572,6759,6192,6624,6687,6777,
Shot 23:7911,6840,7380,8298,8082,6948,8262,8271,8109,8280,7083,6903,8208,6858,8289,8019,8253,7551,7434,6921,6984,6867,7029,8136,6849,6831,7128,7794,7767,7848,7587,7263,6912,8226,7722,7173,6930,
Shot 24:8370,8307,8424,8415,8379,8388,8352,8325,8361,
