Shot 0:81,36,9,63,18,54,126,108,45,72,27,117,90,99,
Shot 1:171,216,135,207,144,153,198,162,180,
Shot 2:234,243,225,
Shot 3:261,279,270,252,
Shot 4:396,288,315,297,351,306,342,369,405,360,324,
Shot 5:432,414,441,423,
Shot 6:450,459,
Shot 7:486,468,495,477,
Shot 8:504,
Shot 9:522,513,531,
Shot 10:585,927,855,819,765,873,540,945,846,864,621,747,729,774,549,783,882,792,558,936,603,756,576,909,
Shot 11:954,963,
Shot 12:972,
Shot 13:981,
Shot 14:1026,990,1008,999,1035,1017,
Shot 15:1206,1044,1089,1080,1125,1179,1188,1197,1233,
