Shot 0:198,9,45,342,27,162,333,36,180,324,
Shot 1:360,351,396,
Shot 2:810,504,675,684,693,702,828,
Shot 3:1179,1350,999,1017,837,1341,1008,1332,1152,855,1161,1026,1323,1359,846,1035,864,
Shot 4:1809,1503,1674,1692,1683,1494,1818,
Shot 5:1854,2304,2115,2322,1998,2160,2007,1827,1989,2313,2151,2016,1836,2025,
Shot 6:2349,2493,2331,2484,2340,
Shot 7:2673,2664,2808,2682,
Shot 8:2853,3474,3078,3168,3645,3312,3321,2997,3654,3150,3339,3303,2817,3483,3141,2988,3006,2979,2826,3330,3015,3132,
Shot 9:3789,3663,3672,3798,
Shot 10:3807,
Shot 11:4113,3843,4158,3978,3816,4302,3987,3969,3825,3996,4131,3834,4293,4140,4005,4014,
Shot 12:4464,4662,4311,4644,4473,4653,4320,4779,4338,
Shot 13:4833,4995,5148,5292,4797,4977,5121,4986,5283,4968,5130,5004,4959,4806,5112,4815,
Shot 14:5319,5301,5454,5310,
Shot 15:5643,5463,5634,5652,
Shot 16:5814,6138,6444,5976,5787,6291,5958,5967,6300,6111,6282,5994,5796,6120,6273,5949,6309,5985,5805,6102,
Shot 17:6669,6453,6624,6633,6642,
Shot 18:6777,
Shot 19:7056,7119,6795,7281,6957,7272,7110,6948,6966,6975,7263,6786,7101,6984,6813,
Shot 20:7290,
Shot 21:7299,7434,
Shot 22:7452,7632,
Shot 23:7767,
Shot 24:7794,7938,7776,7785,7803,
Shot 25:8010,8091,8100,7947,8109,7956,8082,
