Shot 0:9,
Shot 1:450,423,459,432,441,
Shot 2:495,468,486,
Shot 3:513,504,522,
Shot 4:621,711,531,549,675,576,657,693,540,567,648,594,666,558,630,612,
Shot 5:1089,1872,1242,1287,873,1683,1809,1764,729,1197,801,1611,1728,1170,756,1260,1413,900,1152,1836,1701,1341,1647,1530,1224,828,990,918,1584,1746,855,1854,1458,1791,963,1323,1269,1179,1188,1629,1206,1035,774,1368,1251,891,1674,1827,1314,1503,1008,738,936,1737,1125,909,1845,819,1431,1485,810,1278,1602,1386,792,783,1755,837,954,1818,1638,1053,1350,1107,1548,1620,1593,972,1575,1773,981,1080,1359,
Shot 6:2466,1899,2430,1953,2079,1980,2286,2034,2367,2187,1998,2403,2232,1971,1917,2151,2322,2052,2025,2493,1935,2439,2043,1962,2115,2214,2448,2394,2061,2412,2349,2169,2313,2097,2421,2070,2475,2457,1908,
Shot 7:2979,2655,2736,2520,3195,3114,3249,3150,2808,2592,2511,2817,3060,2691,3222,3177,2556,3204,2916,3024,3168,3096,2961,3231,2844,3132,2628,3213,2889,2673,2781,3078,2943,3042,3186,2718,3159,3240,2997,3141,3123,2853,2574,2763,2538,2970,2610,2925,2934,2790,3033,2907,2700,2709,2727,2583,3006,2547,2601,
Shot 8:3258,3276,3267,
Shot 9:3294,3366,3339,3393,3312,3384,3330,3348,3357,3303,3285,
Shot 10:3510,3429,3402,3456,3528,3465,3492,3420,3438,3519,
Shot 11:3600,3537,3564,3636,3546,3573,3555,3627,3609,3591,
Shot 12:3690,3735,3717,3654,3726,3708,3681,3699,
Shot 13:3816,3744,3771,3780,3762,3798,3807,
Shot 14:3897,3933,3852,3825,3879,3915,3870,3906,3924,3888,3942,
Shot 15:3951,3960,
Shot 16:3969,
Shot 17:4257,4590,4194,4149,4500,4437,4329,4167,4464,4077,4536,4113,4311,3996,4401,4482,4131,4338,4041,4374,4212,4365,4050,4509,4023,4293,4230,3978,4095,4383,4203,4239,4176,3987,4473,4572,4419,4284,4068,4347,4356,4005,4455,4266,4140,4410,4248,4392,4221,4599,4554,4527,4581,4545,
Shot 18:4617,4671,4653,4680,4608,4626,
Shot 19:4698,4689,4707,
Shot 20:4743,4770,4716,4761,4725,4734,
Shot 21:4824,4869,4779,4797,4860,4842,4788,4806,4833,4815,
Shot 22:4914,4878,4941,4896,4905,4887,4950,4923,
Shot 23:4968,4986,4977,4959,
Shot 24:5085,5022,5040,5004,5058,5112,5076,5067,5094,
Shot 25:5139,5274,5202,5247,5193,5130,5148,
Shot 26:5310,5355,5292,5373,5283,5328,5346,5301,
Shot 27:5472,5409,5391,5427,5454,5481,5400,5418,5463,
Shot 28:5535,5499,5553,5508,5517,5490,5544,
Shot 29:5670,5976,5877,5805,5562,6003,5841,5913,5742,5949,5706,5778,5634,5895,5859,5940,5823,5967,5958,5598,5985,5922,5994,5724,5688,5652,5697,5580,5886,5715,5661,5679,5733,5796,5751,
Shot 30:6075,6021,6093,6039,6012,6057,6030,6084,
Shot 31:6129,6156,6147,6111,6138,
Shot 32:6228,6174,6201,6264,6246,6183,6165,6210,6219,6237,6255,
Shot 33:6345,6462,6273,6408,6291,6480,6444,6318,6471,6426,6282,6453,6390,6363,6336,6309,6435,
Shot 34:6507,6561,6552,6543,6525,6489,6498,6534,6516,
Shot 35:6669,6597,6651,6624,6570,6633,6615,6678,6642,6660,
Shot 36:6696,6705,6687,
Shot 37:6714,
Shot 38:6957,7281,6876,7344,6723,6795,7110,7200,7074,6777,6732,7002,6813,7227,6912,7056,6750,7155,7263,6849,7245,7083,6939,7137,7317,7119,6894,7182,7038,6759,7092,6984,7218,7011,6741,7020,7101,6867,6921,6903,7146,6975,7128,7209,7164,6822,6885,6948,6993,6966,7272,7335,7299,7326,7290,
Shot 39:7362,7353,7371,
Shot 40:7416,7389,7425,7407,
Shot 41:7443,7452,7434,
Shot 42:7479,7506,7461,7515,7470,7488,
Shot 43:7569,7614,7596,7524,7542,7587,7533,7605,7551,7578,7560,
Shot 44:7641,7668,7623,7686,7650,7659,7632,7695,
Shot 45:7731,7713,7704,7722,
Shot 46:7758,7821,7803,7776,7794,7749,
Shot 47:7875,8028,7956,7830,7992,8019,7893,7938,7848,7884,7866,
Shot 48:8055,8136,8082,8109,8037,8127,8100,8046,8064,
Shot 49:8163,8208,8145,8226,8199,8172,8154,8217,
Shot 50:8307,8244,8253,8289,8262,8235,8280,8298,
Shot 51:8316,
