Shot 0:72,9,135,45,36,117,54,27,126,63,99,81,
Shot 1:153,162,
Shot 2:171,180,
Shot 3:207,225,189,216,198,
Shot 4:234,
Shot 5:333,243,306,837,279,495,315,756,630,
Shot 6:3690,1206,5499,5805,1215,2538,2871,4167,1566,6741,5796,5787,2988,846,5175,2142,3177,3168,3681,3186,1890,855,2133,1224,6570,3672,2853,4185,5508,1872,1881,4482,6183,4491,2529,2997,3006,6192,2862,3015,6201,4500,3195,5157,2160,
Shot 7:6813,6750,6876,6768,6849,6867,6786,6759,6840,6777,6795,6831,
Shot 8:6921,6885,6894,6939,6903,6930,6912,
Shot 9:6948,
Shot 10:6984,6957,6993,
