Shot 0:9,27,
Shot 1:126,45,162,
Shot 2:756,459,333,540,387,468,423,504,549,657,513,495,477,486,603,189,522,405,531,450,558,441,801,846,432,198,567,639,828,819,720,684,
Shot 3:918,1053,999,1188,1098,990,945,873,
Shot 4:1377,1458,
Shot 5:1530,
Shot 6:1683,1656,1638,
Shot 7:1782,1881,1836,1710,
Shot 8:1980,1899,1926,1953,
Shot 9:2070,1998,2169,2133,2097,2007,2142,2034,2160,1989,2115,2043,2061,2052,2088,2151,2025,2079,2124,
Shot 10:2538,2862,2790,2394,2826,2754,2178,2565,2466,2421,2358,2556,2709,2583,2718,2691,2736,2232,2439,2646,2493,2295,2529,
Shot 11:2934,3303,3087,3195,2988,3231,3276,2907,
Shot 12:3375,3402,
Shot 13:3456,3519,
Shot 14:3609,3681,3798,3690,3645,3771,3537,3753,3672,3717,3780,3735,3528,3636,3591,
