Shot 0:594,9,189,
Shot 1:1224,1494,2187,1629,1377,1584,1836,1296,1674,2241,2151,1944,1125,1152,
Shot 2:2790,3132,3015,2952,2871,2547,3060,3087,
Shot 3:3519,3537,3528,3510,
Shot 4:3564,3591,3582,3546,3573,
Shot 5:3654,3636,3672,3600,3663,3645,3627,
Shot 6:3708,3690,3681,3699,3717,
Shot 7:4095,3771,3906,4032,3915,4077,3789,3942,4050,3726,3879,4014,3987,3780,3798,4041,4059,3834,3816,3960,3753,4068,3861,4113,4086,3924,4104,3762,3897,
Shot 8:4158,4239,4212,4140,4194,4257,4221,4230,4203,4131,4248,4185,4149,
Shot 9:4311,4266,4518,4554,4275,4410,4581,4293,4545,4284,4482,4374,4563,4437,4347,4572,4455,4302,4320,
Shot 10:4635,4608,4590,4617,4653,4626,4599,4644,
Shot 11:4680,4662,4689,4671,
Shot 12:4698,4707,
Shot 13:4779,4725,4752,4716,4761,4788,4770,
Shot 14:4842,4887,4869,4878,4806,
Shot 15:4905,4896,4923,
Shot 16:4968,4932,4959,4941,4977,
