Shot 0:9,18,
Shot 1:27,
Shot 2:72,45,36,81,63,
Shot 3:126,90,117,
Shot 4:135,252,189,171,
Shot 5:288,261,270,315,279,297,
Shot 6:360,378,405,333,342,369,414,351,396,
Shot 7:423,
Shot 8:441,450,
Shot 9:468,477,459,
Shot 10:603,495,486,612,594,558,
Shot 11:792,639,729,621,702,648,666,675,630,765,774,711,837,684,693,828,756,657,738,783,
Shot 12:873,855,864,
Shot 13:882,891,
Shot 14:1017,909,918,990,963,945,954,999,936,1008,927,1044,
Shot 15:1251,1386,1107,1206,1350,1224,1287,1071,1125,1305,1143,1233,1260,1332,1278,1368,1377,
Shot 16:1413,1395,1404,
Shot 17:1422,
Shot 18:1431,
Shot 19:1440,
Shot 20:1458,1449,1467,
Shot 21:1476,1485,
Shot 22:1494,
Shot 23:1503,1512,
Shot 24:1557,1566,
Shot 25:1575,1584,
Shot 26:1620,1602,1638,1593,1629,1611,
Shot 27:1656,1674,1647,1665,
Shot 28:1710,1755,1692,1719,1764,1728,1683,1701,
Shot 29:1863,1881,1791,1827,1773,1872,
Shot 30:1899,1890,1908,
Shot 31:1944,1962,1917,
Shot 32:2583,3033,1971,2979,2952,2736,2673,2124,2079,2493,2790,2925,2520,2556,2304,2286,2637,2367,3015,2781,2646,2844,2475,2682,2151,2817,2664,2232,2655,2007,2223,2619,1980,2889,2250,2565,2970,2709,2754,1989,2988,2862,2934,2835,2943,2898,2574,2826,2916,2808,3024,
