Shot 0:1926,990,666,1674,1260,1377,297,216,531,369,441,576,1809,621,837,1557,459,702,1611,1485,1440,108,270,1791,1278,1071,2025,639,333,765,603,504,1206,1458,1656,1323,1593,873,1629,1818,801,1512,981,945,234,1188,648,1773,1836,675,846,1530,171,1647,1467,351,1584,738,855,1494,1269,1665,198,1017,1197,1800,1305,999,972,1224,783,144,1044,252,9,225,1008,1350,936,1827,1314,207,1854,1971,1890,1287,1908,153,1296,1872,1332,27,963,
Shot 1:2988,2322,2187,3294,2358,2232,2520,2448,2349,2106,2214,2367,2160,2331,3159,2079,3285,2592,2304,2151,2205,3060,2907,2169,2925,2799,2061,3204,3051,2709,2223,2340,2259,2475,3033,2844,2628,2916,2088,2889,2385,3168,2241,3276,3015,3042,2997,3222,3258,3177,
Shot 2:3303,
Shot 3:3510,3348,3402,3312,3375,3366,3546,3483,3384,3447,3321,3339,3537,3357,3492,3474,3420,3501,3519,
Shot 4:3555,
Shot 5:3564,
Shot 6:3573,
Shot 7:3582,
Shot 8:3591,
Shot 9:3600,3609,
Shot 10:3618,
Shot 11:3627,3645,3636,
Shot 12:3663,3681,3672,3654,
Shot 13:3690,
Shot 14:3699,3708,
Shot 15:3771,3717,3726,3753,3906,3762,3798,3816,3780,
