Shot 0:18,9,72,
Shot 1:81,
Shot 2:234,369,225,243,
Shot 3:486,378,468,387,477,
Shot 4:621,729,747,504,522,693,738,711,666,648,540,
Shot 5:783,756,774,765,792,
Shot 6:801,810,
Shot 7:846,819,927,828,873,900,918,837,855,
Shot 8:945,963,
Shot 9:999,981,990,1008,
Shot 10:1116,1053,1260,1215,1098,1089,1188,1080,1152,1107,
Shot 11:1449,1296,1422,1341,1440,
Shot 12:1485,1467,1503,
Shot 13:1593,1557,1638,1629,1584,1512,
Shot 14:1800,1710,1917,1647,2007,1773,1890,1836,1854,1782,1980,1944,1818,1998,1899,1791,1674,1656,1746,
Shot 15:2016,
Shot 16:2025,
Shot 17:2034,
Shot 18:2187,2358,2304,2088,2232,2340,2061,2259,2286,2124,2322,2205,2142,2169,2331,2349,
Shot 19:2367,
Shot 20:2376,
Shot 21:2394,2412,2403,2385,
Shot 22:2430,2448,2457,2421,2439,
Shot 23:2556,2520,2475,2493,2538,2484,2502,2565,2529,2547,2511,
Shot 24:2592,2628,2610,2637,2619,2601,2583,
Shot 25:2835,3159,2646,2916,2745,2952,2898,2772,2673,2799,2880,2727,2934,2862,2808,2826,
Shot 26:3492,3357,3168,3285,3447,3411,3213,3312,3339,3474,3510,
Shot 27:3708,3573,3618,3645,3591,3681,3717,
