Shot 0:9,477,729,657,639,747,702,459,450,
Shot 1:1062,1647,1161,792,1629,1377,1395,972,1359,1530,1575,1323,945,1602,1251,990,1107,1098,1638,1305,1089,1035,1413,1026,1620,1611,1593,1404,864,1008,1296,1080,954,1071,981,1269,1125,1467,
Shot 2:1665,1674,1656,
Shot 3:1683,1692,
Shot 4:1872,1701,2376,2097,1710,1917,1755,1782,1989,2367,1800,1737,1836,1719,1809,1899,
Shot 5:2637,2385,2520,2655,2403,2574,2700,2682,2421,2709,2547,2808,2781,2691,2664,2835,2394,2412,2529,2727,2493,2826,2430,2448,2718,2799,2745,2592,2646,2601,2673,2763,2619,2538,2628,2466,2772,2511,
Shot 6:2916,2862,2880,2889,2898,2853,2907,2844,2934,
Shot 7:2988,3069,3132,
Shot 8:3366,3195,3393,3420,3339,
Shot 9:3501,3483,3438,
Shot 10:4059,3645,3708,3609,3663,4032,3942,3618,
Shot 11:4122,4176,4158,4068,4095,4131,
Shot 12:4203,4212,4185,4194,
Shot 13:4221,4230,4239,
Shot 14:4257,4266,4248,
Shot 15:4941,4428,4284,4815,4626,
Shot 16:5022,5076,4959,5049,4995,4977,5058,5040,5067,5013,4968,5004,5031,
Shot 17:5094,5103,5085,
Shot 18:5112,5139,5130,5148,5121,
Shot 19:5193,5175,5184,
Shot 20:5211,5220,5202,
Shot 21:5292,5229,5247,5238,5283,5265,5256,5310,5301,
Shot 22:5346,5427,5409,5373,5319,5364,5328,5445,5391,5418,5337,
Shot 23:5454,
Shot 24:5490,5544,5589,5553,5463,5580,5562,5535,5526,5517,5571,5499,5508,5472,5481,
Shot 25:5607,5598,5616,
Shot 26:5643,5661,5625,5652,5634,
Shot 27:5697,5670,5679,5688,
Shot 28:5715,5742,5724,5706,
Shot 29:5814,5778,5832,5805,5760,
Shot 30:5940,5850,5868,5886,5841,5967,5877,5913,5895,5931,5949,
Shot 31:6030,6102,5976,6066,6084,6111,6021,5994,6048,6039,6057,6075,5985,6003,
Shot 32:6129,6147,6120,6156,6138,
Shot 33:6174,6201,6192,6183,6165,
Shot 34:6210,
Shot 35:6219,6228,
Shot 36:6246,6237,6255,
Shot 37:6282,6318,6336,6327,6264,6300,
Shot 38:6408,6372,6345,6363,6381,6399,6417,
Shot 39:6426,6435,
Shot 40:6444,6453,
Shot 41:6471,6480,6462,
Shot 42:6534,6507,6570,6516,6489,6561,6498,6525,6543,
Shot 43:6606,6579,6588,6615,6597,
Shot 44:6651,6624,6633,6642,6660,
Shot 45:6669,6678,
Shot 46:6687,6696,
Shot 47:6714,6723,6705,
Shot 48:6732,
Shot 49:6867,6966,6993,6939,6750,6930,6912,7020,6777,6948,6975,6894,6921,6885,6903,6876,7002,6957,6759,6984,7011,6795,6741,6849,
Shot 50:7029,
Shot 51:7038,
Shot 52:7047,
Shot 53:7083,7065,7056,7074,7092,
Shot 54:7101,7110,7119,
Shot 55:7128,
