Shot 0:144,9,81,108,135,171,153,
Shot 1:333,207,306,360,
Shot 2:396,504,468,450,423,513,441,414,477,486,495,459,405,387,369,
Shot 3:585,684,522,612,558,594,
Shot 4:720,711,729,
Shot 5:738,
Shot 6:945,909,1053,972,1080,1071,927,
Shot 7:1134,1224,1251,1188,1089,
Shot 8:1269,1350,
Shot 9:1377,1368,1359,1386,
Shot 10:1512,1458,1548,1575,1476,1494,1530,1557,1440,1539,1485,1503,1449,
Shot 11:2376,1701,1854,1602,2016,1665,1674,1782,1683,1620,1764,2664,1791,2583,2241,2124,1737,1593,2646,1611,1629,1719,1656,2277,1773,2223,1710,1818,2556,1692,1728,2502,2340,2295,2007,2358,2070,2178,1962,2232,2106,2592,1800,2259,1890,2250,2610,2547,1827,2448,2331,2304,1908,2214,1980,1917,2412,1989,1872,1881,2313,1953,1926,1845,1944,
Shot 12:2673,
Shot 13:2682,2691,
Shot 14:3078,3114,3258,3339,2961,
Shot 15:4797,5391,4149,3438,5319,4815,3987,4140,4068,4950,4131,5364,4923,5418,
Shot 16:5499,5490,5463,
