Shot 0:189,414,369,405,252,144,234,396,297,90,360,9,315,171,270,225,135,333,207,54,216,108,198,45,
Shot 1:432,423,441,
Shot 2:459,468,450,
Shot 3:477,486,
Shot 4:513,522,
Shot 5:540,
Shot 6:558,603,549,585,
Shot 7:612,
Shot 8:621,
Shot 9:675,711,648,693,630,666,684,657,702,
Shot 10:765,720,783,729,774,738,
Shot 11:1071,792,801,828,846,819,855,918,864,810,837,891,1170,972,1134,936,1008,
Shot 12:1260,1215,1233,1278,1224,1251,1242,1269,
Shot 13:1287,
Shot 14:1323,1332,1296,1305,
Shot 15:1899,1629,1656,1341,1602,1674,1575,2088,1557,1593,1521,2133,1620,1359,1566,1827,1665,1611,1971,1638,1503,1539,2097,1683,1584,1701,1647,1512,1791,2106,2124,1764,2016,1998,2007,1467,1368,1800,1845,1944,1863,2034,2115,1989,1926,1350,1782,1728,2025,1881,1386,2052,1431,1746,1953,1836,1773,
Shot 16:2169,2142,2205,2151,2196,2160,2178,
Shot 17:2952,2214,2538,2412,2601,3123,2277,2736,2304,2565,2835,2520,2268,3114,2691,2529,3078,2898,2547,2358,2286,2457,2430,2790,3096,3105,2646,3132,2295,2997,2556,2349,2493,2754,3033,2583,2889,2223,2907,3159,2817,3150,2385,2727,2979,2232,2925,2844,2772,2673,2961,2799,2511,2718,2394,2475,2448,2871,3006,2241,2808,2916,3141,2826,2745,2943,
