Shot 0:9,
Shot 1:18,27,
Shot 2:45,198,90,180,72,171,
Shot 3:468,585,315,378,540,279,342,414,495,306,360,
Shot 4:1683,1458,1197,810,594,1386,1359,927,1476,900,1467,1125,1224,1089,1296,1431,1260,711,1377,630,1233,648,702,1341,1440,1314,1503,1188,1368,1251,1215,1278,1701,1548,1206,1098,1170,1764,1494,1611,837,954,1404,1143,1728,1521,1629,1710,1584,1674,1620,1746,1647,1035,1107,1512,1719,1638,1575,1656,
Shot 5:1908,2106,2007,1809,1953,
Shot 6:2178,
Shot 7:2268,2349,
Shot 8:2646,2358,2475,2529,2511,2502,2655,
Shot 9:2709,2718,
