Shot 0:36,72,63,9,45,
Shot 1:81,
Shot 2:90,
Shot 3:99,108,
Shot 4:126,117,135,
Shot 5:144,153,
Shot 6:234,216,171,225,261,198,270,
Shot 7:540,387,495,558,
Shot 8:576,567,585,
Shot 9:648,594,630,621,603,639,657,
Shot 10:666,
Shot 11:675,684,
Shot 12:693,702,
Shot 13:711,
Shot 14:819,738,783,747,729,720,891,765,756,855,882,873,774,900,792,828,846,801,864,810,
Shot 15:1863,2754,1062,2844,1593,2475,909,2358,2934,981,1476,2520,927,2412,1314,1764,936,2628,2835,1125,2781,1008,2889,2817,963,945,1044,1791,2439,2745,2718,1089,918,1251,2466,2862,2493,1341,990,2385,2331,1800,2457,1782,2403,1566,2223,2295,2673,2313,2394,2538,2349,2430,2367,1917,2034,2376,1584,2277,1458,1818,2016,2259,2124,2061,1854,1899,1332,1467,
