Shot 0:405,1233,720,1134,180,1188,306,828,1107,1035,1170,747,1062,1260,630,1152,729,711,288,1206,9,765,603,81,1224,909,1251,45,189,1026,1116,1179,1080,1044,423,567,1125,801,945,396,369,522,864,513,792,1143,
Shot 1:1278,
Shot 2:1377,1341,1422,1368,
Shot 3:1494,1638,1593,1548,1629,1440,1611,1530,1476,
Shot 4:1674,
Shot 5:1782,1683,1764,
Shot 6:1908,1971,1863,1944,1890,1881,1953,1935,1917,1872,1899,1926,
Shot 7:1980,
Shot 8:2025,
Shot 9:2106,2124,2232,2178,2277,2295,2133,2088,
Shot 10:2313,2304,2376,2340,
Shot 11:2556,2448,2601,2484,2412,2583,2475,2529,
Shot 12:2664,2799,2610,2772,2619,2628,2817,2709,2781,2763,2790,2691,2637,2808,2646,2754,
Shot 13:2826,
