Shot 0:9,
Shot 1:243,90,153,126,81,108,99,216,135,117,144,252,162,189,279,225,297,171,261,
Shot 2:333,324,342,
Shot 3:441,378,387,351,414,369,396,360,405,468,450,477,423,432,459,
Shot 4:522,486,621,495,504,594,513,576,603,540,
Shot 5:648,783,
Shot 6:819,1116,1053,909,990,1089,954,1035,1080,864,1098,810,927,891,792,
Shot 7:1188,1305,1152,1332,1323,1215,1206,
Shot 8:1485,1350,1413,1539,1521,1503,1494,1476,1395,
Shot 9:1737,1836,1818,1557,1719,
Shot 10:1890,1926,1872,1908,1863,1899,
Shot 11:1944,
Shot 12:1998,2007,
Shot 13:2016,
Shot 14:2025,
Shot 15:2034,
Shot 16:2052,2043,2070,2061,
Shot 17:2079,
Shot 18:2313,2142,2169,2331,2259,2232,2277,2322,
