Shot 0:108,9,18,54,27,135,36,45,72,126,63,81,117,90,
Shot 1:144,
Shot 2:153,162,
Shot 3:171,180,
Shot 4:189,198,
Shot 5:216,243,234,225,207,
Shot 6:252,
Shot 7:261,
Shot 8:315,387,378,270,351,279,369,360,297,288,324,
Shot 9:450,540,585,522,396,495,531,477,558,441,468,513,459,405,576,567,
Shot 10:675,891,810,765,630,594,774,639,873,621,837,747,882,603,783,648,720,693,819,657,684,666,
Shot 11:945,1161,1098,1026,990,1008,1062,972,1080,900,
Shot 12:1224,1314,1188,1278,1251,1260,1296,1242,1287,1233,
Shot 13:1386,1323,1332,1359,1368,1395,1377,
Shot 14:1449,1539,1413,1512,1503,1422,1440,1467,1485,1458,1521,1431,
Shot 15:1575,1593,
Shot 16:1611,1620,
Shot 17:1629,1647,1674,1638,1656,1683,1665,
Shot 18:1692,1701,
Shot 19:1710,
Shot 20:1719,
Shot 21:1728,
Shot 22:1737,
Shot 23:1746,1755,
Shot 24:1836,1782,2232,2079,1953,2286,1989,1791,2250,1764,2268,2169,2007,2034,2106,2214,1773,2259,1818,1863,1917,1971,1890,2052,1935,1926,1845,1827,1962,
Shot 25:2358,2502,2601,2466,2313,2439,
Shot 26:2637,2673,2664,2610,
Shot 27:2979,2709,2871,2961,3015,2997,
Shot 28:3294,3258,3393,3357,3276,3384,3312,
Shot 29:3411,3429,3447,3402,
Shot 30:3519,3645,3663,3456,3600,3627,3591,3609,3474,3618,3636,3582,3654,3465,3564,3492,3555,3501,3528,3510,
Shot 31:3672,3681,
