Shot 0:180,207,144,9,
Shot 1:306,423,342,243,
Shot 2:522,729,594,576,612,585,540,657,459,
Shot 3:909,1386,936,945,1116,1170,1152,1260,1071,837,1233,1341,1251,1377,1143,900,1080,927,1296,1062,999,1368,1125,864,1017,1359,1323,1305,882,1044,918,
Shot 4:1413,1431,
Shot 5:1530,1503,1440,1494,1476,1521,1485,1467,
Shot 6:1647,1539,1548,1566,1701,1602,1575,1584,1692,1593,1656,1611,
Shot 7:1854,1719,1800,1764,1818,1710,1728,1773,1863,1827,
Shot 8:2007,1890,1935,2034,1917,1971,1899,2016,
Shot 9:2052,2070,2043,
Shot 10:2088,2178,2142,2169,2115,2151,2106,2079,
