Shot 0:9,
Shot 1:108,207,18,162,72,135,90,81,180,63,117,144,45,
Shot 2:243,369,414,324,396,297,261,234,
Shot 3:783,432,558,1206,972,684,1062,945,756,621,468,855,1008,1098,900,594,648,927,1035,990,828,1161,450,540,765,711,441,963,1197,774,909,477,1107,846,873,1116,792,
Shot 4:1215,1224,
Shot 5:1791,1233,1935,1386,1269,1305,1440,1251,1242,1890,1341,1287,1845,1476,1953,1323,1422,1260,1485,1296,1278,1872,1908,1377,1404,1854,1782,
Shot 6:3348,2007,2295,2448,2817,2673,3591,3663,2907,3528,2232,1989,3222,2538,3267,3555,3447,2763,3483,3006,2862,3060,2709,2160,3249,3375,2889,2331,2637,2088,1971,2493,3510,3573,3285,1998,3699,2844,2808,2259,2367,3645,3204,3303,2790,2205,2934,3420,2898,3456,3258,2421,3231,2349,2106,3276,3393,2061,3582,3411,2880,1980,2745,2277,3321,2304,3654,2700,3672,2313,2025,2664,3357,2961,2718,2826,3609,3681,3042,2916,2988,3690,2358,3330,2682,2997,
Shot 7:4311,3780,3879,3717,3834,4014,3960,4401,4167,3933,3735,3987,3816,4068,4356,4329,4257,3861,4140,4212,3762,4284,4005,4059,3726,4365,3969,3852,3942,3744,3807,4077,4149,4266,3771,4320,3789,3753,
Shot 8:4617,4923,4734,4545,4797,4698,4437,5049,4509,4572,4671,4707,5004,4770,4941,4824,4644,4599,4491,4536,5085,5022,4977,4689,4635,4716,4752,4554,5067,4626,5040,
Shot 9:5130,5184,
