Shot 0:27,18,36,
Shot 1:1116,972,702,1269,1053,621,1188,693,1080,
Shot 2:1395,1377,1737,1386,
Shot 3:2187,1746,2385,1872,1998,2484,2367,2097,2601,2475,2268,
Shot 4:2799,2646,2655,2664,2979,2871,2718,2754,2835,2772,2817,
Shot 5:3735,4203,3420,3852,3681,3843,3564,3510,3294,3861,3123,3627,3699,3231,3573,3663,3789,3339,3717,
Shot 6:4941,5103,4734,4464,4860,4347,4563,4212,5067,4833,4950,4653,
Shot 7:5112,5121,
Shot 8:5904,
Shot 9:5949,6264,6093,6237,5913,6129,6048,6255,5922,6102,5967,
Shot 10:6273,
Shot 11:7110,7506,6930,7299,7569,6912,6984,7425,7749,7173,7380,7479,6921,7533,7011,6957,7344,7641,7452,7605,7245,7128,7029,7416,6975,7272,7056,7146,7695,7200,7083,7218,7731,
Shot 12:7803,7848,
Shot 13:7893,8028,7965,8073,7857,7992,7938,7929,8010,7866,8046,7911,7947,7956,8037,7974,8019,7875,7983,7884,7920,8001,7902,
