Shot 0:9,261,243,27,234,216,252,18,225,
Shot 1:756,522,666,558,594,576,630,585,747,549,567,
Shot 2:972,927,792,909,990,765,774,873,918,936,864,846,882,855,
Shot 3:1431,1557,1098,1629,999,1224,1449,1152,1602,1332,1467,1440,1188,1143,1107,1017,1134,1071,1008,1422,
Shot 4:1836,1926,1737,1638,1656,1908,1647,1809,1989,1674,1890,1917,1980,1800,1854,1899,1827,1665,1773,1683,1935,1971,
Shot 5:2556,2376,2241,2772,2664,2997,2889,2268,3087,2853,2691,2007,3105,2682,2277,2916,2421,2394,2142,2025,2799,2961,2169,2151,2880,2403,2259,3195,2547,2160,2583,2898,2907,2412,2709,2133,2817,3114,2592,2286,2673,3132,2871,2016,2430,3078,2808,2178,2790,2700,2763,3096,
Shot 6:3222,3294,3276,3204,3285,3267,3303,3258,3213,3231,
Shot 7:3591,3555,3726,3654,3573,3735,3690,3582,3600,3564,
Shot 8:3843,3807,3744,3879,3753,3816,3762,3834,3825,
Shot 9:3933,3951,3888,3969,4023,4014,3960,3942,3915,3897,
Shot 10:4059,4041,4050,4068,
Shot 11:4455,4491,4230,4437,4626,4266,4464,4302,4446,4617,4473,4284,4482,4257,4293,
Shot 12:4662,4644,4698,
Shot 13:4833,4734,4707,4869,4716,4815,4860,4824,4806,4851,4842,4797,
