Shot 0:153,297,81,279,288,261,9,117,234,99,216,
Shot 1:306,
Shot 2:315,
Shot 3:333,351,324,342,
Shot 4:423,360,378,369,405,432,396,450,459,
Shot 5:513,549,684,
Shot 6:693,
Shot 7:756,702,738,765,747,
Shot 8:774,783,
Shot 9:792,801,
Shot 10:828,810,819,
Shot 11:855,837,864,846,
Shot 12:1863,2232,936,1512,2511,2151,981,1044,2592,2628,1647,2439,1080,873,1413,2655,2205,2556,1017,2601,2106,963,1287,2619,2502,2457,1134,2250,2493,990,1026,909,2331,2529,2196,2610,1485,2637,1251,2169,2088,1008,945,972,2214,1674,1305,954,2412,1377,2376,2097,2160,1665,891,2124,2664,900,2079,2115,2268,918,2142,1656,2187,927,2070,1503,882,1773,2007,1728,1494,2052,
