Shot 0:180,99,342,369,144,387,324,27,279,72,378,216,117,360,45,333,9,315,153,252,63,135,297,207,108,351,225,162,171,243,198,261,189,
Shot 1:468,441,396,414,450,477,459,432,
Shot 2:522,486,549,495,504,531,513,540,
Shot 3:576,612,558,603,594,567,
Shot 4:792,630,666,711,648,819,738,684,675,765,639,693,729,810,720,747,702,774,801,
Shot 5:882,846,873,891,
Shot 6:963,918,999,900,936,981,990,909,927,1008,954,945,972,
Shot 7:1044,1035,1053,
Shot 8:1062,1071,
Shot 9:1125,1080,1170,1098,1089,1161,1116,1107,1143,
Shot 10:1179,
Shot 11:1206,1287,1269,1251,1278,1188,1260,1242,1224,1197,1215,
Shot 12:1323,1368,1440,1422,1296,1395,1431,1359,1413,1305,1332,1386,1377,1350,1404,1314,
Shot 13:1458,1494,1476,1449,1503,1467,1485,
Shot 14:1512,
Shot 15:1521,
Shot 16:1548,1530,1539,
Shot 17:1557,1566,
Shot 18:1575,1584,
Shot 19:1710,1611,1593,1665,1629,1647,1746,1638,1620,1602,1656,1683,1737,1674,1719,
Shot 20:1818,1773,1755,1854,1791,1764,1836,1782,1809,1845,1827,
