Shot 0:9,
Shot 1:18,27,
Shot 2:36,108,
Shot 3:162,
Shot 4:171,252,
Shot 5:495,306,369,612,
Shot 6:774,1026,909,918,837,
Shot 7:1053,
Shot 8:1071,1161,1062,
Shot 9:1206,
Shot 10:1215,1341,
Shot 11:1350,
Shot 12:1386,1404,1359,
Shot 13:1692,1647,1530,1503,1656,1548,1674,
Shot 14:1764,1746,1755,
Shot 15:1818,1872,1773,1836,1782,
Shot 16:1908,
Shot 17:2070,2268,1917,1998,2187,2043,1926,2088,2241,2232,2151,2025,2124,2295,2097,2061,2079,1935,
Shot 18:2304,2313,
Shot 19:2997,2646,2529,2718,2448,2682,2610,2745,3123,2484,2664,2637,2700,2592,2772,2628,2466,2736,3105,2367,2574,2799,2502,2601,2655,2835,2394,2727,2619,2691,2709,2934,2673,2871,2322,2547,2754,3051,2439,2853,2538,3015,2385,2565,2511,2844,3024,2583,
Shot 20:3474,3735,3141,3699,3177,3195,3420,3924,3672,3645,3249,3834,3717,3681,3861,3402,3771,3519,3627,3555,3150,3213,3312,3447,3411,3600,3339,3663,3429,3789,3888,3231,3366,3267,3951,3726,3186,3168,3753,3546,3690,3501,3744,3708,3843,3933,3915,3573,3330,3222,3618,3465,3591,3636,3483,
Shot 21:3987,3960,3969,3978,3996,
Shot 22:4059,4005,4023,4131,4095,4014,4113,4122,4104,4032,4041,4077,4086,4050,4068,
Shot 23:4158,4140,4185,4149,4176,
Shot 24:4194,
Shot 25:4221,4203,4212,
Shot 26:4500,
Shot 27:4509,
