Shot 0:189,99,162,9,36,180,198,
Shot 1:243,225,252,
Shot 2:486,549,288,342,387,441,405,369,531,315,270,477,495,
Shot 3:567,558,576,
Shot 4:648,801,684,837,774,585,603,729,639,666,
Shot 5:1143,855,945,1071,1233,1089,1197,1179,882,1026,981,1215,927,1188,1242,999,1098,1080,1116,963,1008,1044,1062,909,1170,1134,
Shot 6:1269,1251,1278,
Shot 7:1314,1287,1368,1341,1359,1305,1296,
Shot 8:1449,1503,1548,1404,1521,1377,1494,1431,1485,1413,1440,1458,1386,
Shot 9:1566,1584,1575,1557,
Shot 10:1593,1620,1611,1602,
Shot 11:1755,1791,1827,1629,1683,1881,1638,1872,1692,1854,1836,1818,1719,1701,1809,1665,1800,1674,1782,1773,1656,1647,1764,1710,1728,1737,1746,
Shot 12:1917,1890,1908,1935,1944,1899,1926,
Shot 13:1953,
Shot 14:1971,1998,1989,1980,1962,
Shot 15:2124,2043,2061,2007,2115,2016,2142,2133,2088,2079,2106,2070,2052,2025,2034,
Shot 16:2169,2160,2151,
Shot 17:2223,2196,2178,2349,2322,2187,2205,2241,2340,2286,2214,2304,
Shot 18:2358,
Shot 19:2385,2439,2412,2457,2466,2376,2367,2430,2394,2421,
Shot 20:2475,2484,
Shot 21:2502,2511,
Shot 22:2520,2529,
Shot 23:2547,2538,2556,
Shot 24:2574,2583,
Shot 25:3042,3186,2646,2871,2610,2997,2835,2592,2745,2628,2709,3150,2898,3105,2970,3177,3114,3087,2817,3123,2754,3195,3060,3006,3096,2844,3015,3078,3024,
Shot 26:3447,3618,3339,3582,3213,3591,3519,3384,3627,3285,3537,3492,3609,3258,3321,3564,3240,3357,3510,3420,3303,3474,3438,3411,3465,3456,3483,3366,
Shot 27:3663,3645,3654,3636,
Shot 28:3699,3681,3690,
Shot 29:3780,3807,3708,3843,3744,3762,3816,3798,3825,3717,3726,3861,3771,3753,3789,
Shot 30:3924,3933,3879,3906,
Shot 31:3942,
Shot 32:3951,3960,
Shot 33:3969,3978,
Shot 34:3987,
Shot 35:3996,4005,
Shot 36:4023,4014,4032,
Shot 37:4050,4041,4059,
Shot 38:4113,4230,4239,4203,4248,4185,4266,4149,4095,4131,4068,4086,4257,
Shot 39:4275,4293,
Shot 40:4311,4302,4320,
Shot 41:4356,4401,4392,4383,4338,4374,4365,
Shot 42:4455,4518,4437,4500,4482,4419,4536,4410,4464,4446,
Shot 43:4554,4590,4563,4581,4545,4617,
Shot 44:4698,4626,4644,4662,4671,4689,4707,
Shot 45:4716,
Shot 46:4725,
Shot 47:4734,
Shot 48:4761,4743,4752,
Shot 49:4770,4806,4788,4797,4779,
Shot 50:4815,4824,
Shot 51:5040,4878,4833,4968,4887,4914,5103,4842,4986,4896,4950,4869,4977,4905,4851,4932,5094,4860,4995,5004,5022,
Shot 52:5112,
Shot 53:5121,
Shot 54:5130,5139,
Shot 55:5157,5184,5220,5238,5175,5193,5166,5148,5202,
Shot 56:5274,5283,5328,5319,5310,5247,5256,5292,5301,
Shot 57:5337,5346,
Shot 58:5355,5364,
Shot 59:5373,
Shot 60:5400,5382,5391,5409,
Shot 61:5463,5427,5445,5454,
Shot 62:5499,5526,5472,5481,5517,5508,5490,
Shot 63:5544,
Shot 64:5553,
Shot 65:5562,
Shot 66:5571,5580,
Shot 67:5625,5715,5697,5742,5688,5607,5652,5706,5634,5589,5616,5643,
Shot 68:5814,5769,5760,5778,5787,5823,5805,
Shot 69:5913,6390,6246,6318,6282,6264,6354,6291,6417,6408,5985,6363,6372,6012,5976,6129,6327,6309,5850,5868,6048,6111,6228,5832,5994,5886,5877,6084,6210,6003,6057,5895,6021,5940,5931,5904,
Shot 70:6453,6435,6462,6444,
Shot 71:6480,6471,6489,
Shot 72:6615,6534,6705,6516,6651,6507,6543,6552,6498,6570,6525,6597,6669,6588,6696,6660,6624,
Shot 73:6732,6750,6768,6714,6741,
Shot 74:6822,6786,6840,6831,6813,
Shot 75:6849,
Shot 76:6867,6858,6876,6894,6912,6885,6939,
Shot 77:6948,
Shot 78:6957,
Shot 79:6966,
Shot 80:6975,
Shot 81:6984,6993,
Shot 82:7011,7002,7029,
Shot 83:7092,7209,7173,7047,7137,7200,7164,7155,7065,7119,
Shot 84:7218,7245,7227,
Shot 85:7389,7326,7272,7362,7407,7353,7254,7371,7425,7263,7416,7344,7380,
Shot 86:7704,7641,7488,7668,7569,7452,7443,7605,7686,7560,7713,7542,7677,7578,7659,7434,7470,7650,7524,
Shot 87:7857,7785,7731,7911,7767,7803,7740,7749,7812,7884,7830,
Shot 88:8010,8127,7965,8280,8199,8307,8091,8181,7974,8109,8028,8298,7992,8055,8235,8082,7956,8208,7947,8145,
Shot 89:8316,8334,
Shot 90:8415,8379,8352,8397,8343,8433,8370,8406,
