Shot 0:90,36,9,63,99,
Shot 1:270,504,513,126,378,459,243,108,234,495,387,351,486,225,369,252,
Shot 2:666,522,648,774,540,765,639,756,531,657,
Shot 3:783,
Shot 4:810,792,909,801,
Shot 5:1008,918,1044,1035,927,936,1026,
Shot 6:1053,
Shot 7:1071,1179,1062,1152,1080,
Shot 8:1296,1188,1314,1197,1305,
Shot 9:1323,
Shot 10:1467,1332,1449,1458,1584,1350,1440,1575,1566,1341,1476,
Shot 11:1593,
Shot 12:1764,1710,1737,1728,1602,1611,1899,1746,1719,1881,1620,1827,1629,
Shot 13:1926,2043,2313,2286,2169,2376,2178,2304,1908,2070,2034,2448,2187,2322,2052,2439,2295,2340,
Shot 14:2457,2466,
