Shot 0:9,18,
Shot 1:126,
Shot 2:198,324,216,270,171,243,207,297,315,252,288,180,225,189,
Shot 3:351,369,
Shot 4:405,432,396,
Shot 5:540,495,459,576,522,
Shot 6:729,630,774,693,657,711,747,612,756,765,720,738,666,
Shot 7:909,819,972,846,936,882,864,828,891,981,900,837,954,810,927,918,945,855,
Shot 8:1008,990,1053,1035,999,1017,
Shot 9:1071,1062,1080,
Shot 10:1143,1089,1179,1116,1188,1098,1161,1125,1170,1134,1107,
Shot 11:1224,1206,1197,1215,1242,1233,
Shot 12:1260,1251,1269,
Shot 13:1278,1287,
Shot 14:1314,1296,1341,1332,1305,1323,
Shot 15:1359,
Shot 16:1431,1548,1494,1539,1422,1440,1413,1521,
Shot 17:1629,1692,1557,1764,1584,1665,1737,1602,1710,1566,1656,1674,1575,1683,1611,1701,1638,
Shot 18:1863,1818,1836,1800,1854,1872,
Shot 19:2214,1953,2286,2430,2025,2385,2331,2529,2160,1899,2358,2052,2457,2142,2304,2412,2268,2250,2079,2340,2322,2097,2016,2034,2232,2169,2151,1890,2124,2196,2448,2376,2277,2493,2223,2205,
Shot 20:2538,2547,
Shot 21:2565,2574,2556,
Shot 22:2691,2610,2583,2646,2592,2619,2664,2718,2601,2682,2628,2700,
Shot 23:4662,3735,3555,2943,5292,4185,3159,4284,3717,2988,2790,3816,3600,4419,4140,3258,2907,4545,3420,4050,4320,5607,5409,4023,4230,5355,2835,4455,2736,3978,3654,3519,4302,4257,4608,3681,5166,4374,3861,2925,4041,4095,3213,3321,5067,5130,4068,5247,2808,4212,4698,4275,4500,3573,3753,5310,2862,3087,2898,4392,3384,5508,4842,4014,3474,4572,3123,2772,5202,5049,4176,4977,4347,2754,4761,3231,5283,3024,4635,3537,4914,4239,3663,3726,3645,2934,3699,4437,4527,4194,3051,3204,2916,2961,5553,5301,3843,3339,5022,3141,5490,4806,5382,4122,5580,4473,4743,3186,3618,4005,4059,5220,4383,5148,3528,3906,4869,4401,5184,3780,4077,4626,4941,3501,5112,4680,3240,4131,3267,4329,4158,4887,5535,4410,5328,4446,3222,3690,3744,3879,3564,3762,2853,4644,4104,5238,5625,4581,4824,4752,5589,5157,4428,4554,5175,4653,4518,5274,3798,4815,2970,5562,5229,3825,3969,4491,4464,4482,4671,
