Shot 0:9,
Shot 1:315,387,
Shot 2:675,747,648,657,684,720,
Shot 3:765,819,756,774,801,783,
Shot 4:1089,891,855,1251,873,954,1134,909,1206,972,936,1242,1026,927,1053,1125,1080,
Shot 5:1278,1584,1368,1512,1638,
Shot 6:2079,2178,1881,1962,2169,1845,1998,
Shot 7:2511,2349,2529,2619,
Shot 8:2745,2655,2781,
Shot 9:4068,3501,2880,3474,3627,3681,3573,3537,4860,3177,4914,3942,3492,4356,3555,4833,2934,3528,5040,3402,4203,4770,4995,4851,4941,4878,4464,4302,3051,3924,4968,4806,3267,4041,4518,4167,4392,2853,4140,4446,4563,4743,4257,2898,4536,4032,4014,4059,
Shot 10:5076,
