Shot 0:27,90,198,108,180,63,45,54,36,126,9,
Shot 1:207,216,
Shot 2:288,243,270,234,225,279,
Shot 3:603,297,540,306,513,630,531,567,315,432,675,360,576,477,324,333,666,522,450,585,423,351,648,342,594,612,
Shot 4:873,729,711,792,684,810,828,936,693,702,846,945,918,855,864,909,891,882,900,
Shot 5:963,954,972,
Shot 6:1053,1080,1152,1107,1089,1071,1017,1098,981,1035,1125,1062,1134,1044,1026,999,
Shot 7:1161,1170,
Shot 8:1503,1368,1404,1287,1449,1269,1215,1593,1197,1350,1530,1179,1386,1476,1188,1233,1305,1422,1440,1206,1458,1395,
Shot 9:4212,3672,4365,2862,2880,3771,2142,1989,3780,2052,2367,3213,2259,2007,2907,2115,2241,3825,1782,2619,3726,2853,1818,3636,4086,2709,1881,2691,2196,1620,4059,2790,2331,1854,3807,4032,3600,2457,3789,1962,3258,2520,2952,2313,2295,3609,1737,2169,4014,2493,3168,2682,3348,2277,3132,3375,3798,2439,4104,4437,4140,3753,2475,2421,1773,2601,2736,1719,4095,2538,4041,1800,1683,2268,3582,2655,2727,4077,4383,3861,2871,1764,3501,2565,3969,3150,1629,4167,3321,1701,3186,2286,3843,2673,3240,2745,1755,1692,3546,3285,2799,4122,3393,3618,1863,4230,2448,4176,2700,1827,4428,3366,1845,4239,2628,4401,2430,3456,2412,2466,4257,3492,3528,1746,2394,4392,3591,4203,4248,3384,2358,4284,3573,2637,2385,3555,4302,4374,4266,4356,
Shot 10:4455,4446,4464,
