Shot 0:9,
Shot 1:243,315,288,198,306,270,171,153,252,189,225,
Shot 2:333,
Shot 3:342,
Shot 4:432,459,351,387,360,378,405,396,468,450,441,369,414,
Shot 5:765,477,1224,936,693,819,558,
Shot 6:1314,1386,
Shot 7:1863,1593,1467,1701,1791,1917,
Shot 8:1953,1989,1971,1980,1944,
Shot 9:2106,2034,2016,2025,2061,2052,2151,2088,2115,
Shot 10:2187,2196,2169,
Shot 11:2223,2205,2214,2241,
Shot 12:2250,
Shot 13:2259,2268,
Shot 14:2295,2457,2277,2385,2349,2331,2367,2313,2340,2286,2358,2304,
Shot 15:2466,2592,
Shot 16:2610,2619,
Shot 17:2718,3033,2646,2682,2970,2871,2664,3087,3006,2835,2853,2673,3069,2817,2961,3015,2988,2826,3042,2862,2745,2709,
Shot 18:3195,3240,3159,3096,3222,3168,3132,3231,3114,3150,3177,3213,
Shot 19:3384,3258,3357,3339,3249,3411,3375,3366,3402,3348,3267,3393,
Shot 20:3438,3420,3429,
Shot 21:3519,3447,3537,3528,3501,3456,
Shot 22:3546,
Shot 23:3555,
Shot 24:3618,3573,3663,3564,3582,3636,3600,3645,3627,3654,
Shot 25:4212,3951,4248,4005,3870,3816,3681,3987,3762,4302,3807,4239,3834,3798,4230,4266,3996,4095,3780,3672,4257,4131,
Shot 26:4320,4338,
Shot 27:4509,4347,4599,4428,4581,4482,4383,4464,4545,4491,
Shot 28:4743,4914,4608,4977,4716,4842,4959,4707,4725,4869,4698,4851,4968,4734,4752,4617,
Shot 29:5103,5247,5058,5175,5166,5076,5274,5085,5094,5067,5184,5112,
Shot 30:5391,5283,5310,5400,
Shot 31:5409,
Shot 32:5508,5616,5418,5544,5427,5526,5607,5535,5445,
Shot 33:5625,
Shot 34:5661,5733,5634,5724,5643,5706,5652,
Shot 35:5751,5742,5760,
Shot 36:6174,5976,5814,6084,5769,6345,5886,5778,5859,5931,5994,6228,5787,5985,6093,5868,6237,6102,5796,6075,6210,
Shot 37:6399,6750,6453,6363,6372,6480,6354,6426,
Shot 38:7704,7848,7020,7389,7551,7893,7056,7902,
Shot 39:7947,
