Shot 0:9,
Shot 1:81,18,135,45,117,27,108,72,54,126,
Shot 2:378,234,144,387,162,
Shot 3:468,
Shot 4:495,
Shot 5:1404,792,1485,1431,1044,594,927,1386,1458,1440,1242,558,1071,855,549,1008,603,945,1422,990,1467,585,567,1395,
Shot 6:1512,1773,1629,1782,1692,1539,1584,1521,1503,
Shot 7:1809,
Shot 8:2025,1818,1953,1908,2133,1854,1890,1935,2115,1971,2106,
Shot 9:2250,2142,2151,2286,2277,2178,2268,2241,2259,
Shot 10:2322,2466,2313,2412,2376,
Shot 11:3069,2745,2709,2808,2889,2853,2736,2691,2754,2934,3051,2511,3114,3078,2835,2970,2763,3096,2655,2718,
Shot 12:3204,3132,3222,3177,3168,3213,3186,
Shot 13:3330,
Shot 14:3474,3546,3447,3528,3465,
Shot 15:3555,
Shot 16:4113,3672,3798,3717,4095,3834,3789,4131,3708,3681,
Shot 17:4167,4140,4221,
Shot 18:4743,4581,4473,4626,4239,4527,4608,4806,4572,4437,4851,4545,4617,4590,4770,4725,4536,4752,4734,
Shot 19:4869,4950,
Shot 20:5013,
Shot 21:5553,5490,5499,5481,5517,5526,5544,
