Shot 0:9,
Shot 1:45,153,72,108,81,135,63,18,99,27,36,
Shot 2:189,324,270,387,288,360,261,225,180,198,
Shot 3:495,639,423,603,684,657,522,675,576,396,666,585,468,621,513,486,
Shot 4:792,711,729,702,747,765,819,
Shot 5:900,954,864,927,918,909,945,882,
Shot 6:1008,963,1062,981,999,990,1017,
Shot 7:1143,1089,1134,1152,
Shot 8:1206,1179,1188,1251,1197,1305,1224,1287,1278,1215,1170,
Shot 9:1431,1674,1341,1503,1611,1647,1350,1629,1521,1485,1557,1512,1593,1620,1656,1395,1494,1368,1584,1530,1359,1539,1404,1377,1386,1413,1332,
Shot 10:1764,1701,1791,1746,1809,1719,1728,1755,1782,1773,1737,
Shot 11:1818,
Shot 12:1827,1836,
Shot 13:1854,1845,1863,
Shot 14:1881,1899,1890,1872,
Shot 15:2160,1926,1908,1953,1971,1989,2241,1998,2232,2016,2205,2223,2079,2034,2214,2187,2133,2178,2196,2007,2169,2142,2115,2151,
