Shot 0:108,477,216,351,252,522,441,504,198,324,207,288,225,396,486,9,72,459,189,450,513,360,270,153,243,99,117,63,
Shot 1:783,909,927,891,882,594,900,756,936,738,630,576,918,711,684,810,837,657,540,801,855,774,747,603,621,720,729,702,828,549,693,819,666,792,567,531,
Shot 2:954,972,981,945,963,
Shot 3:1035,999,1017,990,1062,1026,1044,
Shot 4:1224,1116,1089,1197,1188,1152,1179,1206,1233,1134,1107,1080,1098,1215,
Shot 5:1242,
Shot 6:1305,1260,1251,1269,1314,1278,1296,
Shot 7:1422,1557,1359,1593,1323,1521,1575,1386,1512,1530,1332,1350,1548,1485,1404,1584,1368,1395,1440,1566,1539,
Shot 8:1602,
Shot 9:1620,1638,1629,1611,
Shot 10:1647,
Shot 11:1656,
