Shot 0:9,
Shot 1:576,792,666,711,216,765,684,639,513,729,783,549,747,603,738,702,351,72,495,558,567,585,504,
Shot 2:837,891,900,918,882,909,819,828,873,927,846,
Shot 3:1098,1179,945,1260,1116,1143,
Shot 4:1503,1440,1629,1449,1521,
Shot 5:1773,
Shot 6:1782,
Shot 7:1872,1791,1800,1809,1818,1836,1890,1845,1854,1863,
Shot 8:1962,1908,2007,1917,1899,1944,1926,1953,1989,1935,1971,
Shot 9:2106,2142,2151,2016,2169,2034,2133,2070,2025,2124,2043,2061,2088,2052,2160,2079,2097,2115,
Shot 10:2178,
Shot 11:3006,2421,2538,2214,2709,2331,2916,2772,2583,2601,2520,2817,3087,2457,3024,
Shot 12:3123,
