Shot 0:9,18,
Shot 1:36,
Shot 2:45,
Shot 3:54,
Shot 4:81,63,90,72,
Shot 5:117,
Shot 6:126,
Shot 7:135,
Shot 8:144,
Shot 9:153,
Shot 10:162,
Shot 11:171,
Shot 12:225,180,288,252,198,261,243,270,189,207,279,216,
Shot 13:324,414,387,351,405,306,333,342,378,
Shot 14:423,450,
Shot 15:468,459,477,
Shot 16:747,828,720,819,801,684,702,666,486,729,711,603,810,495,738,648,675,639,513,
Shot 17:918,837,855,873,936,891,900,864,927,
Shot 18:1377,981,1530,1593,1062,1629,1494,954,1134,1170,1557,1503,1575,1314,1188,1287,1467,1035,1332,1008,1395,1089,999,972,1251,1413,1359,945,990,1107,1197,1143,
Shot 19:1638,1647,
Shot 20:2592,3276,2025,2547,1728,2448,1674,2979,2466,2826,2538,2106,2493,3186,1656,3231,2070,1773,2655,2556,2898,1881,3303,1692,2205,2457,1701,3249,3033,3258,2619,2520,3213,1719,3087,2862,2124,2916,3240,2745,1818,1665,3051,2052,2430,1683,2844,2088,2637,2178,2160,2718,2646,2385,2007,2565,2484,1755,2781,3105,2880,2610,2628,2097,1791,1746,2043,2889,2286,2142,2682,2061,1710,2601,2115,3060,2853,1845,2754,2502,2871,2835,2079,2358,2133,1989,1737,2196,2034,1854,1998,1809,1836,1764,1863,1800,
Shot 21:3411,3321,3510,3357,3375,3348,3384,3366,3447,3483,3537,3438,3429,3492,
Shot 22:3744,3672,3708,3609,3690,3726,3627,3735,3753,
Shot 23:4419,3870,3807,3906,3861,3879,3780,5391,3978,3825,3888,3897,5607,4329,5301,4491,4356,5202,3915,4464,4545,4563,5571,5238,3816,5364,4347,5193,4869,4014,4689,5256,3987,4482,5616,4446,5400,
Shot 24:6255,6075,5778,5895,5850,5814,6147,5931,6174,6129,5724,5706,6057,6183,6084,5715,6192,5625,5742,6237,5841,6246,
