Shot 0:9,153,
Shot 1:171,216,189,162,180,
Shot 2:243,270,225,
Shot 3:279,288,
Shot 4:342,
Shot 5:414,522,
Shot 6:531,
Shot 7:792,819,747,783,
Shot 8:1017,900,837,891,1152,855,927,1098,846,936,1080,864,990,945,918,1026,1035,909,
Shot 9:1458,1323,1422,1224,1170,1287,1602,1512,1440,1539,1395,1575,1521,1449,1476,1503,1431,1494,1413,1467,1530,1404,
Shot 10:1728,1665,1782,1755,1701,1719,
Shot 11:2529,1818,2646,1944,2538,2205,2880,1854,2610,2700,2799,2772,2790,2574,2736,2070,2421,2151,2709,2691,2781,2673,2466,2754,2241,2727,2106,2286,2484,2160,2367,2682,2763,2718,2745,2088,2232,2124,2493,2259,2223,2448,2169,2475,2304,2565,2115,2502,2142,2511,2250,2322,2133,2295,
Shot 12:3006,3051,
