Shot 0:9,
Shot 1:18,
Shot 2:72,171,27,144,117,36,162,99,135,45,90,54,108,63,81,
Shot 3:189,180,198,
Shot 4:261,279,360,351,315,333,216,369,243,288,207,234,297,342,270,
Shot 5:378,387,
Shot 6:405,
Shot 7:423,432,414,
Shot 8:513,459,441,477,468,450,585,495,
Shot 9:603,927,900,909,594,612,
Shot 10:1260,1530,1323,
Shot 11:1611,1539,1737,1548,1557,1638,1620,1566,1629,
Shot 12:1764,1746,1890,1755,1773,
Shot 13:1953,2178,1899,1908,
Shot 14:2232,2358,2205,2250,2313,2367,2187,2349,2241,2268,2196,2322,2304,2376,2286,2340,2331,2214,2295,2223,
