Shot 0:9,
Shot 1:36,18,90,54,27,
Shot 2:108,117,
Shot 3:144,126,198,135,189,
Shot 4:261,270,
Shot 5:297,396,279,342,288,333,
Shot 6:405,
Shot 7:531,414,558,441,450,549,423,486,495,
Shot 8:567,
Shot 9:594,648,576,585,
Shot 10:684,693,
Shot 11:927,972,702,846,864,963,990,981,720,1089,855,873,954,783,1035,711,774,1107,1044,882,999,1125,900,
Shot 12:1170,1260,1269,1143,1152,1197,1251,1224,1134,1188,1161,
Shot 13:1305,1368,1404,1278,1323,
Shot 14:1611,1422,1431,1566,1413,1683,1440,1476,1548,1449,1575,1494,1584,1647,1557,1530,1512,1539,1692,
Shot 15:1719,1782,1701,1737,1773,1710,
Shot 16:1791,1800,
Shot 17:1827,1926,1881,1809,1854,1818,
Shot 18:1935,
Shot 19:1971,2016,1944,2007,1953,2079,
Shot 20:2097,2106,
Shot 21:2169,2115,2124,2250,2214,2151,2133,2196,
Shot 22:2466,2268,2259,2421,2277,2574,2403,2700,2556,2430,2520,2592,2358,2304,2547,2322,2655,2565,2619,2286,2439,2583,2412,2484,2448,2457,2475,2511,
Shot 23:2799,2736,2745,2844,2754,2772,2790,2763,2835,
Shot 24:2853,
Shot 25:2880,2997,2862,2934,2925,2871,
Shot 26:3006,
Shot 27:3159,3015,3024,3105,3033,3060,3051,3204,
Shot 28:3222,3231,
Shot 29:3384,3240,3249,3258,3276,3294,3330,3357,3393,
Shot 30:3402,3411,
Shot 31:3438,3465,3420,3501,3429,
Shot 32:3537,
Shot 33:3564,3546,3555,3672,3609,3582,
Shot 34:3717,
Shot 35:3789,3726,3735,3744,3807,3771,3798,
Shot 36:3816,
Shot 37:3861,3978,3924,3825,3843,3960,3834,3888,
Shot 38:3987,
Shot 39:4023,4077,3996,4005,4086,4014,
Shot 40:4140,4149,
Shot 41:4194,4239,4158,4167,4230,
Shot 42:4437,4284,4293,4410,4275,4536,4356,4527,4482,4419,4401,4311,4428,4302,
Shot 43:4581,4680,4608,4545,4671,4689,4554,
Shot 44:4806,4869,4707,4716,4860,4743,4698,
Shot 45:4896,4878,4986,4932,4887,
Shot 46:5004,5013,
Shot 47:5040,5022,5157,5112,5085,5067,5031,
Shot 48:5166,
Shot 49:5202,5175,5184,5265,
Shot 50:5364,5373,
Shot 51:5400,5562,5463,5382,5517,5391,5418,
Shot 52:5589,5571,5580,
Shot 53:5670,5598,5697,5607,5652,5625,5688,5661,
Shot 54:6183,6219,5859,5706,5733,5877,5724,6030,5715,5742,5796,5868,5913,6021,6084,6039,5985,5787,5940,6210,6129,5886,5751,6156,5994,5850,6048,
Shot 55:6246,6228,6291,6354,6237,
Shot 56:6381,6390,
Shot 57:6417,6399,6462,6408,6516,
Shot 58:6543,6552,
Shot 59:6615,6561,6678,6570,6651,6597,6588,6624,6642,6606,6579,
Shot 60:6723,
Shot 61:6732,
Shot 62:6741,
Shot 63:6804,6786,6750,6768,6849,6831,6822,
