Shot 0:81,243,9,180,207,144,63,117,99,225,36,135,171,108,162,72,153,18,54,90,27,45,
Shot 1:279,333,306,324,252,342,297,270,315,288,
Shot 2:351,
Shot 3:369,387,396,378,360,
Shot 4:513,423,477,486,468,432,405,522,441,414,459,450,504,495,
Shot 5:558,594,540,531,567,549,
Shot 6:621,675,648,630,612,639,
Shot 7:765,801,819,846,792,693,
Shot 8:873,909,900,864,
Shot 9:1035,945,1008,1017,972,1053,999,927,1044,1026,
Shot 10:1080,1062,1071,
Shot 11:1089,
Shot 12:1098,1107,
Shot 13:1125,1161,1143,1116,
Shot 14:1197,1179,1188,1170,
Shot 15:1206,1215,
Shot 16:1314,1287,1233,1296,1269,1278,1251,1224,1242,1305,1323,
Shot 17:1341,1359,1350,1332,
Shot 18:1512,1476,1467,1440,1485,1494,1521,1503,
Shot 19:1548,1593,1530,1557,1566,1539,
Shot 20:1611,1620,
