Shot 0:9,
Shot 1:153,252,
Shot 2:360,468,423,333,486,441,432,477,450,279,342,459,351,378,
Shot 3:585,504,531,513,549,567,603,594,576,
Shot 4:720,648,639,657,666,684,675,765,693,747,729,711,
Shot 5:945,1062,774,783,1053,1035,990,873,963,
Shot 6:1071,1080,
Shot 7:1125,1089,1107,1152,1116,1134,
Shot 8:1260,1440,1314,1485,1377,1521,1458,1431,1449,1341,1494,1296,1269,1224,
Shot 9:1782,1584,1548,1755,1773,1791,
Shot 10:1953,1989,1926,1971,
Shot 11:2016,2133,2160,2097,2115,2070,2106,2043,2088,2151,2124,2007,2025,
Shot 12:2187,2241,2268,2304,2250,2169,2205,
Shot 13:2358,2421,2322,2394,2340,2376,2331,
Shot 14:2484,
Shot 15:2520,2529,2511,
Shot 16:2583,2547,2646,2610,2565,2538,2601,2592,
