Shot 0:1350,1737,522,1233,63,1548,558,756,891,126,9,396,1755,612,783,117,279,819,729,1485,1062,747,1728,189,513,981,639,540,828,144,1152,1305,1593,576,711,225,1116,918,1719,810,1449,1656,468,1413,1296,1314,1512,1053,171,1206,657,360,1089,630,108,36,1746,909,1017,1431,1494,18,1368,81,774,792,1566,405,
Shot 1:1791,1809,
Shot 2:1863,1827,2043,2088,1908,1854,
Shot 3:2160,2097,2133,2187,
Shot 4:2430,2871,2646,2700,2916,2232,2790,2781,2817,2934,2205,2727,2898,2880,2349,2610,2754,2691,2250,2286,2736,2628,2304,2709,2214,2835,2520,2664,2799,2574,2745,2601,2466,2718,2376,2547,2403,2583,2808,2556,2565,2763,2421,
Shot 5:3060,2970,2952,2988,2961,3105,3033,3087,3051,3006,3069,
Shot 6:3123,3141,3159,3132,3150,3114,
Shot 7:3258,3168,3186,3195,3177,3330,3231,3294,
Shot 8:4527,4230,5382,4140,4887,3879,4914,4869,4662,3357,4005,5022,5085,4905,4266,4329,4779,3744,3555,3681,4041,5166,5328,3780,4302,4851,4410,3429,4203,5598,3636,5076,3834,3510,5112,3897,4671,4050,3591,3987,4707,3942,4500,4464,4878,5202,4653,5418,4689,3798,4248,4824,3771,4725,3717,4077,3852,3978,3816,4356,3537,4635,3447,3375,3654,3870,3708,3915,3627,4590,4761,4716,4743,4104,3960,4392,4698,3672,4806,4158,4455,4563,4608,3366,3474,4626,4536,
Shot 9:5607,5724,
Shot 10:5769,5733,5751,5841,5796,5814,5742,5760,5778,
Shot 11:6030,6264,5886,6156,5922,6246,6345,6210,6129,5967,6300,6318,5904,6282,6111,6075,6120,6003,5940,6327,6066,6093,6012,6354,6336,6048,6021,
Shot 12:6390,6372,6381,6417,
