Shot 0:234,9,180,189,72,198,27,99,216,54,207,225,
Shot 1:954,1224,594,504,1377,684,702,261,729,1296,1350,459,558,1206,711,333,801,1116,1395,1251,1035,
Shot 2:1548,1557,
Shot 3:1611,1566,1593,1575,1620,1602,1629,1584,1638,
Shot 4:1647,
Shot 5:1665,1674,1656,1683,
Shot 6:1692,
Shot 7:1701,
Shot 8:1728,1719,1710,1755,1764,1782,1773,1746,1737,
Shot 9:1791,1800,
Shot 10:1845,1809,1818,1827,1836,1854,
Shot 11:1863,1917,1899,
Shot 12:1953,1926,1935,1944,1962,
Shot 13:2646,1971,2421,2592,2709,2466,2070,2043,2268,2376,2088,2619,2016,2610,2115,2538,2628,2187,2313,2565,
Shot 14:2754,2862,2853,2826,2844,2808,2790,2835,2718,2772,2736,2763,
Shot 15:2871,
Shot 16:2925,3015,2934,2880,2988,3060,2961,2907,2889,2916,3051,3033,
Shot 17:3231,3132,3150,3123,3069,3141,3177,3159,3204,3258,
Shot 18:3294,3357,3339,
Shot 19:3366,
Shot 20:3375,
Shot 21:3456,3393,3402,3384,3420,3438,
