Shot 0:9,63,45,27,
Shot 1:216,315,135,153,297,126,288,180,306,243,171,198,162,270,234,225,
Shot 2:333,324,342,
Shot 3:468,387,423,432,450,
Shot 4:495,477,486,504,
Shot 5:711,540,792,774,648,603,666,810,621,747,567,675,639,801,594,837,549,657,783,756,729,684,693,
Shot 6:918,900,891,927,909,882,
Shot 7:1008,963,945,981,999,
Shot 8:1017,1062,1053,1035,1026,1044,
Shot 9:1080,1071,1107,1089,1098,
Shot 10:1269,1206,1287,1197,1215,1188,1278,1224,
Shot 11:1881,1449,2169,1296,1683,1566,1530,2106,1305,1629,1512,1755,1584,1413,2088,1800,2133,1656,2097,1521,2052,1332,1575,1971,1314,2160,1836,2016,1863,
Shot 12:2286,2331,2196,2223,2259,2304,2277,
Shot 13:2358,2340,2349,
Shot 14:2493,2376,2439,2709,2412,2430,2448,2601,2565,2637,2682,2484,2502,
Shot 15:2799,2754,2808,2781,
Shot 16:2826,2835,2817,
Shot 17:2853,2979,3042,2898,2943,2880,3033,2844,2862,
Shot 18:3105,3051,3087,3069,3132,3060,3123,3096,
Shot 19:3141,
Shot 20:3204,3150,3294,3276,3285,3258,3168,3231,3249,3159,3177,
Shot 21:3330,3438,3366,3402,3321,
Shot 22:3510,3798,3537,3708,3447,3825,3627,3735,3681,3861,3807,3492,3726,3528,3663,3717,3690,3600,3519,3672,3501,3546,
