Shot 0:27,9,18,36,
Shot 1:45,
Shot 2:63,
Shot 3:90,81,99,
Shot 4:153,108,117,297,126,135,
Shot 5:342,351,333,
Shot 6:495,369,432,396,504,486,
Shot 7:513,
Shot 8:531,666,657,648,522,
Shot 9:684,675,810,693,
Shot 10:846,1323,1008,1170,819,1152,990,1305,999,1161,1143,981,1314,828,1017,1179,837,1026,1188,855,
Shot 11:1341,1503,1494,1485,1476,1332,1350,
Shot 12:1791,1521,1647,1656,1665,1638,1674,1602,1512,1683,1800,
Shot 13:1836,2007,2295,1809,1980,2160,2169,1818,1989,1971,2151,2142,2178,1998,1827,2133,
Shot 14:2340,2628,2484,2637,2304,2493,2502,2475,2313,2466,2511,2322,
Shot 15:2673,2646,2655,2664,2790,
Shot 16:2826,2799,2808,2988,2817,2835,
