Shot 0:234,9,225,243,216,
Shot 1:1458,675,558,342,279,1278,1107,909,1161,819,630,1233,486,414,1134,999,1188,1044,774,1323,1575,1422,
Shot 2:1593,1584,1701,1692,
Shot 3:1728,1710,1782,1719,1755,
Shot 4:2583,1890,2187,2358,1962,2520,2259,2151,2430,2457,2295,1836,2214,1926,2574,2592,1908,
Shot 5:2934,2718,2799,2754,2700,2610,2664,2826,2637,2952,2943,
Shot 6:3159,2961,3087,3024,3051,3186,2997,3168,3141,3231,3069,
Shot 7:3267,3276,
Shot 8:3321,3294,3303,3330,3312,
Shot 9:3339,
Shot 10:3411,
Shot 11:3555,
Shot 12:3726,
Shot 13:3897,4023,
Shot 14:4032,
Shot 15:5490,4041,6273,4761,4320,5976,5211,5751,6030,5850,5580,4212,5040,4959,5319,4869,5400,4050,5670,6201,5139,5931,5832,6012,5652,4941,5382,5571,5760,5022,5562,6210,5841,5481,4059,
Shot 16:6309,6282,6408,6291,6399,
Shot 17:6669,6417,6525,6687,6516,6534,6678,6543,
