Shot 0:36,9,27,
Shot 1:1107,693,1215,621,747,1053,792,1035,1467,468,1449,1143,1332,1206,1512,
Shot 2:1530,1539,
Shot 3:1845,1656,1881,
Shot 4:1917,1908,1971,
Shot 5:2709,2124,2835,2484,2565,2457,2214,2646,2070,2745,2376,2664,2439,2286,
Shot 6:2952,2961,
Shot 7:3069,3249,3204,3303,3231,3051,
Shot 8:3339,3348,
Shot 9:3438,
Shot 10:3492,3501,
Shot 11:3798,3717,3960,3609,3870,3726,
Shot 12:4014,
Shot 13:5049,6696,5481,6318,6417,6579,6210,6642,4770,5130,5994,4581,6228,6156,6759,6057,6021,4536,4941,6489,6030,5175,4896,5283,5148,5085,5346,5094,5139,6093,4689,5220,5265,5274,5058,5229,5184,
