Shot 0:27,9,18,36,
Shot 1:216,45,108,90,135,99,117,81,153,180,189,171,225,207,
Shot 2:351,423,243,414,387,360,378,342,369,261,
Shot 3:441,450,432,
Shot 4:459,
Shot 5:477,495,486,468,
Shot 6:504,
Shot 7:513,
Shot 8:621,792,522,666,747,576,774,684,549,603,639,612,585,630,657,531,540,
Shot 9:855,918,900,882,810,828,873,927,
Shot 10:954,936,945,963,
Shot 11:981,1008,990,972,
Shot 12:1332,1080,1206,1278,1143,1359,1053,1305,1233,1323,1368,1341,1350,
Shot 13:1449,1377,1395,1422,1413,1404,1440,
Shot 14:1467,1530,
