Shot 0:9,
Shot 1:189,630,1638,1575,63,999,1620,531,99,693,567,234,1530,1674,1566,585,1611,927,621,729,540,522,1539,216,738,1035,288,126,1557,648,1062,252,720,153,135,162,144,1080,180,
Shot 2:1890,2142,1962,2025,2124,2079,1863,2106,1917,1908,1944,1881,
Shot 3:2412,2169,2205,2151,2763,2610,2655,2511,2529,
Shot 4:2853,2817,2772,2871,2790,2826,2844,2862,
Shot 5:3276,3033,3393,3015,2979,3438,3429,2997,3168,3330,3141,3114,3411,2880,3240,3321,3222,3375,3285,3402,
Shot 6:3528,3582,3618,3636,3456,3492,3600,3645,3564,3546,3510,3447,3474,
Shot 7:3735,3888,4410,4086,4347,4302,4464,3960,3816,3672,4437,3852,4428,4194,3753,4176,4446,3726,3771,4122,3789,
Shot 8:4527,4554,4950,4491,4842,4797,4500,4536,4545,
Shot 9:4977,
Shot 10:4986,5418,
Shot 11:5724,5859,5679,5607,5823,5832,
Shot 12:5868,
Shot 13:6102,6228,6147,6183,6066,
