Shot 0:18,90,9,27,
Shot 1:135,207,252,198,180,189,216,171,144,117,234,126,
Shot 2:288,405,342,450,351,378,306,279,
Shot 3:459,468,
Shot 4:486,504,513,495,477,
Shot 5:522,
Shot 6:531,
Shot 7:549,
Shot 8:558,
Shot 9:567,
Shot 10:576,
Shot 11:585,
Shot 12:1017,1431,1404,1251,1566,1152,1413,936,1359,1206,1341,603,846,1296,972,1053,1287,873,1530,1035,900,1107,1305,990,1377,1179,864,1368,954,891,1224,918,639,1026,927,909,1170,
Shot 13:1782,1962,1917,1827,1953,1854,1602,1737,1890,
Shot 14:1971,
Shot 15:1998,2025,2052,2088,2061,2034,2070,1980,2043,1989,2079,2007,
Shot 16:2124,2259,2223,2268,2106,2169,2196,2241,2277,2205,2151,2133,2115,
Shot 17:2286,2295,
Shot 18:2322,2304,2340,2313,2331,
Shot 19:2628,2367,2448,2394,2403,2511,2565,2673,2349,2385,2421,2412,2475,2592,2358,2376,2439,2493,2457,2574,2547,2646,2466,2610,2583,2664,2484,2601,2520,2556,2619,2682,2637,2655,
Shot 20:2736,2700,2808,2709,3069,2952,3015,2970,2772,3042,2790,2988,2718,2862,2898,2754,3024,2826,2727,
