Shot 0:117,999,612,450,756,342,684,837,981,738,774,648,954,279,864,936,9,963,900,27,873,396,810,711,927,207,252,63,657,432,468,801,828,225,747,99,333,693,378,360,729,621,
Shot 1:1026,1053,1044,1017,
Shot 2:1071,1062,1080,
Shot 3:1089,
Shot 4:1107,1098,1116,
Shot 5:1134,1152,1143,1125,
Shot 6:1197,1170,1215,1179,1233,1206,1188,
Shot 7:1278,1323,1395,1413,1296,1404,1350,1260,1386,1242,1305,1269,1341,1287,
Shot 8:1458,1440,1422,1467,1431,1449,
Shot 9:1476,
Shot 10:1503,1485,1521,1494,1512,
Shot 11:1638,1701,1548,1593,1566,1683,1719,1665,1692,1620,1539,1584,1647,1710,
Shot 12:1809,1746,1944,1845,1764,1728,1782,1863,1755,1791,1737,1818,
Shot 13:1989,2025,2034,2052,2007,2043,1971,
Shot 14:2079,2133,2106,2151,2061,2097,2142,2070,2088,
Shot 15:2160,
Shot 16:2178,
Shot 17:2187,2196,
Shot 18:2205,2223,
Shot 19:2241,2268,2259,2232,2250,
Shot 20:2340,2367,2313,2277,2286,2304,2331,2349,
Shot 21:2484,2511,2385,2430,2529,2502,2448,2412,2493,2475,
