Shot 0:72,
Shot 1:81,
Shot 2:153,90,144,
Shot 3:252,288,189,279,270,207,297,198,
Shot 4:594,540,450,486,522,459,675,567,513,396,531,504,468,666,549,495,576,477,585,657,
Shot 5:1035,711,810,873,783,1197,765,684,1179,792,1026,855,1188,729,864,1017,747,1044,
Shot 6:1503,1863,2169,1692,2340,1341,2007,1530,1854,1845,1521,2178,1998,1350,2016,2187,1683,1836,1359,2025,
Shot 7:2655,2349,2493,2358,2502,2673,
Shot 8:2853,2691,2988,2835,
Shot 9:3159,3006,3168,
Shot 10:3348,3663,3186,3978,3510,3996,3825,3330,3834,3672,3987,3492,3843,3654,3501,3339,
Shot 11:4176,4149,4320,4158,
Shot 12:4995,5166,4491,4806,4824,4329,4653,4482,5148,4743,4977,4644,5292,4662,5157,4815,4986,4338,5139,
Shot 13:5463,5481,5301,5310,5472,
Shot 14:5643,5904,5499,5958,5814,5805,5949,5931,5868,5796,5940,5634,
Shot 15:5967,
