Shot 0:171,9,36,54,180,81,
Shot 1:189,
Shot 2:198,
Shot 3:909,1017,1359,1386,216,1206,1233,684,306,1008,315,1368,828,513,1350,711,1197,1035,1044,1215,531,999,855,702,1161,1242,1224,720,297,351,819,549,477,846,864,675,873,405,504,1251,729,1305,1098,945,576,657,234,693,261,774,207,333,225,
Shot 4:1458,1521,1494,1593,1503,1395,1827,1602,1818,1638,1611,1656,1539,1701,1629,1809,1512,1431,1746,1584,
Shot 5:1854,2430,2088,2412,2124,2394,1863,2097,1935,2106,2133,2322,2232,2403,
Shot 6:2664,2502,2439,2871,2493,2862,2538,2466,2601,2736,
Shot 7:2907,2880,2898,
Shot 8:2979,3051,3042,2934,
Shot 9:3438,3213,3186,3384,3411,3231,3393,3321,3492,3060,3249,3285,3141,3087,3429,3069,3402,
Shot 10:3501,
Shot 11:3510,
Shot 12:3699,3654,3672,3636,3528,3663,3681,3789,3600,3591,3609,3537,3744,3519,3546,3690,3780,3573,
Shot 13:3807,3942,3825,3879,3834,3816,3798,
Shot 14:3951,
Shot 15:3960,
Shot 16:3987,4032,3969,3996,3978,
Shot 17:4041,4050,
Shot 18:4194,4059,4374,4608,4365,4158,4392,4617,4491,4077,4401,4293,4149,4068,4248,4356,4131,4086,4185,
Shot 19:4635,
Shot 20:4941,4644,4797,4770,
Shot 21:5130,4968,5139,
Shot 22:5148,
