Shot 0:261,54,108,81,90,9,153,27,72,45,180,135,117,207,234,225,216,252,
Shot 1:369,279,405,324,351,387,
Shot 2:423,468,450,
Shot 3:567,495,531,585,522,549,576,
Shot 4:612,
Shot 5:1161,864,945,1017,1098,909,981,1071,1035,927,963,1053,900,1125,918,936,1044,1026,1008,1080,1143,990,1134,1188,1062,1107,954,972,882,1089,1170,
Shot 6:1260,
Shot 7:1278,1305,1296,1269,1287,
Shot 8:1476,1341,1314,1323,1359,1332,1368,1422,1449,1521,1503,
Shot 9:1539,1566,1548,1530,
Shot 10:1584,1620,1602,1593,
Shot 11:1638,
Shot 12:1647,1728,
Shot 13:1773,1899,1917,1809,1755,
Shot 14:2016,2070,2151,2043,1926,2052,1962,1935,2088,1980,1989,1998,1944,2160,2115,2025,1953,2007,2142,
Shot 15:2169,
