Shot 0:9,
Shot 1:243,198,306,216,270,207,225,252,234,261,279,
Shot 2:378,324,342,396,360,
Shot 3:468,549,405,522,423,486,432,540,441,513,477,459,
Shot 4:621,765,747,720,702,783,711,774,738,828,684,792,810,576,648,819,585,639,603,612,
Shot 5:882,945,918,954,1008,936,1017,972,981,900,846,
Shot 6:1557,1377,1026,1575,1143,1566,1530,
Shot 7:1647,1692,
Shot 8:1764,1854,1800,
Shot 9:2205,2475,2349,2574,1890,2007,2106,2097,2151,1863,2340,1926,2493,2088,2277,2178,2223,1881,2142,2034,1899,2196,2232,2124,2187,
Shot 10:2961,
Shot 11:3087,
Shot 12:3726,3456,3393,3330,3420,
Shot 13:3951,3879,4014,3915,3987,3933,3969,3942,3924,3960,
