Shot 0:9,
Shot 1:1296,1413,1233,1404,1332,1377,1341,1368,1323,1359,1269,1242,1314,1350,1251,1287,1305,1278,1260,
Shot 2:1467,1431,1485,1458,1422,
Shot 3:1602,1521,1674,1503,1683,1512,1548,1692,1557,1530,1701,1584,1665,1647,1656,1638,1566,1593,1629,
Shot 4:1710,
Shot 5:1719,
Shot 6:1728,1737,
Shot 7:1746,1764,1755,
Shot 8:1773,1782,
Shot 9:1791,1800,
Shot 10:1836,1809,1818,1854,1827,
Shot 11:2520,2052,2133,1953,1881,2097,2205,2025,2340,1917,2331,2088,2394,1944,1989,2655,2160,2421,2277,2484,2079,2439,2385,1872,2250,2304,1935,2502,1971,2187,1899,2682,2349,2151,2619,2115,2457,2034,1998,2574,2637,2232,2358,2169,2286,2142,2556,2070,2124,1890,2673,2043,1962,2007,2592,2295,2511,2106,2178,2529,1926,2466,2565,2538,2061,
Shot 12:2691,
Shot 13:2736,2709,2781,2862,2880,2718,2808,2826,2844,2745,2817,2790,2772,2727,
Shot 14:2970,2889,3060,3033,2934,2907,2988,3042,2898,2916,3051,3024,2952,2943,3006,3015,2979,2961,
Shot 15:3087,3150,3069,3105,3132,3078,3114,3096,
Shot 16:3168,3195,3186,3159,3177,
Shot 17:3204,3213,
