Shot 0:27,18,63,9,36,54,
Shot 1:72,81,
Shot 2:108,603,315,189,90,
Shot 3:612,
Shot 4:621,
Shot 5:630,981,
Shot 6:1512,1638,1503,
Shot 7:2331,1755,2403,2106,2250,1854,1710,2007,2358,1818,2286,2241,1836,2484,2259,2268,2457,2385,2304,2295,2430,2349,2475,2421,2322,2376,2340,2313,2439,2466,
Shot 8:2619,2673,2493,2574,
Shot 9:2862,3123,2952,2943,2889,2907,3069,2880,2898,2853,2916,2871,
Shot 10:3249,3312,3204,3222,3231,3294,
Shot 11:3645,3969,3870,3492,3861,3429,3483,3510,3753,3726,3501,3708,3384,3690,3744,3663,3636,
