Shot 0:270,162,324,27,81,9,180,63,225,234,306,216,252,288,261,
Shot 1:360,
Shot 2:369,
Shot 3:387,441,378,396,423,
Shot 4:603,459,648,639,540,630,
Shot 5:945,684,837,774,864,909,693,954,936,
Shot 6:990,963,1080,972,999,981,
Shot 7:1089,1098,
Shot 8:1521,1287,1629,1305,1593,1296,1485,1386,1278,1431,1503,1575,1557,1476,1611,1404,1548,1512,1584,
Shot 9:1647,1737,
Shot 10:1746,
Shot 11:1998,2007,
Shot 12:2178,
Shot 13:2322,
Shot 14:2331,
Shot 15:2475,2556,2538,2493,2466,
Shot 16:2565,2628,2574,
Shot 17:2637,2646,
Shot 18:2727,2781,3069,2745,2736,2718,
Shot 19:3312,3357,3195,3231,3159,3249,3204,3276,3330,3186,3294,3384,3267,3321,3339,3213,3285,3240,3303,
Shot 20:4068,3420,3393,3411,3402,4059,3429,
Shot 21:4230,4077,4095,4428,4176,4392,4410,4590,4140,4473,4167,4113,4644,4347,4455,4437,4266,4284,4464,4185,4563,4086,4311,4482,4536,4203,4572,4248,4302,4239,
Shot 22:4662,4707,4653,
Shot 23:4716,
Shot 24:4725,4770,4734,
Shot 25:4779,
Shot 26:4797,4815,4788,
Shot 27:4851,5022,4824,4923,4896,4914,4941,4833,4878,4932,4887,4869,4968,4950,5004,4842,
Shot 28:5373,5031,5409,
