Shot 0:9,
Shot 1:459,
Shot 2:765,774,
Shot 3:927,945,
Shot 4:1062,990,1017,1008,963,1098,1026,
Shot 5:1359,1116,1251,
Shot 6:1521,1647,1368,1557,1431,1530,1539,1611,
Shot 7:1737,
Shot 8:1845,
Shot 9:1962,1908,1935,1989,1917,1953,1980,
Shot 10:2043,2313,2214,2178,2115,2259,2277,2187,2241,2088,2079,2268,2142,2295,2007,2322,2196,2304,2232,2070,2097,2250,2223,2034,
Shot 11:2403,2385,2340,2394,2367,2412,
Shot 12:2475,2502,2439,2421,2520,2511,2457,2430,2493,2448,2466,2484,
Shot 13:2574,2556,2538,2583,2529,2547,2565,
Shot 14:2619,2592,2601,2610,2628,
Shot 15:3060,2862,2799,2925,2691,2997,3168,3024,2637,2961,2772,2664,3132,2709,3042,3069,
Shot 16:4257,3771,3888,3312,3285,4140,3375,3267,3681,4293,4185,4068,4005,3240,3294,3654,4104,3321,3816,3303,3339,3429,4203,3276,3744,4167,4050,4239,4266,3249,3852,3942,4131,4149,4176,3960,3780,
Shot 17:4311,4320,4338,4329,4302,
Shot 18:4635,4356,4500,4437,4869,4401,4797,4536,4833,4419,4347,4473,4824,4518,4671,4392,4374,4815,4851,4590,4887,4383,4554,4806,4842,4365,4941,4788,
