Shot 0:9,
Shot 1:2943,198,2214,1494,2394,3465,414,666,3321,2385,1296,2286,1593,441,1719,2538,2619,3267,423,1656,3375,1413,1539,1692,2421,3438,1458,1359,3411,2502,2448,1332,2772,3294,1314,
Shot 2:3474,3906,
Shot 3:4680,3933,3915,3924,3942,4329,3951,4401,4266,4032,4437,4122,4158,3969,4203,4194,4050,4383,4365,4059,3996,4869,4212,4302,4239,3987,4284,4248,4086,4005,3960,4464,4419,4338,4014,4500,4410,4842,4041,4536,4320,4023,4608,4851,4581,4095,4752,4392,4131,4068,4509,4824,4311,4572,4104,4374,4176,4275,4653,4077,4626,4257,4716,4563,4599,4149,3978,4779,4518,4347,4860,4140,4293,4590,4167,4635,4428,4833,4617,4455,4473,4446,4734,4707,4230,4482,4644,4671,4356,4662,4806,4698,4185,4689,4527,4743,
Shot 4:4878,4887,
Shot 5:5220,4959,5697,5166,5121,5427,5139,5004,4977,5751,5859,5175,5625,5265,5337,5193,5292,5202,5238,5247,5274,5229,5211,
Shot 6:5949,5877,5994,
Shot 7:6030,6057,6048,
Shot 8:6066,6147,6084,6120,6075,6102,6111,6093,
Shot 9:6246,6588,6579,6435,6480,6516,6570,6489,6453,6534,6390,6462,6552,6318,6507,6183,6219,6300,6237,6471,6363,6426,6399,6354,6309,6291,6381,6336,6273,
