Shot 0:198,126,423,9,360,63,45,27,216,324,279,414,243,144,378,54,180,36,18,387,189,
Shot 1:441,432,450,
Shot 2:747,630,648,459,504,477,702,558,792,765,612,738,522,468,693,729,
Shot 3:801,810,
Shot 4:846,873,864,819,855,
Shot 5:882,
Shot 6:900,918,891,
Shot 7:954,936,927,963,945,
Shot 8:990,999,981,
Shot 9:1008,1017,
Shot 10:1026,1035,
Shot 11:1044,
Shot 12:1053,
Shot 13:1062,1071,
Shot 14:1080,
Shot 15:1089,
Shot 16:1098,1107,
Shot 17:1134,
Shot 18:1161,
Shot 19:1323,1188,1206,1440,1467,1197,1386,1233,1260,1458,1278,1404,1305,
Shot 20:1890,1701,1557,1980,1629,2007,1602,1512,1836,1962,1530,1746,1521,1854,1719,1935,1674,1872,1791,1917,2016,1971,1566,1899,1710,1737,1953,1998,1539,
Shot 21:2025,2034,
Shot 22:2223,2511,2466,2322,2376,2052,2079,2133,2439,2412,2061,2151,2349,2295,2043,2358,2457,2367,2394,2196,2097,2232,2250,2241,2142,2070,2448,2088,2403,2214,
Shot 23:2565,2520,2529,2538,2673,2583,
Shot 24:2682,2700,
Shot 25:2745,2718,2772,2727,2736,2754,
Shot 26:2781,
Shot 27:2790,
Shot 28:2799,
Shot 29:2808,2889,
Shot 30:2943,3231,3177,3222,3105,3213,3159,3114,2925,3015,3168,3204,2934,
Shot 31:3438,3240,3321,3258,3519,3348,3312,3303,3267,3366,3285,3474,3510,3330,3456,3276,3402,
Shot 32:3528,
Shot 33:3537,
Shot 34:3852,3762,3708,3627,3780,3636,3681,3726,3699,3645,3906,3771,3663,3789,3690,3870,3942,3816,
Shot 35:3969,4005,
Shot 36:4185,4086,4545,4428,4149,4581,4320,4608,4158,4491,4230,4194,
Shot 37:4644,4680,4626,
Shot 38:4716,4779,
Shot 39:4887,4788,4851,4896,
Shot 40:4905,
