Shot 0:99,27,45,18,36,54,108,9,
Shot 1:117,
Shot 2:540,126,207,144,288,585,297,477,225,261,504,351,405,234,387,270,153,171,414,441,369,324,360,252,423,567,216,522,495,486,468,378,432,189,513,558,396,135,531,243,450,279,162,198,
Shot 3:612,
Shot 4:684,621,639,711,648,819,630,657,738,747,783,765,666,693,729,720,
Shot 5:981,1035,1026,873,828,882,1008,990,
Shot 6:1071,1044,1053,1062,1089,
Shot 7:1332,1422,1296,1368,1377,1305,1350,1395,1386,1359,1314,1413,1341,1404,1323,
Shot 8:1431,
Shot 9:1449,1458,1440,
Shot 10:1467,
Shot 11:1494,1476,1485,1512,
