Shot 0:9,18,
Shot 1:342,486,108,549,162,594,261,468,522,414,567,504,270,576,441,387,315,513,558,
Shot 2:747,603,855,783,630,
Shot 3:972,864,1044,
Shot 4:1557,2151,1116,1746,2025,1224,1467,1881,1071,2061,1611,
Shot 5:2403,2511,2448,2313,2430,2421,2367,2457,2439,2394,2340,
Shot 6:2592,2547,2655,2628,2574,
Shot 7:2790,3006,2691,2736,2880,2772,2817,
Shot 8:3186,3249,3123,3222,3159,3141,3204,3177,
Shot 9:3474,3285,3330,3420,
Shot 10:3591,3654,3519,3573,3618,3609,3555,3582,3600,3564,3627,
Shot 11:3969,3735,3771,4131,3906,4041,3825,3870,3681,4068,3996,3789,3951,3708,
Shot 12:4140,4149,
