Shot 0:171,630,639,9,306,63,477,441,315,405,468,324,180,423,126,387,450,117,
Shot 1:792,
Shot 2:1035,1332,1323,801,1017,
Shot 3:1467,1827,1341,1926,1836,1359,1629,1899,1692,1746,1350,1440,1368,1863,1557,1422,1431,1773,1548,1449,1566,1575,1539,1413,1494,1908,1764,1386,1755,1881,1584,1800,1917,1512,1458,1890,1476,1674,1404,1782,1521,1872,1503,1485,1593,1737,1809,1719,1791,
Shot 4:2034,1944,1962,1953,1980,1971,1935,1998,1989,2088,2061,2016,2025,2007,2052,2070,
Shot 5:2097,2106,
Shot 6:2304,
Shot 7:2403,
Shot 8:2412,
Shot 9:2511,
Shot 10:2520,2565,
Shot 11:2781,2574,2835,2682,
Shot 12:2862,2961,2934,3096,2898,2844,2970,
Shot 13:3114,
Shot 14:3519,4203,3987,4032,4518,4410,4491,4527,4266,4338,3411,3636,3474,3339,4509,3825,3483,3429,3447,4455,3357,3393,4473,4437,3312,3375,3465,3501,3438,3348,3420,3456,3402,3492,3366,3285,3384,3528,3510,3897,
Shot 15:4653,4554,4608,4626,4581,4635,
Shot 16:5544,4743,5994,5355,4905,4842,5220,4977,5310,5436,5652,5211,5499,4968,4833,5292,5625,5643,5598,5526,4896,5580,5607,
Shot 17:6066,6264,
