Shot 0:288,9,549,
Shot 1:1395,684,981,1602,1449,1413,1440,936,1773,1458,1431,1548,1476,945,1422,1485,1530,1494,1503,1782,1701,1467,1647,1512,1656,1404,1719,1755,1593,1521,1539,1575,1746,1566,1665,1692,1584,1557,1107,1710,1737,1674,1683,1620,1089,1764,1728,1314,1053,1638,1242,1629,1611,756,1296,1044,999,873,990,1323,1332,1260,1026,1359,1305,1035,1350,1368,1278,1287,1341,1017,1386,1269,1377,
Shot 2:2223,2034,2124,1980,2079,1890,1854,2088,2016,2151,2043,1791,2160,1962,2025,2097,1845,1863,2178,
Shot 3:2538,
Shot 4:2889,
Shot 5:3006,3195,
Shot 6:3366,3204,3294,3321,3402,3330,
Shot 7:3537,3672,3735,3618,3420,3654,3753,3636,3465,3429,3690,3780,3717,3744,3483,3510,3564,3501,3519,
Shot 8:3807,
Shot 9:3816,
