Shot 0:9,
Shot 1:18,
Shot 2:27,
Shot 3:45,
Shot 4:450,297,351,315,270,324,459,
Shot 5:738,873,522,837,855,621,810,846,864,828,756,702,
Shot 6:900,882,891,
Shot 7:927,909,936,
Shot 8:1485,1638,1521,2124,1872,981,2403,2079,1125,2295,1026,1620,1044,1674,1062,1017,1080,1773,1944,1071,2088,1926,2259,1089,1908,1512,1053,1476,1917,2196,1494,2421,1818,1647,2097,1539,
Shot 9:2646,
Shot 10:2943,2871,2835,2961,
Shot 11:3348,3033,3375,3141,3366,3285,3339,3321,3357,
Shot 12:3573,3915,3933,3897,3906,3600,3519,3870,3726,3888,3843,3501,3861,3879,3807,3924,3510,3825,3555,3591,3564,
Shot 13:4518,3969,4383,4131,4446,3942,4050,4311,4041,4365,4113,4014,4086,4320,4401,4482,4374,4545,4068,4095,4212,3996,4104,4464,4347,3960,4527,4500,4509,4392,4410,4428,4536,4455,4491,
Shot 14:4653,4572,4590,4689,
Shot 15:4716,4752,4707,4788,
Shot 16:5130,4860,5157,5031,5085,5067,
Shot 17:5490,5328,5346,5229,5292,5589,5427,
Shot 18:6048,5895,5832,5742,6093,5868,6174,5922,5796,5841,5994,
Shot 19:6282,6390,6237,6255,6300,6318,6264,6291,
Shot 20:6606,6408,6687,6624,
Shot 21:6921,6912,6930,
