Shot 0:405,126,9,45,288,306,342,324,315,333,270,360,369,459,279,297,450,351,378,468,441,432,387,414,396,
Shot 1:594,477,549,639,567,621,603,585,
Shot 2:720,765,774,675,684,666,702,756,747,
Shot 3:801,
Shot 4:909,999,1107,864,1017,882,945,1008,873,891,900,936,
Shot 5:1116,1161,
Shot 6:1188,
Shot 7:1314,1368,1260,1350,1332,1305,
Shot 8:1449,1476,1422,
Shot 9:1602,1719,1575,1485,1530,1746,1692,1503,1521,1539,1494,1728,1512,1737,1557,1593,
Shot 10:1827,1791,1935,1899,2016,1809,1773,1980,2061,1926,1818,
