Shot 0:72,9,54,36,81,
Shot 1:108,135,90,99,117,
Shot 2:252,180,198,171,243,207,162,261,
Shot 3:342,513,522,297,324,495,279,315,450,270,405,360,468,333,
Shot 4:567,549,531,558,576,
Shot 5:810,828,594,729,819,
Shot 6:864,891,873,855,
Shot 7:945,927,954,
Shot 8:990,963,972,999,
Shot 9:1026,1035,1017,
Shot 10:1089,1071,1044,1062,1053,1080,
Shot 11:1116,1188,1098,1107,
Shot 12:1215,1332,1314,
Shot 13:1341,1359,1368,1350,
Shot 14:1440,1377,1413,1539,1566,1395,1422,1557,1521,1458,1548,
Shot 15:1593,1611,1629,1620,1575,1602,1584,
Shot 16:1647,1638,1656,
Shot 17:1665,1674,
Shot 18:1701,1683,1692,
Shot 19:1737,1710,1719,1755,1728,1746,
Shot 20:1989,2178,1764,2223,1890,1827,1863,2034,2205,1899,1881,1782,1773,2070,1809,2115,1854,1935,1908,1845,2214,1971,1872,2133,2088,1917,2151,1926,1962,1791,2007,1818,1944,1836,2187,2061,2025,2043,2079,1998,1953,
Shot 21:2232,
Shot 22:2241,2250,
Shot 23:2259,
Shot 24:2268,
Shot 25:2277,2286,
Shot 26:2304,2331,
Shot 27:2403,2493,2466,2340,2358,2448,2502,2376,2421,2367,2484,2511,2412,2430,2475,2394,
Shot 28:2547,2520,2538,2556,
Shot 29:2583,2565,2601,2574,
Shot 30:2754,2889,2862,2844,2655,2691,2817,2619,2781,2916,2709,2736,2835,2907,2763,
Shot 31:2943,2952,2934,
