Shot 0:270,108,504,135,9,603,153,243,486,513,261,126,288,
Shot 1:702,612,738,666,828,684,711,693,
Shot 2:1089,1026,945,1125,1044,1053,1107,
Shot 3:1323,1395,1251,1197,1377,1224,1278,1386,1359,1206,1161,1242,1305,1368,1188,1341,1179,1314,1260,1296,
Shot 4:1584,1656,1404,1458,1611,1692,1422,1719,1476,1629,1710,1494,1638,1674,1620,1602,1701,1449,1512,1485,1539,1647,1683,1728,1746,1467,1431,1827,1503,1413,1557,1440,1575,1764,1593,1800,1548,1566,1521,1845,1773,1737,
Shot 5:1980,
Shot 6:2034,2097,2124,1989,2016,2106,2052,2079,2115,1998,2025,2043,
Shot 7:2736,2385,2133,2187,2214,3213,3564,2421,3393,2142,2349,2763,2439,2277,2403,2979,2340,2160,2754,2232,2772,2457,3429,2448,2331,2844,2430,2412,2367,2205,2358,3177,2502,2250,2196,2223,3006,2178,3636,2880,2466,2151,3384,2322,2493,2376,2745,2934,3132,2727,2241,2295,2871,2313,2268,3591,3366,2286,2169,3276,2943,2475,2565,2529,3105,3240,3141,3195,2916,3402,
Shot 8:3645,3753,
Shot 9:3789,3825,
Shot 10:4068,4203,4158,4176,4050,4077,4095,
Shot 11:4266,4275,4257,
Shot 12:4284,
Shot 13:4329,4356,4347,4302,4293,4338,4311,4320,
Shot 14:4599,4455,4563,4527,4500,4509,4374,4491,4626,4410,4545,4365,4617,4608,
Shot 15:4644,4653,
Shot 16:4788,4662,4851,4725,
Shot 17:4869,
Shot 18:5247,4878,5049,5094,5004,5175,5490,5283,4887,4977,5517,4986,5256,5319,5301,5238,5103,4959,5031,5409,5355,5058,5508,5229,
