Shot 0:18,9,27,36,
Shot 1:45,54,
Shot 2:63,72,
Shot 3:99,117,81,135,162,90,144,
Shot 4:171,180,
Shot 5:189,198,
Shot 6:207,216,
Shot 7:225,
Shot 8:234,
Shot 9:243,252,
Shot 10:261,
Shot 11:270,
Shot 12:315,279,324,333,297,288,306,
Shot 13:387,405,441,450,432,414,423,342,369,396,
Shot 14:459,
Shot 15:540,468,477,504,522,549,
Shot 16:630,702,558,666,729,567,675,720,576,594,648,585,612,
Shot 17:909,783,801,900,837,747,774,846,810,756,963,828,945,855,819,765,882,873,792,891,918,
Shot 18:990,1035,972,1053,1008,
Shot 19:1116,1071,1089,1080,1062,1107,1125,1134,1098,
Shot 20:1314,1188,1179,1143,1404,1233,1350,1386,1170,1215,1206,1359,1377,1413,1224,1260,1368,1197,1152,1341,1269,1287,
Shot 21:1512,1449,1431,1557,1458,1440,1494,1530,1566,
Shot 22:1575,1584,
Shot 23:1629,1764,1719,1800,1602,1692,1773,1782,1593,1791,1755,1728,1656,1683,1746,1665,1611,1647,1638,
Shot 24:1854,1827,1872,1917,1836,1809,1899,1881,1863,1845,1926,1908,
Shot 25:1971,1935,1989,2061,1944,2016,2043,2007,1953,
Shot 26:2457,2565,2421,2817,2493,2070,2520,2160,2664,2601,2430,2880,2250,2853,2700,2547,2538,2439,2619,2511,2772,2592,2736,2367,2466,2232,
Shot 27:2889,2898,
Shot 28:2916,3096,3150,3078,2961,3186,3213,3006,2952,3123,2970,2907,3168,3114,2988,
