Shot 0:144,864,576,9,423,513,396,756,945,342,639,729,315,63,54,225,198,162,252,72,135,
Shot 1:1107,1170,
Shot 2:1287,1386,1467,1539,1440,1359,1260,1377,1305,
Shot 3:1548,1656,1629,1638,1602,1557,1584,1575,1647,
Shot 4:1665,
Shot 5:2394,2277,2205,2583,2439,
Shot 6:3186,3195,2961,2889,2988,2916,3069,3033,3042,3150,3132,
Shot 7:3294,
Shot 8:3861,3888,3825,
Shot 9:4086,4122,4203,3987,4023,4005,4014,4032,3978,4059,4095,3996,4068,
Shot 10:4275,4383,4338,4320,4356,4302,4284,4266,
Shot 11:4455,4401,4419,4446,
Shot 12:4500,4545,4563,4527,4464,4509,
Shot 13:4626,4644,
