Shot 0:324,792,729,36,1260,990,963,27,738,1323,774,945,594,864,585,1062,720,1287,1035,909,18,612,9,747,1071,756,171,918,621,1017,639,180,153,819,972,603,1170,999,900,1215,45,1269,1143,549,873,1161,1233,711,1314,1197,513,783,855,684,234,765,243,495,936,207,1080,954,1242,1179,405,1044,1224,342,891,927,1026,387,126,810,666,360,1098,225,81,144,882,369,414,99,279,801,1116,648,1125,1206,261,837,216,333,1152,297,558,306,252,72,270,108,441,315,657,135,1134,693,432,
Shot 1:1647,1350,1332,1521,1548,1359,1503,1710,1377,1530,1440,1368,1458,1719,1494,1701,1557,1413,1575,1422,1431,1485,1476,1512,1728,1737,1386,1566,1683,1611,1674,1539,1593,1665,1602,1638,1404,1467,
Shot 2:2205,2862,2970,1782,1746,1755,2880,2916,2934,2853,1818,2952,2889,1764,1791,1827,2907,1800,2898,1998,2160,2871,2214,2826,2412,2799,2844,2079,2133,2961,2790,2322,2925,2142,2484,1863,2403,1980,2691,2223,2196,2808,2772,1845,2835,2313,1836,1917,2187,2763,2781,2421,2430,2376,2439,2340,2817,2295,2169,1890,1989,2709,1953,2241,2385,2088,2034,1971,2250,2745,2610,1944,1908,2736,2106,2016,2304,2232,2448,1935,2394,2178,2493,2259,2043,2547,2367,1926,2754,2619,1899,2700,
Shot 3:3033,3141,3177,3123,3096,3150,3186,2988,3159,3087,3132,3051,2997,2979,3168,3006,3204,3060,3078,3042,3114,3015,3024,3195,3069,
Shot 4:3276,3231,3213,3249,3258,3240,3267,3285,3222,
Shot 5:3528,3357,3465,3492,3474,3447,3303,3321,3348,3312,3384,3501,3366,3339,3573,3375,3330,3411,3429,3609,3294,3483,3582,3618,3393,3555,3438,3456,3402,3420,3600,3510,3564,3546,3519,3537,
Shot 6:3636,3663,3654,3627,3645,
Shot 7:3762,3672,3681,3726,3717,3708,3753,3690,3744,3699,3780,3735,3771,
Shot 8:3807,3789,3798,
Shot 9:3969,3987,3825,3951,3978,3942,3924,3843,4032,3861,4023,3996,3816,3906,3933,3834,3915,3960,3852,3879,3888,4005,3897,3870,4014,
Shot 10:4041,4050,
Shot 11:4086,4077,4068,4059,
Shot 12:4167,4104,4122,4185,4149,4095,4140,4113,4176,4131,
Shot 13:4590,4644,4194,4221,4482,4653,4212,4230,4446,4500,4545,4455,4491,4266,4248,4635,4509,4239,4437,4356,4473,4275,4464,4284,4626,4257,4293,4599,4518,4383,4365,4374,4419,4302,4428,4572,4311,4338,4536,4608,4410,4392,4527,4329,4554,4347,4563,4617,4581,
Shot 14:4806,5040,4662,4689,4869,4680,4698,5004,5013,4905,4671,5031,4914,4752,4950,4788,4743,5022,4860,4959,4761,4932,4707,4878,4968,4770,4716,4779,4887,4725,4941,4995,4986,4851,4923,4896,4734,4797,4842,4833,4815,4824,
Shot 15:5463,5535,5553,5544,5526,5562,5589,5049,5508,5571,5148,5517,5580,5058,5211,5121,5067,5139,5076,5292,5328,5499,5202,5094,5112,5472,5364,5184,5229,5085,5409,5166,5391,5337,5193,5283,5103,5130,5310,5238,5247,5346,5373,5418,5220,5319,5427,5301,5256,5490,5175,5355,5436,5454,5274,
Shot 16:5598,
Shot 17:5913,6102,6048,6084,5607,5985,6030,6057,5976,5931,5805,6039,5616,5967,5850,6021,5634,5814,5652,5733,5868,5940,6012,5922,5949,5823,5832,5904,5715,5661,5769,6003,5643,5859,5760,
Shot 18:6291,6174,6183,6120,6201,6228,6192,6138,6111,6165,6237,6219,6156,6147,6210,6273,6264,6246,6309,6282,
