Shot 0:333,126,270,252,261,297,396,351,63,243,315,9,180,288,207,306,324,171,
Shot 1:2025,936,1503,1287,1404,1071,1890,1152,1377,441,1593,1962,1206,1008,2241,1359,1314,1107,1440,666,1521,1251,1926,954,1908,1134,2142,1467,981,1179,918,1683,1944,1980,1116,1233,2070,1080,1422,711,1485,1098,1395,513,2187,1998,1458,2115,1260,2268,2169,2214,2007,2043,2034,2016,
Shot 2:2304,2313,
Shot 3:2340,2322,2358,2331,2349,
Shot 4:2376,2367,2385,
Shot 5:2394,2403,
Shot 6:2412,
Shot 7:2421,
Shot 8:2430,
Shot 9:2439,
Shot 10:2448,2457,
Shot 11:2484,2574,2502,2466,
Shot 12:2601,2583,2592,
Shot 13:2628,2610,2619,2637,
Shot 14:2709,2646,2664,2682,2736,2700,2718,2727,2745,2691,
Shot 15:2835,2754,2772,2907,2817,2808,2880,2790,2853,
