Shot 0:9,
Shot 1:153,
Shot 2:459,
Shot 3:837,567,
Shot 4:1656,1224,1017,1152,2322,1242,1170,1197,2745,2331,972,1251,1161,1233,1206,2115,1449,1125,1953,1188,1215,2763,1044,1278,1143,1440,1854,1647,2754,
Shot 5:2772,
Shot 6:3285,3600,3636,3564,3528,3474,3366,3582,3321,3546,3357,3222,
Shot 7:3726,3816,3834,3807,3762,3789,3735,3645,3825,3717,
Shot 8:3897,4167,4230,3843,4185,4158,4149,4194,4221,3861,4239,4203,3852,4032,4014,3942,4140,3933,4095,4212,4023,3879,4005,4131,3915,
Shot 9:4599,4374,4752,4392,4500,4743,4698,4338,4410,4284,4734,4383,4626,4518,4464,4365,4437,4680,4635,4527,4482,4644,4662,4401,4581,4311,4455,4608,4491,
Shot 10:4770,4761,4779,
Shot 11:4815,4833,4797,4788,4806,4824,
Shot 12:5130,4869,4860,4851,4878,4896,5211,5157,5175,
Shot 13:5607,
