Shot 0:9,504,144,423,72,
Shot 1:819,1188,1161,864,
Shot 2:1242,1260,
Shot 3:1377,1449,1305,1323,1413,1287,1341,1332,1395,1359,1314,1431,1350,1404,1368,1386,1458,1422,1440,
Shot 4:1530,
Shot 5:1710,
Shot 6:1746,1818,1782,1719,1773,1755,1737,
Shot 7:1827,1845,
Shot 8:1953,1872,1935,1962,
Shot 9:1980,
Shot 10:1989,
Shot 11:3474,3807,2664,3456,3366,3213,3393,3348,3402,2367,3420,3411,2052,2835,3357,2592,3447,2259,3564,3762,
Shot 12:3942,
Shot 13:4923,4131,4581,5103,5121,4878,5040,5076,5022,5112,4896,4977,5004,4959,4905,4914,4932,
Shot 14:5265,
Shot 15:5445,5553,5499,5328,5616,5535,5454,5400,5517,5562,5490,5544,5373,5526,5418,5508,5346,5481,5436,
