Shot 0:27,99,81,54,63,45,9,36,18,
Shot 1:108,
Shot 2:270,126,234,180,144,216,198,135,189,288,117,243,225,153,171,279,
Shot 3:387,306,459,315,324,351,297,342,405,423,333,378,414,396,
Shot 4:468,
Shot 5:477,
Shot 6:486,
Shot 7:495,
Shot 8:621,504,513,666,522,585,531,603,549,630,567,
Shot 9:675,693,
Shot 10:774,810,819,792,729,720,801,765,
Shot 11:945,999,828,1035,990,873,891,981,963,1017,1008,855,909,927,954,936,918,
Shot 12:1044,
Shot 13:2700,3150,1053,2070,1638,1764,1629,1269,3717,2232,1656,2016,3519,3924,1845,1593,2178,1260,2115,2277,1422,1908,2151,3510,3555,3969,3618,1665,2187,3537,3798,1935,2097,3897,1926,1737,1584,1683,2457,3843,3564,3663,2061,1890,2934,2106,2241,3501,3744,3942,1620,3789,2214,1746,3951,1728,1350,3573,2538,1872,1710,3906,1674,2133,2898,2160,3483,3600,3474,1791,2250,3816,
