Shot 0:351,90,234,459,9,189,207,243,423,387,441,315,333,
Shot 1:513,468,522,
Shot 2:648,531,693,540,549,576,684,594,666,621,
Shot 3:720,801,756,738,711,
Shot 4:846,810,828,819,837,
Shot 5:1026,1062,945,855,1080,927,882,900,918,909,936,891,972,1044,981,
Shot 6:1458,1539,1323,1098,1197,1737,1359,1242,1179,1908,1188,1566,1395,1215,1206,1422,1377,1692,1134,1854,1386,1224,1314,1503,1368,1107,1161,1287,1233,1440,1494,1476,1449,1890,1467,
Shot 7:1926,
Shot 8:2070,2097,2106,2016,2079,
Shot 9:2205,2151,2304,2214,
Shot 10:2682,
Shot 11:2709,2691,2700,
