Shot 0:9,198,108,180,81,153,99,54,18,
Shot 1:234,252,207,216,
Shot 2:405,540,297,495,342,270,576,441,522,351,315,288,558,333,360,306,513,450,369,324,423,432,378,396,414,
Shot 3:846,1152,630,1098,1179,747,792,972,702,810,1026,729,774,594,1188,1125,1170,954,720,1008,990,738,801,648,1161,1143,963,1071,828,1116,639,711,900,1044,612,999,1089,918,666,882,657,873,837,945,684,855,891,
Shot 4:1197,1206,
Shot 5:1260,1224,1395,1233,1215,1242,1386,1377,1341,1359,1251,1278,
Shot 6:1413,1422,
Shot 7:1449,1440,1431,1458,
Shot 8:1467,1476,
Shot 9:1494,1512,1485,1503,
Shot 10:1548,1539,1521,1530,
Shot 11:1584,1557,1602,1566,1593,
Shot 12:1629,1611,1620,1638,
Shot 13:1656,
Shot 14:1692,1710,1701,1665,1683,1674,
Shot 15:1728,1746,1719,1737,
Shot 16:1755,1773,1764,
Shot 17:1791,1782,1800,
Shot 18:1827,1809,1836,1818,
Shot 19:1854,1863,
Shot 20:1872,1881,
Shot 21:1890,1899,
Shot 22:1908,
Shot 23:1917,1926,
Shot 24:1935,
Shot 25:1953,1944,1962,
Shot 26:2061,1971,2007,1980,2025,1989,2088,1998,2016,2043,2079,2034,2052,2070,
Shot 27:2097,
Shot 28:2394,2745,2691,2628,2232,2115,2664,2772,2871,2754,2727,2547,2709,2826,2790,2259,2187,2808,2763,2601,2673,2655,2736,2223,2862,2520,2565,2160,2277,2502,2493,2241,2538,2718,2799,2205,2817,2637,2835,2466,2448,2358,2331,2142,2457,2430,2124,2349,2385,2286,2340,2475,2844,2403,
Shot 29:2880,2907,2898,2889,
Shot 30:2979,3033,3015,2997,2916,2934,3006,2988,2952,2925,2970,
Shot 31:3060,3078,3042,3069,3051,
Shot 32:3087,
Shot 33:3096,
Shot 34:3132,3150,3141,3105,3114,3123,
Shot 35:3159,3168,
Shot 36:3177,
Shot 37:3195,3204,3186,
Shot 38:3213,
Shot 39:3222,
Shot 40:3231,3240,
Shot 41:3249,
Shot 42:5454,4896,3807,5607,5004,5085,5544,3834,5022,4149,3330,5733,5598,5184,5841,5922,3996,5859,5058,4941,5787,3816,3258,5517,5112,3951,5562,4077,4302,3672,5013,3915,4311,4347,5553,4959,4932,5490,4329,5643,5913,5652,5391,4986,4356,3879,4689,4032,4338,5679,5499,5589,3753,4977,4995,4095,5481,5724,4086,4734,5940,3348,5634,4068,3285,4320,4581,3393,4752,5661,5508,5094,4176,5175,5760,3771,5526,3762,5769,5535,5625,4482,4185,3825,3780,4023,5220,3870,5706,5697,3339,5121,4788,4518,5715,3384,3357,4761,3843,4194,3708,
