Shot 0:27,63,9,18,
Shot 1:72,
Shot 2:90,135,81,
Shot 3:153,207,144,
Shot 4:225,351,333,315,387,288,342,324,369,306,360,216,
Shot 5:396,
Shot 6:414,423,405,
Shot 7:459,450,486,468,432,
Shot 8:495,531,504,
Shot 9:810,549,567,630,702,774,540,792,828,639,783,
Shot 10:837,
Shot 11:864,1098,990,918,963,1008,1053,900,1080,954,909,891,999,846,927,855,981,
Shot 12:1116,
Shot 13:2016,2502,2070,1638,1827,2304,1386,2205,1314,2241,1188,1656,2052,1305,1773,1683,1404,1719,2178,1359,2421,2259,2439,1125,1476,1269,2493,2376,1611,1782,1917,1323,1890,2214,1449,1674,1962,2358,2223,2034,2277,1746,2115,1539,1710,1368,2484,1872,2250,2187,1737,1971,2430,1908,2457,1260,2025,2232,2475,2196,1980,2268,1278,1809,1395,1755,1728,1602,1332,1143,1863,1791,1854,1818,1620,1431,1377,
Shot 14:2709,2790,2772,2646,2628,2673,2511,2754,2736,2664,2691,2781,2808,2763,2637,2574,2727,2799,2700,2610,
Shot 15:2844,3051,2943,2907,2988,3033,2826,2880,2871,2934,2898,2916,3042,2817,
Shot 16:3132,3555,3258,3348,3582,3906,3735,3420,3636,3753,3681,3285,3312,3276,3600,3744,3843,3825,3861,3816,3645,3708,3807,3204,3690,3330,3069,3717,3672,3294,3780,3852,3654,3924,3591,3303,3213,3339,3321,3366,3123,3915,3897,3267,3141,
Shot 17:4032,4023,3969,3960,
Shot 18:4536,4311,4041,4257,4617,4113,4329,4509,4203,4221,4482,4212,4320,4176,4599,4077,4059,4581,4374,4635,4230,4500,4185,4266,4455,4446,4410,4149,4518,4383,4464,4491,4572,4563,4050,4527,4554,4608,4626,
Shot 19:4689,4734,4716,4644,4707,
Shot 20:5130,5058,4815,5157,4788,4950,5085,4878,5148,5112,5067,5139,
