Shot 0:774,1611,36,1296,441,1404,1530,1548,243,1242,603,1629,1566,1521,1071,1539,1593,414,927,1620,450,1584,1557,1602,675,918,693,1251,468,504,1476,639,954,1035,864,1134,531,900,1017,1314,1161,1368,621,747,855,1170,486,459,1044,513,1422,684,720,1449,828,801,549,1062,522,666,1386,630,648,765,783,9,54,1152,567,45,
Shot 1:1638,
Shot 2:1800,1692,1737,1647,1890,1908,1755,2115,1728,1881,1971,2034,1863,1773,1917,1935,1872,1854,1764,1980,2223,1782,1827,1845,1962,1899,1944,1746,1818,1791,
Shot 3:2655,2394,2250,2340,2682,2448,2322,2367,2349,2520,2313,2331,2574,2295,2376,2358,2385,2547,2466,2412,2403,2673,
Shot 4:2736,2709,2691,2763,2718,2700,2745,2754,2727,
Shot 5:2853,2790,2808,2799,2844,2871,2781,2772,2817,2826,2835,2862,
Shot 6:2889,2880,2898,
Shot 7:2907,
Shot 8:2916,2925,
Shot 9:2934,
Shot 10:2943,2988,2961,2970,2979,2952,
Shot 11:2997,3006,
Shot 12:3015,
Shot 13:3024,3033,
Shot 14:3078,3042,3051,3087,3060,3069,
Shot 15:3780,3096,3159,3726,3627,3303,3123,3591,3483,3339,4014,3177,3762,3411,3501,3636,3357,3708,3150,3771,3681,3348,3879,3438,3366,3276,3465,3807,3717,3213,3897,3492,3582,3384,3663,3861,3978,3447,3402,3330,3393,3420,3375,3888,3168,3456,3429,3870,3852,3789,
Shot 16:4158,4176,4104,4140,4167,4095,
Shot 17:4581,4410,4491,4320,4437,4239,4185,4464,4392,4284,4302,4248,4374,4212,4356,4401,4482,4293,4221,4383,4230,4311,4734,4266,4446,4869,4707,4329,4419,4536,4257,4194,4500,4788,4644,4203,4851,4275,4518,4626,4761,4599,4554,
