Shot 0:9,243,
Shot 1:495,252,261,270,288,306,504,396,
Shot 2:513,522,
Shot 3:612,909,792,693,900,846,936,756,720,882,864,819,549,666,918,729,747,855,891,873,684,630,585,738,648,702,558,576,657,621,603,
Shot 4:1026,1098,954,1107,1017,1053,1008,972,990,1044,1071,1089,945,999,1035,
Shot 5:1323,1467,1224,1170,1116,1134,1287,1422,1188,1377,1305,1485,1260,1449,1143,1386,1404,1359,1125,1161,1350,1296,1332,
Shot 6:1584,1683,1656,1638,1512,1629,1701,1674,1647,1539,1692,1602,1548,1530,1557,1665,1611,1593,1620,1575,
Shot 7:1746,1710,1719,1728,1755,
Shot 8:1791,1809,1764,1800,1782,
Shot 9:1827,1926,2025,2097,2052,1944,1899,1998,1854,1872,2043,2124,2070,2034,1971,2016,1863,1908,1935,1881,2079,2106,1890,1836,1845,1818,1989,
Shot 10:2151,2133,2160,
Shot 11:2187,2268,2223,2241,2259,2214,2169,2205,2250,2196,2232,2178,
Shot 12:2286,2304,2295,2277,
Shot 13:2331,2340,2313,
Shot 14:2349,2367,2385,2376,2358,
Shot 15:2403,2394,2412,
Shot 16:2475,2421,2439,2511,2466,2448,2520,2457,2484,2493,2430,
Shot 17:2547,2628,2601,2565,2583,2556,2574,2529,2619,2610,2538,
Shot 18:2817,2646,2691,2943,2862,2718,2664,2889,2736,2772,2925,2700,2844,2637,2799,2682,2907,2655,2835,2934,2853,2916,2763,2880,2826,2790,2808,2781,
Shot 19:3042,3168,2979,2997,2970,3087,3006,3132,3015,3150,3033,3069,3051,3114,
Shot 20:3231,3348,3375,3303,3195,3276,3339,3213,3366,3204,3222,3258,3321,3186,3240,
Shot 21:3429,3393,3384,3411,3420,3438,3402,
Shot 22:3474,3510,3447,3528,3492,3501,3456,3483,3465,
Shot 23:3582,3537,3564,3546,3600,3555,3591,3573,
Shot 24:3771,3627,3690,3726,3681,3654,3798,3636,3708,3744,3609,3618,3672,3645,3717,3753,3780,3789,3762,3699,
Shot 25:3879,3987,3924,3807,3834,3906,3942,3843,3816,3951,3870,3960,3933,3852,3996,3915,
Shot 26:4032,4068,4050,4041,4059,4023,
Shot 27:4203,4122,4167,4230,4149,4077,4113,4176,4104,4140,4221,4158,4185,4095,4131,4086,4212,4194,
Shot 28:4266,4239,4284,4248,4275,4257,4293,
Shot 29:4356,4545,4518,4302,4446,4536,4491,4401,4311,4527,4464,4437,4329,4383,4419,4374,4347,4320,4482,4338,4392,4455,4500,4365,
Shot 30:4572,4554,4581,4563,
Shot 31:4599,4635,4617,4590,4608,
Shot 32:4671,4761,4752,4743,4734,4707,4662,4689,
Shot 33:4851,4779,4824,4797,4869,4815,4833,4770,4860,4842,4788,
Shot 34:4977,4923,4887,4932,4914,4905,4950,4878,4941,4995,4896,4959,4986,4968,
Shot 35:5022,5031,5013,
Shot 36:5049,5058,5040,
Shot 37:5067,5076,
Shot 38:5112,5085,5130,5094,5121,5103,
Shot 39:5202,5139,5157,5175,5247,5148,5166,5229,5184,5220,5193,5211,
Shot 40:5265,5301,5283,
Shot 41:5355,5310,5445,5319,5427,5400,5328,5337,5373,5346,
Shot 42:5544,5499,5463,5526,5481,5553,
Shot 43:5571,5580,
Shot 44:5643,5589,5670,5607,5625,5661,5634,5598,5652,
Shot 45:5706,5733,5679,5688,5724,5697,5715,
