Shot 0:135,9,126,144,
Shot 1:324,432,
Shot 2:567,684,1089,612,864,594,522,585,1125,513,882,549,837,531,900,504,495,603,576,540,
Shot 3:1134,1242,
Shot 4:1701,1296,1449,1404,1251,1512,1629,1332,1539,1665,1683,1692,
Shot 5:1809,1962,1728,1863,1935,1971,1746,1890,1710,1845,1827,1791,
Shot 6:2007,2124,2034,1989,
Shot 7:2322,2232,2259,2421,2466,2295,2385,2403,2430,2241,2394,2412,2448,2376,2277,2331,
Shot 8:2475,
Shot 9:2574,2511,2556,2520,2493,2529,2502,2592,2583,
Shot 10:2826,2610,2655,
Shot 11:3033,3105,3060,3006,
Shot 12:3240,3123,3249,3222,
Shot 13:3276,3357,3339,3312,3330,3348,3321,3294,3258,3303,3267,3285,
Shot 14:3456,3555,
