Shot 0:45,252,180,108,225,243,117,207,63,9,135,144,99,81,171,18,153,54,162,90,72,27,36,
Shot 1:297,288,342,279,324,315,333,270,306,
Shot 2:351,
Shot 3:360,396,369,387,378,
Shot 4:450,423,486,432,477,405,468,441,459,414,
Shot 5:495,594,540,531,558,549,567,504,522,513,
Shot 6:639,675,621,630,648,
Shot 7:765,801,819,792,846,693,
Shot 8:891,900,909,864,873,
Shot 9:999,1053,972,1017,927,1035,1026,945,1044,1008,
Shot 10:1071,1062,1080,
Shot 11:1089,
Shot 12:1098,1107,
Shot 13:1125,1161,1143,1116,
Shot 14:1170,1197,1179,1188,
Shot 15:1206,1215,
Shot 16:1323,1287,1269,1296,1242,1278,1224,1251,1233,1305,1314,
Shot 17:1503,1332,1467,1413,1485,1440,1476,1521,1350,1494,1341,1512,1359,
Shot 18:1539,1593,1557,1566,1548,1530,
Shot 19:1611,1620,
