Shot 0:27,117,9,54,90,18,
Shot 1:180,261,144,207,
Shot 2:297,369,270,351,
Shot 3:459,648,531,576,549,621,513,486,540,441,468,450,522,
Shot 4:729,846,675,792,
Shot 5:882,1062,990,1026,963,918,1044,900,864,
Shot 6:1107,1143,1071,
Shot 7:1215,1152,1269,1161,1251,1188,1242,1179,1260,1233,1197,1206,1224,
Shot 8:1287,1278,1296,
Shot 9:1323,1341,
Shot 10:1422,1431,
Shot 11:1449,
Shot 12:1485,1512,1458,1530,1476,
Shot 13:1593,1629,1647,1539,1638,1611,1575,
Shot 14:1701,1656,1674,1692,
Shot 15:1755,1791,1827,1872,1719,1737,1863,1782,1800,1746,1764,
Shot 16:1926,
Shot 17:2142,2043,2061,2097,2160,2124,2016,
Shot 18:2259,2187,2223,2205,2241,2268,
Shot 19:2358,2439,2304,2421,2340,2322,2376,
Shot 20:2538,2466,2502,2484,2529,2511,2547,
Shot 21:2574,2700,2664,2637,2682,2556,
Shot 22:2745,
Shot 23:2916,2844,2889,2817,2763,2862,2898,2799,2880,2907,2925,
Shot 24:3006,2943,2970,3015,2988,2997,
Shot 25:3078,3024,3141,3123,3051,3060,3096,
Shot 26:3168,3213,3186,3150,3177,3159,3195,
Shot 27:3249,3276,3231,
Shot 28:3357,3402,3303,3375,3330,
Shot 29:3465,3411,3447,3492,
Shot 30:3582,3501,3528,3609,3510,3564,3573,3600,3591,
Shot 31:3753,3672,3717,3618,3780,3735,3699,3726,3771,3789,3654,3744,3762,3708,
Shot 32:3870,3933,3798,3915,3897,3861,3879,
Shot 33:4005,4149,4095,4059,3969,3987,4023,
Shot 34:4311,4176,4221,4266,4248,4302,4293,4329,
Shot 35:4383,4347,4365,4401,
Shot 36:4446,
Shot 37:4491,4545,4698,4608,4581,4662,4527,4473,
Shot 38:4842,4725,4806,4779,4851,
Shot 39:4869,
Shot 40:4878,
Shot 41:4968,4941,4977,4950,4959,
Shot 42:5022,5094,5004,
Shot 43:5283,5103,5193,5175,5229,5211,5265,5319,5184,5301,
Shot 44:5355,5517,5778,5697,5580,5337,5733,5445,5544,5616,5391,5418,5643,5490,5346,5625,5562,
Shot 45:5805,
Shot 46:5886,5913,5904,5859,
Shot 47:6012,5922,5976,6030,5994,5940,
Shot 48:6192,6075,6237,6120,6048,6147,6219,6093,6174,6066,6084,6183,6201,
Shot 49:6273,6354,6327,6399,6300,6246,
Shot 50:6561,6426,6471,6525,6597,6498,6579,6543,
Shot 51:6624,6633,6615,
Shot 52:6660,6687,6651,6669,
Shot 53:6714,6759,6741,6750,6723,6705,
Shot 54:6777,6768,6786,
Shot 55:6795,
Shot 56:6813,6831,6804,6822,
Shot 57:6912,6948,6939,6876,6930,6894,6921,6903,
Shot 58:6957,
