Shot 0:9,36,27,
Shot 1:63,45,54,72,
Shot 2:81,90,
Shot 3:108,99,117,
Shot 4:126,144,
Shot 5:243,180,198,162,252,
Shot 6:1296,261,927,288,1584,603,1548,1854,585,801,1242,567,1539,1557,1251,1521,1512,1224,1530,1260,1836,909,621,279,1566,891,1269,
Shot 7:2583,1899,2214,3456,2862,2520,2547,2844,1872,3168,3465,2529,3483,2556,2196,3474,2826,2898,2232,2538,2853,2088,3285,2565,3150,2835,2817,2871,2205,3186,1890,2880,
Shot 8:3537,3816,3492,3501,3807,3798,3510,3789,
Shot 9:3825,
Shot 10:3834,
Shot 11:3861,3843,3879,3870,3852,
Shot 12:3906,
Shot 13:3915,
Shot 14:3924,3933,
Shot 15:4239,4248,
