Shot 0:9,
Shot 1:207,405,396,171,387,180,189,198,
Shot 2:639,423,621,873,612,864,630,648,
Shot 3:2160,900,1188,1764,1791,1539,1908,2034,1170,1386,1890,1557,1395,1161,1773,1377,1548,2043,2025,1566,1413,1152,1926,1575,2178,1179,2052,1800,891,2016,1143,1404,2169,2097,
Shot 4:2187,
Shot 5:2799,2349,2601,2565,2772,2367,3006,2385,2781,2574,2358,2583,2997,2763,2790,2376,
Shot 6:3105,3123,3024,3033,
Shot 7:3132,
Shot 8:3411,3519,3510,3375,
Shot 9:5382,4986,4563,3735,4302,4014,5031,3699,4212,5004,4545,3996,3717,3528,4869,4860,5130,4554,5013,5148,3726,3987,4536,4203,4221,4878,4995,3537,4005,4194,3708,5409,5157,4527,4023,3744,4887,3546,5022,
Shot 10:5418,
Shot 11:5634,
Shot 12:5661,5679,5643,5670,5652,
Shot 13:5706,5751,5733,5724,5688,
