Shot 0:414,639,747,702,522,693,720,612,216,117,774,180,675,36,684,126,621,189,153,585,279,108,765,306,603,738,756,468,630,360,162,657,99,711,450,369,333,171,198,288,729,441,540,252,315,648,297,666,378,207,144,261,531,576,594,387,
Shot 1:783,
Shot 2:801,792,810,
Shot 3:990,1215,864,1152,819,1197,1089,1179,945,837,1206,1188,1026,918,1053,1161,1017,1143,1035,855,1008,828,1134,936,954,1170,873,1044,999,1071,972,846,
Shot 4:1224,
Shot 5:1233,
Shot 6:1323,1458,1386,1242,1422,1260,1359,1278,1404,1341,1467,1350,1440,1287,1395,1305,1269,1251,1413,1431,1377,1449,1314,1332,
Shot 7:1476,
Shot 8:1494,1485,1503,
Shot 9:1512,
Shot 10:1521,
Shot 11:1584,1530,1629,1557,1611,1548,1638,1620,1575,1602,1593,1539,
Shot 12:1647,1656,
Shot 13:1674,1665,1683,
Shot 14:1710,1692,1719,1701,
Shot 15:1728,
Shot 16:1737,
Shot 17:1746,1755,
Shot 18:1764,1773,
Shot 19:2070,2133,1854,1791,1962,1989,2124,1980,1953,2115,2106,1836,1998,1800,2034,1971,1845,1890,2097,2025,1944,2052,2079,1863,
Shot 20:2142,2151,
Shot 21:2160,
Shot 22:2196,2214,2169,
Shot 23:2223,2259,2250,2232,
Shot 24:2277,2295,2286,2304,2268,
Shot 25:2313,2322,
Shot 26:2367,2394,2358,2385,
Shot 27:2403,2412,
Shot 28:2421,
Shot 29:2430,
Shot 30:2439,
Shot 31:2448,2457,
