Shot 0:180,108,162,135,9,198,
Shot 1:846,702,459,810,234,585,432,891,378,783,936,513,324,279,738,666,495,828,621,558,648,864,261,531,288,720,837,801,819,855,
Shot 2:1017,972,1071,1044,990,1026,1008,
Shot 3:1242,1152,1188,1332,1107,1287,1215,1170,1134,1314,1269,1296,1260,1233,
Shot 4:2853,2457,1368,1548,2079,2151,1863,2313,2376,2556,1593,1674,2502,2430,1935,2016,1737,1485,2799,1998,2637,2295,1629,1971,2403,1908,1413,2034,1881,2232,1449,1530,1809,2754,1566,1953,2061,2358,2259,1710,2331,1845,2097,2880,2664,1512,2475,2520,1395,1584,2115,2709,2538,1602,2214,2277,2241,2835,1539,2682,1890,2574,1773,2223,2448,1467,1872,2133,2070,1611,2250,2466,1557,2691,2862,2106,
Shot 5:2943,2997,3015,2961,3006,2979,2916,2988,2898,
Shot 6:3195,3501,3618,3600,3024,3384,3366,3042,3519,3339,3150,3465,3033,3078,3627,3546,3420,3105,3375,3303,3177,3060,3357,3258,3528,3393,3555,
Shot 7:3690,3654,3771,3645,3663,3762,3672,3708,
Shot 8:3789,3780,3798,
Shot 9:3924,4401,4158,3807,3843,4032,4356,4095,3897,4014,4176,4293,4131,4374,3987,3951,3906,3879,4419,4041,4050,3969,4023,3915,3825,3861,4203,3933,3816,
Shot 10:4716,4851,4608,4437,4473,4680,4464,4500,4815,4860,4689,4455,4833,4761,4842,4428,4824,4653,4734,4545,4446,4707,
Shot 11:4950,5391,5607,5535,5193,5679,5238,5472,4869,5157,5319,5643,5103,5265,4995,5589,5040,5661,5211,5454,4887,5751,5490,5175,5121,5616,5436,5004,5634,5094,5031,5013,5463,4905,5499,5373,4878,4968,5067,5598,5562,5481,4923,5049,5517,
Shot 12:5868,5769,5814,5796,5958,5841,5778,5805,5823,5850,5940,5877,5859,
