Shot 0:9,180,
Shot 1:495,
Shot 2:630,540,603,594,585,621,
Shot 3:657,738,
Shot 4:900,783,855,1017,1089,954,999,1062,1080,981,963,1044,1008,873,927,864,882,945,909,918,936,891,1071,
Shot 5:1359,1404,1251,1377,1350,1260,1368,
Shot 6:1449,
Shot 7:1674,1782,
Shot 8:1944,1962,1953,1890,
Shot 9:2727,2178,2619,2322,2637,2862,2034,2628,2421,2844,2592,2250,2547,2664,2610,2691,2745,2583,2709,2646,2394,2736,2700,2718,2565,
Shot 10:3123,3132,
Shot 11:3348,3402,3393,
Shot 12:3429,3447,3465,
Shot 13:3546,3519,3510,3528,3564,3537,3555,
Shot 14:3690,3888,3789,3600,3816,3753,3618,3852,3654,3591,3807,3636,3744,3834,3582,3798,3645,3627,3735,3663,3780,3879,3708,3825,3672,3699,3681,
Shot 15:3915,3942,3924,3906,3897,3933,
Shot 16:3987,3951,4023,3969,4005,
Shot 17:4194,4041,4140,
Shot 18:4293,4230,4428,4356,4419,4275,4284,4311,
Shot 19:4572,4617,4527,4590,
