Shot 0:72,153,9,117,126,45,99,63,90,81,
Shot 1:351,180,207,234,279,216,297,243,324,369,342,270,225,360,
Shot 2:531,828,1782,846,396,864,1098,819,837,405,1107,783,387,765,792,720,1413,1872,873,1188,1089,450,810,945,747,459,927,1116,585,1026,558,2169,729,900,1305,882,756,981,711,468,1062,1008,1152,1224,603,1494,486,936,1989,738,594,891,702,
Shot 3:2187,
Shot 4:2196,
Shot 5:2205,
Shot 6:2286,2214,2232,2241,2250,2259,2304,2268,2277,
Shot 7:2349,2340,2358,
Shot 8:2367,
Shot 9:2403,2376,2385,2439,2448,2394,2430,
Shot 10:2457,
Shot 11:2466,
Shot 12:4437,4194,3645,4239,4131,2475,3942,3528,5157,4095,4023,3969,4284,4302,4995,3951,3537,4149,4401,4653,5076,3933,5139,4050,4311,4167,5031,4293,4203,4275,4635,4923,4005,5166,4320,4590,4113,4671,4392,3618,4482,4608,4428,4248,4446,
Shot 13:5193,
Shot 14:5211,5517,5652,5553,5490,5499,5508,5301,5436,5409,5481,5643,5283,5472,5202,5328,5229,
Shot 15:5661,5670,
Shot 16:5679,5688,
Shot 17:5724,5706,5751,5697,5715,5733,
Shot 18:5760,5769,
Shot 19:5778,
Shot 20:5787,
Shot 21:5796,
Shot 22:5805,
Shot 23:5823,6147,5904,6255,5985,6012,5859,5814,6228,5832,
Shot 24:6300,6327,6309,
