Shot 0:9,
Shot 1:666,792,765,702,882,774,756,603,837,630,783,738,711,639,657,720,648,747,873,729,612,684,801,621,675,693,855,
Shot 2:1161,1035,891,990,927,954,1152,
Shot 3:1395,1314,1431,1260,1539,1278,1251,1287,1458,1503,1332,1422,
Shot 4:1611,1764,1818,1710,1845,1800,1737,1557,1782,1674,1647,1692,1836,1566,1629,1755,1827,1575,1593,1602,
Shot 5:1872,1917,
Shot 6:2070,1980,2052,2079,
Shot 7:2115,2088,2133,2097,2124,2106,
Shot 8:2313,2250,2268,2142,2178,2223,2349,2160,2277,2259,2295,2322,
Shot 9:2493,2439,2448,2376,2547,2457,2529,2475,2538,2520,2394,2502,
Shot 10:2556,2565,
Shot 11:2601,2583,2619,2592,
Shot 12:2637,
Shot 13:2745,2691,2817,2799,2664,2736,
Shot 14:3132,2907,2826,
Shot 15:3627,3321,3465,3906,3474,3618,
Shot 16:3915,
Shot 17:4023,3960,4068,3996,4032,4014,4005,4050,
Shot 18:4086,4140,4383,
Shot 19:4509,4608,4545,4554,4581,4491,4527,
Shot 20:4653,4617,4680,4671,4635,4662,
Shot 21:4689,4698,
Shot 22:4743,4806,4770,4788,4707,4716,4797,4752,4725,4734,
Shot 23:4896,5409,5193,4833,5184,4887,
Shot 24:5508,
