Shot 0:9,144,
Shot 1:189,
Shot 2:360,387,
Shot 3:630,1620,900,720,1116,540,1044,1503,1395,954,441,657,1197,1350,396,1557,684,819,468,567,1008,423,1458,1035,477,1278,585,459,747,693,918,
Shot 4:1629,
Shot 5:1665,1656,2142,
Shot 6:2151,2178,
Shot 7:2448,2187,2304,2439,2673,
Shot 8:2682,2709,
Shot 9:2934,3402,3303,3195,3024,2718,2862,3078,3249,3339,3114,3312,2880,3006,2736,
Shot 10:3438,
Shot 11:3447,
Shot 12:3474,
Shot 13:4500,4608,3573,3771,3483,4293,4347,4356,3996,4599,4455,4095,4203,3654,
Shot 14:4698,4707,
Shot 15:5769,6192,5472,5229,5598,5364,5904,5661,6156,5067,5148,5616,4734,5310,5715,5526,5283,5751,5589,5355,5778,
