Shot 0:18,216,54,189,45,99,63,243,126,171,144,81,36,162,9,27,
Shot 1:270,306,261,279,
Shot 2:630,369,693,531,333,423,657,558,603,504,468,405,684,666,648,576,639,621,
Shot 3:801,891,756,855,837,873,738,774,819,783,765,846,864,792,828,882,747,900,
Shot 4:1035,1161,1098,1134,936,1071,1062,1080,1107,1125,909,918,
Shot 5:2151,1701,1215,1845,1467,1341,2034,1773,1953,1638,1395,1251,1755,1980,1935,1539,1413,1368,2196,1197,1296,1998,1440,2088,1611,2016,1674,1746,1233,1917,2052,1962,1809,1890,1971,1620,1431,1458,1827,1899,1764,1728,2097,1863,1224,1782,2115,1836,2178,
Shot 6:2205,2214,
Shot 7:2241,2223,2232,2250,
Shot 8:2385,2259,2331,2295,2277,2421,2358,2313,2268,2403,2304,2376,
Shot 9:3672,2934,2646,3375,2547,3519,3177,4059,3573,3033,2790,2502,3978,3429,4131,3897,3735,3942,2439,2610,3312,2673,4113,4086,3483,2664,2979,3555,2466,2520,2484,2628,2700,3591,2880,3834,3087,3915,3348,3933,2583,3465,4095,3393,3960,3222,3699,2763,2997,2835,3123,3564,3492,2565,3951,4122,4032,2907,3339,2961,3888,3996,3906,3609,2655,2682,2727,3051,3582,3537,3789,3024,4068,3717,3861,3330,3384,2970,3636,2988,4014,4041,3420,3600,3663,3681,3357,
Shot 10:4356,4230,4158,4275,4194,4392,4176,4248,4320,4311,4338,4257,4365,4329,4347,4374,
