Shot 0:198,9,144,
Shot 1:486,387,513,414,405,396,459,504,423,468,441,450,378,432,495,477,
Shot 2:576,612,639,657,666,522,558,603,648,540,549,630,585,567,531,
Shot 3:801,720,702,729,684,747,711,774,675,756,783,693,792,810,
Shot 4:864,828,837,819,846,855,
Shot 5:873,882,
Shot 6:1170,1143,891,1152,1188,1161,1179,
Shot 7:1233,1260,1197,1215,1242,1206,1224,1251,
Shot 8:1287,1269,1278,1296,
Shot 9:1305,
Shot 10:1368,1449,1539,1467,1323,1404,1485,1440,1503,1431,1530,1458,1512,1476,1422,1395,1341,1314,1359,1386,1332,
Shot 11:1557,1611,1593,1548,1584,1575,1602,1566,
Shot 12:1620,
