Shot 0:9,261,126,108,45,333,288,18,252,
Shot 1:342,414,
Shot 2:486,522,
Shot 3:558,531,540,549,576,
Shot 4:819,648,666,738,621,765,639,612,657,594,783,693,747,846,801,756,
Shot 5:1440,1674,1638,945,1062,1107,1764,1242,1359,918,990,1575,1080,1584,1413,1683,1494,1809,1422,1449,1647,
Shot 6:3393,2205,1980,3600,2106,2259,2169,3591,1953,2412,2916,2142,2214,2052,2583,3105,2313,2187,2025,3033,2232,1935,2331,2889,2079,2133,2196,2439,2007,2727,3177,3078,1989,3564,2097,2151,2790,2160,2304,2295,2664,2457,2988,2223,2250,2925,2178,2826,3303,2952,1971,3447,3123,2277,1998,2124,2241,3582,2043,2322,2115,2367,2286,2088,2061,3249,1962,2034,2430,3546,1944,2070,2421,2016,2673,2448,3096,3186,3456,2781,3402,
Shot 7:3717,4086,3609,3618,3744,3762,3735,3645,3807,3780,3726,
Shot 8:4104,4374,4212,4158,4347,4122,4194,4113,4095,
Shot 9:4572,4734,4428,4716,4626,4698,4743,4707,4725,4644,4617,4608,4662,4653,4500,4680,
Shot 10:4986,4761,4824,4869,4806,5166,5409,4941,5310,5265,4905,5103,4950,5346,4959,5004,5418,4977,5337,5175,
Shot 11:5481,5463,5472,5490,
Shot 12:5742,5697,5814,5733,5643,5562,
Shot 13:6120,6948,6309,6246,6264,6453,6201,6291,6174,6057,6345,6273,6228,6030,6597,5994,6390,6210,6750,6255,6219,6363,6147,6426,6192,6507,6651,6534,6237,6687,6084,6381,6471,6165,6039,6318,6813,6102,6183,6282,6066,6300,6327,6921,7011,6048,6723,6138,6336,6111,6372,6156,6678,6354,6435,6480,6129,6939,6606,6660,6075,
Shot 14:7110,7164,7047,7065,7119,7083,7038,
Shot 15:7695,7362,7488,7200,7290,7479,7515,7452,7596,7272,7677,7344,7731,7668,7704,
