Shot 0:891,9,774,900,855,882,
Shot 1:990,963,1053,1215,972,945,1116,1026,954,1035,1179,1107,918,981,1017,909,1134,1080,927,1152,999,1062,1044,
Shot 2:1224,1233,
Shot 3:1251,1260,1242,
Shot 4:1296,1269,1278,1314,1287,
Shot 5:1323,
Shot 6:1332,
Shot 7:1341,
Shot 8:1350,1404,
Shot 9:1413,1422,
Shot 10:1458,1431,1440,1449,1467,
Shot 11:1575,1674,1485,1530,1611,1629,1638,1539,1494,1656,1476,1593,1512,1665,1647,1584,1602,1566,1620,1548,
Shot 12:1683,
Shot 13:1692,1710,1719,1701,
Shot 14:1746,1782,1764,1728,1737,1773,1755,
Shot 15:1836,1845,1800,1809,1818,1854,1827,1791,
Shot 16:1890,1863,1881,1872,
Shot 17:1917,1935,1899,1926,1908,
Shot 18:1944,
Shot 19:1998,1953,1980,1989,1962,1971,
Shot 20:2016,2025,2007,2034,2052,2061,2043,
Shot 21:2070,
Shot 22:2205,2313,2394,2124,2268,2331,2178,2151,2160,2349,2133,2196,2142,2286,2358,2322,2385,2250,2376,2232,2367,2214,2295,2304,2169,2259,
Shot 23:2421,2457,2475,2448,2403,2439,2466,2430,2412,
Shot 24:2484,2493,
Shot 25:2637,2574,2511,2529,2556,2655,2565,2628,2583,2547,2502,2538,2619,2520,2601,2592,2610,2646,
Shot 26:2664,
Shot 27:2718,2673,2691,2682,2709,2700,
Shot 28:2754,2727,2772,2745,2763,2781,2736,
