Shot 0:9,
Shot 1:216,
Shot 2:504,243,450,711,774,441,702,486,459,270,252,513,
Shot 3:990,864,1053,945,855,1035,963,1044,1026,909,891,981,972,999,
Shot 4:1062,
Shot 5:1080,1260,1125,1170,1278,1188,1134,1071,
Shot 6:1287,
Shot 7:1296,1305,
Shot 8:1539,1314,1332,1692,1710,1683,1377,1413,1620,1341,1503,1440,
Shot 9:1863,1881,
Shot 10:1917,1908,1998,
Shot 11:2016,2088,2007,
Shot 12:2097,2232,2223,2187,
Shot 13:2241,
Shot 14:2520,2538,2421,2529,2502,
Shot 15:2727,2574,2979,2781,2628,2547,2934,2844,2925,2691,2916,2754,2943,2556,2898,2772,2601,2871,2745,2826,2790,2673,2763,2907,2997,2799,2565,2709,2655,2592,2736,2718,2961,2862,
Shot 16:3105,3285,3195,3222,3015,3267,3204,3069,3024,3033,3258,3168,3231,3213,3141,3249,3006,3051,3240,3042,3186,3078,3096,3177,3114,
Shot 17:3294,3303,
Shot 18:3708,3636,3420,3312,3591,3690,3402,3474,3564,3528,3672,3492,3627,3816,3699,3654,3807,
Shot 19:3834,3825,3843,
Shot 20:3924,3861,3870,3888,3978,3960,3897,3906,3933,3915,
Shot 21:4095,3987,4113,4104,4086,
Shot 22:4122,
Shot 23:4347,
Shot 24:4356,
Shot 25:4437,
