Shot 0:18,135,90,108,81,126,99,63,9,45,27,
Shot 1:162,171,153,
Shot 2:180,189,
Shot 3:207,216,198,
Shot 4:225,
Shot 5:243,261,234,252,
Shot 6:270,
Shot 7:279,
Shot 8:297,306,288,
Shot 9:423,369,468,333,315,396,351,459,387,324,405,441,378,360,414,432,
Shot 10:477,
Shot 11:603,486,504,549,594,639,585,495,630,612,648,531,
Shot 12:666,675,
Shot 13:702,684,720,711,693,
Shot 14:765,738,792,747,756,783,774,
Shot 15:801,810,
Shot 16:819,855,
Shot 17:882,864,891,873,
Shot 18:1053,900,963,927,972,1089,990,1026,918,1080,999,1044,1062,
Shot 19:1197,1116,1161,1260,1107,1134,1233,1152,1179,1125,1170,1242,1143,1251,1206,1224,1188,
Shot 20:1323,1278,1296,1305,1332,1314,
Shot 21:1395,1467,1350,1449,1368,1440,1422,1359,1377,1404,
Shot 22:1485,1494,1476,
Shot 23:1593,1539,1566,1611,1512,1575,1584,1602,1557,
Shot 24:1683,1620,1737,1629,1647,1656,1710,1665,
Shot 25:1746,
Shot 26:1755,
Shot 27:1827,1764,1773,1791,1800,1872,1854,1782,1890,
Shot 28:1926,1908,1917,1935,
Shot 29:1980,1953,1962,2016,1971,2061,
Shot 30:2133,2241,2403,2340,2466,2367,2277,2313,2169,2448,2106,2358,2196,2385,2349,2151,2430,2223,2115,2376,2124,
