Shot 0:45,171,99,144,9,18,81,153,54,36,
Shot 1:189,180,198,
Shot 2:243,207,225,234,252,
Shot 3:261,
Shot 4:270,
Shot 5:495,306,666,297,450,513,558,279,378,441,360,477,
Shot 6:738,747,
Shot 7:810,765,792,774,756,801,
Shot 8:819,
Shot 9:846,828,837,
Shot 10:855,864,
Shot 11:891,873,882,
Shot 12:1125,927,1089,1098,900,1107,1134,1080,1116,
Shot 13:1152,1161,1143,
Shot 14:1179,1170,1188,
Shot 15:1215,1224,1206,
Shot 16:1656,1683,1593,1251,1638,1242,1620,1674,1692,1737,1710,1260,1494,1728,1611,1701,1233,1629,1719,1413,1647,1665,1368,
Shot 17:1746,
Shot 18:1773,1809,1800,1791,1755,1764,1782,
Shot 19:1818,1827,
Shot 20:2538,2133,1854,3123,2979,2079,2187,3303,3420,2160,1935,2151,2007,2781,2214,2088,3015,2178,2961,2124,3249,2061,3168,2286,1836,2430,2610,2970,2043,2232,3213,2916,2754,2718,2502,2952,2142,3087,1899,2394,2646,2988,2484,3141,3195,2268,2313,2475,2520,2700,2574,3069,2592,2412,2421,2250,2736,2673,3132,2934,2556,2223,2817,
Shot 21:3429,
Shot 22:3546,3438,3690,3582,3501,
