Shot 0:9,45,
Shot 1:135,162,
Shot 2:297,351,333,270,315,261,279,288,306,
Shot 3:441,432,423,378,405,459,360,450,468,
Shot 4:486,495,
Shot 5:738,765,522,684,711,567,756,576,702,666,657,747,720,603,513,639,531,594,
Shot 6:801,828,783,792,
Shot 7:999,1062,918,945,837,1152,1044,900,864,927,936,1107,981,972,1026,1035,855,1008,1017,990,
Shot 8:1359,1179,1215,1197,1422,1242,1161,1224,1413,1458,1287,1278,1404,1386,1440,1341,
Shot 9:1539,1476,1512,1557,1530,1548,
Shot 10:1719,1683,1710,1728,
Shot 11:1890,1764,1836,1845,1881,1899,
Shot 12:1962,1989,1908,
Shot 13:2196,2322,2277,2052,2250,2142,
Shot 14:2583,2709,2448,2682,2520,2394,2502,2691,2556,2673,2637,2700,2385,2592,
Shot 15:2790,2970,2880,2754,2817,2745,2781,
Shot 16:3141,3051,3069,3114,3159,
Shot 17:3618,3312,3474,3555,3519,3438,3501,3636,
Shot 18:3771,3672,3906,3699,3726,3843,3807,3744,3789,3753,
