Shot 0:9,774,
Shot 1:936,1143,1062,846,1017,1026,783,999,1125,810,864,1116,1089,792,855,837,828,1008,1044,1161,900,801,1053,882,990,1098,954,1035,1107,819,945,981,1071,1134,909,873,963,1080,972,
Shot 2:1314,1188,1215,1170,1332,1206,1197,1287,1179,1269,1323,1251,1260,1224,1278,1296,1242,1305,
Shot 3:1458,1449,1359,1341,1431,1350,1395,1422,1485,1494,1476,1512,1503,1440,1386,1467,1377,
Shot 4:1548,1530,1557,1521,1539,
Shot 5:1602,1566,1701,1575,1584,1692,1674,1656,1620,1647,1611,1629,1593,1665,1683,1638,
Shot 6:1710,
Shot 7:1818,1890,1755,1872,1845,1881,1863,1836,1854,1809,1773,1782,1827,1737,1764,1800,1791,1728,
Shot 8:1971,1989,1899,1980,1935,1953,1926,1944,1962,1908,
Shot 9:2196,1998,2034,2052,2007,2016,2025,2043,2088,
Shot 10:2232,2322,
Shot 11:2349,2358,
Shot 12:2475,
Shot 13:2637,2700,
Shot 14:2916,2817,
Shot 15:3366,2943,3123,3096,3312,3420,3438,3456,3078,2934,3132,3501,
