Shot 0:42,168,7,91,112,14,203,63,21,77,126,196,105,28,140,189,35,49,
Shot 1:224,
Shot 2:301,231,371,238,245,252,266,259,273,280,294,315,287,308,
Shot 3:441,476,525,490,448,
Shot 4:567,623,588,553,
Shot 5:651,
Shot 6:714,693,749,728,
Shot 7:784,973,945,896,770,854,924,987,868,763,840,959,798,777,938,819,980,910,
Shot 8:1015,994,1001,
Shot 9:1022,1043,
Shot 10:1057,1071,
Shot 11:1218,1099,1092,1148,1190,1127,1078,1204,1197,1141,1176,1106,1225,1211,
Shot 12:1232,
Shot 13:1246,1239,1253,
Shot 14:1260,
